Phase Band Mag Sigma
14.1938067428569 B 15.6800188309 0.01
40.8690572114865 B 17.5660102729 0.023
99.1784822618246 B 18.484 0.018
-6.53271440047821 B 14.8865223937 0.01
-3.62268707663308 B 14.6087259957 0.01
-2.6328818644392 B 14.5714209123 0.01
-1.65297470436206 B 14.5904855157 0.01
-0.593883127314892 B 14.4980451482 0.01
0.38602403275504 B 14.5303043176 0.01
1.38572729707288 B 14.5414690091 0.01
3.36533772146066 B 14.6368696439 0.01
4.35514293365454 B 14.6564073752 0.01
6.33475335804232 B 14.8346965654 0.01
8.30446573030614 B 14.9714083853 0.01
10.2048917377167 B 15.2217412083 0.01
12.1944002142284 B 15.4180850971 0.01
13.2336956870277 B 15.5509081391 0.01
17.2127126400511 B 16.0741802255 0.011
19.1626289080742 B 16.3083424131 0.014
21.1026471239734 B 16.4870193408 0.017
23.0723594962372 B 16.7013671631 0.013
26.0813673413075 B 16.9992730419 0.018
29.0309868736484 B 17.1920402878 0.02
32.0399947187115 B 17.3276445709 0.048
34.9203278861992 B 17.4622265473 0.024
38.8894467870987 B 17.5843433362 0.024
42.8288715316263 B 17.6835844269 0.021
46.7979904325258 B 17.761111645 0.018
50.7770073855421 B 17.8946474584 0.049
55.6369509774175 B 17.8598982434 0.049
61.6351705633102 B 17.9254170499 0.034
66.5742985721557 B 18.046510397 0.026
77.4423598020477 B 18.267 0.02
89.3992067653516 B 18.486 0.041
-8.90824690975218 V 14.8922776704 0.01
-5.99821958590705 V 14.6087202584 0.01
-5.00841437371317 V 14.5326818018 0.01
-4.02850721363603 V 14.5995880648 0.01
-2.96941563658886 V 14.4520483341 0.01
-1.98950847651893 V 14.473533726 0.01
-0.989805212201089 V 14.4491275818 0.01
0.989805212186685 V 14.4725705385 0.01
1.97961042438057 V 14.4743160751 0.01
3.95922084876835 V 14.5511152603 0.01
5.92893322103216 V 14.6253252116 0.01
7.8293592284427 V 14.7852479513 0.01
9.81886770495443 V 14.8824715031 0.01
10.8581631777537 V 14.9400575892 0.01
14.8371801307771 V 15.2088496139 0.01
16.7870963988003 V 15.333201698 0.01
18.7271146146994 V 15.4377945973 0.01
20.6968269869632 V 15.5473338505 0.01
23.7058348320335 V 15.7318010445 0.011
26.6554543643745 V 15.9123445372 0.013
29.6644622094375 V 16.1890494338 0.032
32.5447953769252 V 16.3191621108 0.015
36.5139142778247 V 16.4870287292 0.01
40.4533390223524 V 16.5995853764 0.014
44.4224579232519 V 16.6989360654 0.017
48.4014748762681 V 16.8654106712 0.023
53.2614184681436 V 16.9303230479 0.024
59.2596380540362 V 17.0486044429 0.029
64.1987660628817 V 17.2443003866 0.025
75.0668272927737 V 17.542 0.021
87.0236742560776 V 17.919 0.04
11.8182742335829 V 15.022929084 0.01
38.4935247022125 V 16.5048274296 0.013
96.8029497525506 V 18.061 0.017
15.4805535187046 R 15.0932218014 0.01
42.1558039873342 R 16.2723451626 0.017
100.465229037672 R 18.116 0.013
-5.24596762463048 R 14.7716223307 0.01
-2.33594030078535 R 14.5256611365 0.01
-1.34613508859146 R 14.5099341904 0.01
-0.366227928514331 R 14.5097583277 0.01
0.69286364853284 R 14.4534411753 0.012
1.67277080860277 R 14.4613740219 0.01
2.67247407292061 R 14.451941844 0.01
4.65208449730839 R 14.4872520949 0.01
5.64188970950228 R 14.4855259459 0.01
7.62150013389005 R 14.6124823391 0.011
9.59121250615387 R 14.7266777828 0.01
11.4916385135644 R 14.92421053 0.01
13.4811469900761 R 15.0186896096 0.01
14.5204424628754 R 15.0460793936 0.01
18.4994594158989 R 15.1294365272 0.01
20.449375683922 R 15.1821838113 0.016
22.3893938998211 R 15.2006478971 0.01
24.3591062720849 R 15.2663552493 0.01
27.3681141171552 R 15.4000216393 0.01
30.3177336494962 R 15.5731936035 0.011
33.3267414945592 R 15.8149446687 0.031
36.2070746620469 R 16.0162484757 0.01
40.1761935629464 R 16.2240331538 0.011
44.1156183074741 R 16.3576809611 0.013
48.0847372083736 R 16.5039540475 0.013
52.0637541613898 R 16.6844650512 0.029
56.9236977532653 R 16.7472794546 0.017
62.9219173391579 R 16.9867540561 0.025
67.8610453480034 R 17.1335302573 0.025
78.7291065778954 R 17.439 0.023
90.6859535411993 R 17.871 0.066
-3.20696888749898 I 14.78547085 0.01
-0.296941563653845 I 14.5886757858 0.01
0.692863648540042 I 14.6132927881 0.01
1.67277080861718 I 14.6418036488 0.01
2.73186238566435 I 14.6529878613 0.01
3.71176954573428 I 14.7057820943 0.01
4.71147281005212 I 14.7357054238 0.01
6.69108323443989 I 14.7999227245 0.01
7.68088844663378 I 14.8006568924 0.012
9.66049887102156 I 14.9462748938 0.016
11.6302112432854 I 15.0905983182 0.01
13.5306372506959 I 15.2301947367 0.011
15.5201457272076 I 15.1923663354 0.01
16.5594412000069 I 15.2052349955 0.01
20.5384581530304 I 15.0918388699 0.01
24.4283926369526 I 15.0365005726 0.01
26.3981050092164 I 15.0468143551 0.01
29.4071128542867 I 15.0785145481 0.01
32.3567323866277 I 15.2110360071 0.01
35.3657402316908 I 15.4513339917 0.028
38.2460733991784 I 15.6623237645 0.011
42.2151923000779 I 15.9176371767 0.013
46.1546170446056 I 16.1022329818 0.016
50.1237359455051 I 16.3180598287 0.017
54.1027528985213 I 16.5295262322 0.027
58.9626964903968 I 16.7336883836 0.031
64.9609160762894 I 17.0195578579 0.047
69.9000440851349 I 17.2023183759 0.033
80.7681053150269 I 17.593 0.045
92.7249522783308 I 18.187 0.11
17.5195522558361 I 15.1273244202 0.01
44.1948027244657 I 15.9519244532 0.015
102.504227774804 I 18.167 0.033
