Phase Band Mag Sigma
-6.03727927394617 B 16.1583654763 0.019
-5.2211107822824 B 16.0860271916 0.018
-5.15563776265089 B 16.064663861 0.022
-4.14625628884268 B 15.9920799928 0.018
-3.1393903521731 B 15.9258461489 0.016
-3.07500246621162 B 15.9367607825 0.018
-2.28063529643988 B 15.899718102 0.015
-2.26258261812937 B 15.9197192594 0.02
-1.20266350991522 B 15.8647882903 0.016
-0.210052283714616 B 15.8719781867 0.015
-0.197297030676817 B 15.8639557351 0.015
4.63382657591319 B 15.9764553347 0.015
6.71137417381777 B 16.0569841833 0.016
8.64047548584231 B 16.1689631084 0.015
9.57429219689987 B 16.2368179225 0.016
9.67888921771732 B 16.2284780263 0.016
10.6117490381751 B 16.2964489772 0.016
12.6461181809188 B 16.4814697176 0.016
13.4819867810972 B 16.5657302506 0.019
14.5398934596062 B 16.6228378759 0.018
14.5530630363979 B 16.6657714446 0.017
22.3510999309483 B 17.3512716531 0.022
24.4902929860926 B 17.5235356385 0.022
26.2898589326202 B 17.6781815042 0.022
30.2005820262372 B 17.9464191366 0.026
32.2078820163736 B 18.0340135507 0.032
34.1550162770061 B 18.2331257497 0.025
41.0597415408863 B 18.7755530094 0.054
43.0446285883367 B 18.7938165581 0.176
50.0127256584781 B 18.9354516549 0.056
50.9130807931307 B 18.9981763329 0.054
51.9422018348586 B 18.8653414365 0.04
53.9637269409065 B 18.9231249115 0.043
57.8430798066485 B 18.903370976 0.045
59.8036598599159 B 18.9492452634 0.049
64.8130018743242 B 19.2254283485 0.058
65.7617441057525 B 19.1871647522 0.051
67.7035612114025 B 19.0656004836 0.056
81.5610338364374 B 19.608 0.111
88.4445200749739 B 19.604 0.076
-8.99409095393975 V 15.7695435413 0.014
-8.17791259742111 V 15.7369774929 0.019
-8.11244944264447 V 15.715234321 0.018
-7.10305810398139 V 15.6221695474 0.016
-7.03696359870099 V 15.6420690341 0.018
-6.09619216731181 V 15.5506223536 0.014
-6.03180428135033 V 15.5512988628 0.013
-5.23745684128116 V 15.5013156016 0.012
-5.21939429812296 V 15.5452549709 0.02
-4.15946532505393 V 15.4677070193 0.016
-3.16686396370102 V 15.4535168455 0.013
-3.15409884581553 V 15.4414856069 0.013
1.67702476077448 V 15.4236528216 0.012
3.75456249383137 V 15.4607297827 0.013
5.68369340040617 V 15.5272422251 0.013
6.61749038176116 V 15.5678983369 0.013
6.72208740257861 V 15.572741323 0.014
7.65493735818874 V 15.6253346772 0.013
9.68931636578014 V 15.7324535064 0.014
10.5251849659585 V 15.7794557303 0.013
11.5830719147649 V 15.8516364744 0.014
11.5962513564115 V 15.8656126005 0.016
18.6224326723819 V 16.1958398649 0.02
19.3942981158096 V 16.2060935972 0.018
19.4857847489358 V 16.2154132467 0.018
21.5334911709539 V 16.2612021217 0.015
23.3330571174815 V 16.3504745201 0.014
27.2437802110985 V 16.5077957974 0.017
29.2510703363872 V 16.5974400595 0.017
31.1982045970125 V 16.7209482478 0.016
38.102919996045 V 17.1299816356 0.023
39.0906283910387 V 17.2328652642 0.058
40.087826773198 V 17.1244572168 0.04
46.1265068560625 V 17.3923014142 0.024
47.0559139784917 V 17.4404131706 0.023
47.9562691131443 V 17.4522151609 0.047
48.9854098845748 V 17.4919523683 0.02
51.0069349906227 V 17.564720181 0.021
54.8862779915098 V 17.6254449846 0.029
56.8468481799295 V 17.6593731561 0.021
61.8561704646281 V 17.8493161541 0.026
62.8049521554615 V 17.8498821853 0.023
64.7467692611186 V 17.9197639484 0.028
73.6778632731532 V 18.207 0.073
78.6042517510084 V 18.358 0.041
85.4877083949803 V 18.513 0.062
91.4081483673595 V 18.72 0.043
104.195580546504 V 18.987 0.102
-8.30354148170166 r' 15.7296331825 0.019
-7.48737299003789 r' 15.6795302448 0.017
-7.42191970010895 r' 15.6680653819 0.018
-6.41252836144587 r' 15.605323965 0.015
-6.34643385616547 r' 15.5780366122 0.016
-5.40564269507372 r' 15.5671836529 0.016
-5.34128440366969 r' 15.5459671744 0.015
-4.54690736904307 r' 15.5386300871 0.015
-4.52883496102999 r' 15.5407862203 0.018
-3.46893558251841 r' 15.5009394408 0.019
-2.47631449146293 r' 15.4819586437 0.015
-2.46354937357744 r' 15.4700010282 0.015
2.36756436815769 r' 15.4630386043 0.014
3.32855874519029 r' 15.5708123375 0.032
4.44509223636689 r' 15.5064229714 0.015
6.37423300779656 r' 15.5958302021 0.015
7.30802998915156 r' 15.6649059967 0.014
7.4126368748167 r' 15.6674772805 0.015
8.34546710072426 r' 15.7425699418 0.016
10.3798461083157 r' 15.8861074967 0.016
11.2157344381965 r' 15.931013102 0.015
12.2736016573004 r' 15.9856201691 0.018
12.2867712340922 r' 16.0054930277 0.019
19.3129624149174 r' 16.2331988571 0.027
20.0848377231928 r' 16.1388009586 0.02
20.1763144914714 r' 16.1493510542 0.016
22.2240209134894 r' 16.1612831865 0.016
24.0236065897195 r' 16.1799839908 0.015
27.9343099536341 r' 16.2857173322 0.018
29.9415902140679 r' 16.2586846011 0.02
31.8887343395481 r' 16.4139045404 0.015
38.7934596034354 r' 16.8696901237 0.017
39.7811679984219 r' 16.9508719111 0.039
40.778376245436 r' 16.9214784384 0.028
46.8170563283005 r' 17.2402426381 0.017
47.7464535858749 r' 17.2846151046 0.021
48.7168195718649 r' 17.3109378271 0.044
49.6759297622554 r' 17.3396211358 0.017
49.7618822136709 r' 17.4185153279 0.042
51.6974844628608 r' 17.3741355167 0.02
55.5767781394878 r' 17.51836232 0.024
57.5373877873127 r' 17.56877602 0.02
62.5467199368661 r' 17.7458039969 0.024
63.4954621682944 r' 17.767983577 0.02
65.4373088685019 r' 17.8618990767 0.023
74.3683831508338 r' 18.003 0.048
79.2947814935367 r' 18.179 0.03
86.1782480023707 r' 18.382 0.037
92.0979875702908 r' 18.528 0.034
104.885419749435 r' 18.922 0.071
-4.36028410772196 i' 15.8567062619 0.018
-3.54409588635561 i' 15.9178598762 0.037
-3.47865246128155 i' 15.8206496308 0.019
-2.46925125777077 i' 15.8404067995 0.035
-2.4031468876355 i' 15.7678299259 0.019
-1.46238532110119 i' 15.746620173 0.018
-1.39800729998741 i' 15.7469682455 0.021
-0.603649995063366 i' 15.7249241439 0.021
-0.585577587057464 i' 15.7297769565 0.017
0.474321791461295 i' 15.7351448022 0.018
1.46695274736447 i' 15.7353250207 0.016
1.47972773009766 i' 15.7113902546 0.017
6.31084147183997 i' 15.8870597554 0.016
8.38837920489686 i' 15.951141416 0.017
10.3175101114717 i' 16.0245311592 0.016
11.2513070928267 i' 16.0897711452 0.015
11.3559238433467 i' 16.0809605099 0.018
12.2887442043994 i' 16.1547324404 0.02
14.3231330768456 i' 16.3112799233 0.018
15.1590016770239 i' 16.3006820368 0.018
16.2168688961206 i' 16.3383044763 0.018
16.2300483377744 i' 16.3491748584 0.017
18.1837229949702 i' 16.3089607535 0.029
23.25621978889 i' 16.3403277806 0.027
24.0281148268751 i' 16.3024540018 0.025
24.1195915951465 i' 16.2779360369 0.019
26.1672980171645 i' 16.2577263887 0.021
27.9668836934018 i' 16.1946916255 0.02
31.877596922164 i' 16.1579152018 0.019
33.8848574528953 i' 16.1950785119 0.021
35.832021308078 i' 16.2488953752 0.017
42.7367367071105 i' 16.6364143408 0.022
43.7244352372493 i' 16.6039952477 0.042
50.7603137022802 i' 17.1090692808 0.022
51.6897306895571 i' 17.1777898259 0.019
52.5900759593549 i' 17.1829027429 0.029
53.6192167307854 i' 17.2693923078 0.026
55.6407714313907 i' 17.3365314287 0.022
59.5200453783152 i' 17.5253604755 0.024
61.4806550261401 i' 17.5930257114 0.027
66.4899773108387 i' 17.7624263173 0.034
67.4387392719767 i' 17.8186289165 0.022
69.3805859721841 i' 17.8970890759 0.025
78.3116799842187 i' 18.179 0.056
83.2380684620739 i' 18.393 0.046
90.1214856466406 i' 18.676 0.057
96.0405938640641 i' 18.691 0.051
108.827996448651 i' 19.171 0.062
