Phase Band Mag Sigma
-7.93417092856315 B 14.0849514123 0.01
-6.9510884230233 B 13.8498469751 0.01
-5.91835528588754 B 13.6305749857 0.01
-4.92534265402707 B 13.4647956944 0.01
-1.98602526372094 B 13.1789978825 0.012
-0.993012631860472 B 13.1213957119 0.01
0.993012631860472 B 13.1090963265 0.01
1.98602526372094 B 13.120084992 0.01
2.98896802190204 B 13.1533637383 0.01
4.95513303298896 B 13.2587485205 0.01
5.96800591748346 B 13.3222635559 0.01
6.9510884230233 B 13.3895912887 0.01
7.9540311812044 B 13.4526364547 0.01
8.97683419201953 B 13.5225804552 0.01
9.9599166975666 B 13.6019738608 0.01
10.9628594557405 B 13.6929220878 0.01
12.8992340878727 B 13.8362137204 0.01
14.875329225273 B 14.0150457751 0.01
16.9110051205899 B 14.2242932503 0.01
18.8374496263943 B 14.4159991303 0.01
20.8234748901152 B 14.6240753321 0.01
26.7815506812781 B 15.328952602 0.01
28.7377855660444 B 15.5387975656 0.01
31.736683714267 B 15.7942702679 0.01
33.7524993569426 B 15.9694679852 0.045
37.7344800106979 B 16.1291802096 0.047
39.6410642638755 B 16.160768938 0.013
40.5546358851854 B 16.1912913934 0.013
42.6498925384116 B 16.2410899572 0.016
44.5862671705366 B 16.2937903522 0.017
53.5829616151974 B 16.4993697496 0.02
58.5877452797678 B 16.626780296 0.024
60.4843994066248 B 16.6254723323 0.021
61.417831280576 B 16.6392769206 0.017
65.4891830712024 B 16.7288605277 0.023
69.4314432196897 B 16.732 0.024
73.3637732418563 B 16.829 0.037
80.3446520438342 B 17.019 0.066
84.2670519396802 B 17.016 0.024
88.2986832250386 B 17.143 0.032
93.263746384341 B 17.25 0.11
97.2258667854623 B 17.434 0.145
101.148266681308 B 17.378 0.027
109.092367736192 B 17.52 0.061
113.044558011 B 17.653 0.036
120.899287929012 B 17.737 0.032
128.813598604942 B 17.897 0.029
136.737839407191 B 18.017 0.104
144.701800714709 B 18.234 0.086
152.556530632729 B 18.357 0.102
161.543294951062 B 18.362 0.501
-11.0125100873292 V 14.0146027792 0.01
-10.0294275817893 V 13.7908232226 0.01
-8.99669444465356 V 13.5921986348 0.01
-8.00368181279309 V 13.4422525731 0.01
-5.06436442248696 V 13.1767081153 0.032
-4.07135179062649 V 13.1134159477 0.01
-2.08532652690555 V 13.0574286796 0.01
-1.09231389504507 V 13.0467545353 0.01
-0.0893711368639744 V 13.0537498548 0.01
1.87679387422294 V 13.0882806281 0.01
2.88966675871744 V 13.1183296553 0.01
3.87274926425729 V 13.1689706741 0.01
4.87569202243838 V 13.2072532382 0.01
5.89849503325351 V 13.260115642 0.01
6.88157753880058 V 13.3346033256 0.01
7.88452029697446 V 13.4080287364 0.01
9.82089492910671 V 13.55924888 0.01
11.796990066507 V 13.700390302 0.01
13.8326659618239 V 13.8345299551 0.01
15.7591104676283 V 13.9324678261 0.01
17.7451357313492 V 14.045980485 0.01
23.7032115225121 V 14.5333751775 0.01
25.6594464072783 V 14.7008178545 0.01
28.658344555501 V 14.9577398654 0.01
32.6403252092563 V 15.2106918734 0.019
34.6561408519319 V 15.2921525861 0.023
36.5627251051095 V 15.3703218975 0.012
37.4762967264194 V 15.3903636226 0.01
39.5715533796456 V 15.4914519946 0.01
41.5079280117706 V 15.554530301 0.011
50.5046224564314 V 15.8864240508 0.011
55.5094061210018 V 16.0611385434 0.01
57.4060602478588 V 16.1039557713 0.015
58.3394921218099 V 16.1185960479 0.016
62.4108439124364 V 16.2640832712 0.017
66.3531040609237 V 16.4 0.014
70.2854340830903 V 16.497 0.023
81.1887127809142 V 16.776 0.045
85.2203440662726 V 16.91 0.024
90.185407225575 V 17.058 0.062
94.1475276266962 V 17.095 0.101
98.0699275225422 V 17.285 0.039
106.014028577426 V 17.447 0.047
109.966218852234 V 17.525 0.041
117.820948770246 V 17.691 0.043
125.735259446176 V 17.837 0.039
133.659500248425 V 17.956 0.056
141.623461555943 V 18.326 0.142
-8.03347219174775 R 14.0244982503 0.01
-7.0503896862079 R 13.8228734067 0.01
-6.01765654907215 R 13.6310334042 0.01
-5.02464391721167 R 13.5291459759 0.01
-2.08532652690555 R 13.3076838442 0.035
-1.09231389504507 R 13.2646412002 0.01
0.89371136867587 R 13.2195243934 0.01
1.88672400053634 R 13.2209304184 0.01
2.88966675871744 R 13.2350330781 0.01
4.85583176980435 R 13.2757330213 0.01
5.86870465429886 R 13.344237084 0.01
6.8517871598387 R 13.4167729383 0.01
7.8547299180198 R 13.498529166 0.01
8.87753292883493 R 13.5605460012 0.01
9.860615434382 R 13.6977268674 0.01
10.8635581925559 R 13.8028814078 0.01
12.7999328246881 R 13.9805374932 0.01
14.7760279620884 R 14.0735245601 0.01
16.8117038574053 R 14.1638580107 0.01
18.7381483632097 R 14.1934416984 0.01
20.7241736269306 R 14.1937278639 0.01
26.6822494180935 R 14.3955055346 0.01
28.6384843028598 R 14.5355977549 0.01
31.6373824510824 R 14.7554528901 0.011
33.653198093758 R 14.867161432 0.016
35.6193631048377 R 14.9954345021 0.011
37.6351787475133 R 15.1062250621 0.039
39.5417630006909 R 15.1692918159 0.01
40.4553346220008 R 15.2237423047 0.011
42.550591275227 R 15.323351883 0.01
44.486965907352 R 15.3695829342 0.01
53.4836603520128 R 15.7461481791 0.01
58.4884440165832 R 15.9477571537 0.014
60.3850981434402 R 16.011167676 0.019
61.3185300173914 R 16.00511658 0.014
65.3898818080178 R 16.1727975507 0.015
69.3321419565051 R 16.271 0.021
73.2644719786717 R 16.385 0.014
84.1677506764956 R 16.752 0.025
88.199381961854 R 16.916 0.029
93.1644451211564 R 17.119 0.067
97.1265655222777 R 17.238 0.066
101.048965418124 R 17.29 0.037
108.993066473007 R 17.503 0.044
112.945256747815 R 17.626 0.041
120.799986665828 R 17.851 0.045
128.714297341757 R 17.994 0.071
136.638538144007 R 18.405 0.166
144.602499451524 R 18.608 0.157
-6.14674819121863 I 14.1228298323 0.01
-5.16366568567879 I 13.9255463744 0.01
-4.13093254854303 I 13.7617606875 0.011
-3.13791991668256 I 13.6700615717 0.01
-0.198602526376429 I 13.5551027174 0.085
0.794410105484042 I 13.52594167 0.01
2.78043536920499 I 13.6031739336 0.01
3.77344800106546 I 13.6491236553 0.01
4.77639075924656 I 13.7030502025 0.01
6.74255577033347 I 13.7736859017 0.01
7.75542865482797 I 13.870963064 0.01
8.73851116036782 I 13.9410731501 0.01
9.74145391854892 I 14.0260942167 0.01
10.764256929364 I 14.1605979964 0.013
11.7473394349111 I 14.3035327589 0.01
12.750282193085 I 14.3881244751 0.013
14.6866568252172 I 14.4848111908 0.01
16.6627519626176 I 14.5603959183 0.011
18.6984278579344 I 14.590821006 0.01
20.6248723637388 I 14.5241370362 0.013
22.6108976274598 I 14.4445216788 0.011
28.5689734186226 I 14.3292835277 0.011
30.5252083033889 I 14.4265430623 0.012
33.5241064516116 I 14.6417516372 0.016
35.5399220942871 I 14.7991696239 0.052
39.5219027480424 I 14.9392610382 0.186
41.42848700122 I 15.2187658651 0.022
42.3420586225299 I 15.270297505 0.033
44.4373152757561 I 15.4165810264 0.024
46.3736899078811 I 15.5259291843 0.026
55.3703843525419 I 16.0339948428 0.028
60.3751680171124 I 16.3010440478 0.052
62.2718221439693 I 16.3784930684 0.048
63.2052540179205 I 16.3526804232 0.038
67.276605808547 I 16.6276892123 0.063
71.2188659570342 I 16.788 0.07
75.1511959792008 I 16.935 0.063
82.1320747811788 I 17.542 0.318
86.0544746770247 I 17.291 0.054
90.0861059623832 I 17.666 0.174
99.0132895228068 I 18.31 0.565
102.935689418653 I 18.119 0.197
110.879790473537 I 18.381 0.415
114.831980748344 I 18.317 0.245
122.686710666357 I 18.682 0.9
130.601021342286 I 18.946 0.355
138.525262144536 I 18.868 0.9
146.489223452054 I 18.357 0.478
