"x"
"1" "Generate from s distribution. Repeat 530 times. The variance of residual is 0.04"
"x"
"1" "== degree of freedom:  1 =="
316 2.7211 1.3762 1.3747 1.751 0.4253 0.4251 1.7509 0.4255 0.4257
247 4.1702 1.4226 1.4232 3.2682 0.5129 0.5137 3.2682 0.5129 0.5116
333 3.1455 1.4277 1.4262 2.0972 0.4156 0.4142 2.0972 0.4156 0.4156
76 3.1517 2.0977 2.1016 1.4702 0.4075 0.4076 1.4702 0.4075 0.4063
282 3.8667 2.0405 2.04 2.4168 0.6111 0.6101 2.4168 0.6112 0.6054
111 5.1675 2.7884 2.7916 3.1741 0.8241 0.8244 3.1679 0.8241 0.8245
521 3.0167 1.2211 1.2222 2.1902 0.337 0.3375 2.1877 0.3386 0.3375
145 5.7344 3.5454 3.5427 2.9371 0.7818 0.7839 2.9371 0.7819 0.783
230 4.8419 2.7868 2.7881 2.3743 0.4565 0.4568 2.3723 0.4552 0.4565
418 2.838 1.7074 1.707 1.6152 0.474 0.4698 1.6152 0.4735 0.4693
470 2.8628 1.6591 1.6599 1.7894 0.5158 0.5182 1.7899 0.5159 0.5162
25 3.7134 2.3238 2.3179 1.8449 0.4378 0.4382 1.8441 0.4376 0.4378
42 6.205 4.7267 4.724 1.9172 0.4412 0.4437 1.914 0.4412 0.4384
401 2.8454 1.4213 1.4212 1.7977 0.3635 0.3634 1.7977 0.3635 0.3631
77 5.3815 3.3352 3.3405 2.6101 0.6974 0.6974 2.6101 0.6979 0.6955
213 3.6914 1.6733 1.6735 2.5082 0.4996 0.5023 2.5041 0.5 0.4991
487 3.5672 1.8574 1.8578 2.1959 0.4367 0.4362 2.1935 0.435 0.4363
264 2.7974 1.7093 1.7112 1.6715 0.607 0.6072 1.6719 0.6072 0.6078
8 3.303 1.7747 1.7736 1.9827 0.5138 0.5106 1.9828 0.5135 0.5097
299 3.135 2.0418 2.0419 1.7784 0.7438 0.7439 1.7779 0.7427 0.7423
435 6.1638 3.5234 3.5253 3.4171 0.661 0.6611 3.4171 0.6608 0.6611
350 5.2306 2.753 2.7454 3.1906 0.687 0.679 3.1905 0.687 0.6781
196 7.4749 5.6117 5.6079 3.6336 1.5741 1.577 3.6289 1.5741 1.5818
59 5.0304 2.7523 2.7634 3.3582 1.0504 1.0441 3.3583 1.0501 1.046
367 10.3756 9.2642 9.2503 1.8178 0.7963 0.8025 1.8179 0.7966 0.7908
93 11.1703 6.2223 6.2169 5.5878 0.6435 0.6441 5.5703 0.6435 0.641
504 5.4309 3.0651 3.0617 4.3656 1.8449 1.8402 4.3656 1.8414 1.8328
128 10.3306 7.911 7.9664 4.7024 1.5552 1.5294 4.7026 1.554 1.5322
402 5.6182 2.835 2.8336 3.316 0.6784 0.6784 3.3175 0.675 0.6792
384 3.9819 1.8801 1.913 3.1857 0.9534 0.9475 3.0965 0.945 0.9741
283 3.2015 1.7624 1.7629 2.0208 0.5368 0.5369 2.0204 0.5368 0.5341
146 2.7945 1.2244 1.2245 1.9477 0.385 0.3852 1.9476 0.3867 0.3867
419 5.218 2.3333 2.3332 3.4443 0.5413 0.5413 3.4443 0.5411 0.5406
231 3.9764 1.9379 1.9381 2.4218 0.4629 0.462 2.4217 0.463 0.4623
453 7.1485 5.1778 5.1573 2.6977 0.8512 0.8429 2.6448 0.8453 0.8381
265 2.4002 1.3694 1.3693 1.4393 0.3743 0.3762 1.4393 0.3743 0.3737
9 8.4828 5.5607 5.5856 3.5811 0.6134 0.6117 3.5811 0.6125 0.611
351 5.2265 3.4808 3.481 2.2392 0.4973 0.4961 2.2392 0.4977 0.4964
471 2.1032 1.0711 1.0707 1.3432 0.3176 0.3174 1.3431 0.3174 0.3179
214 4.0125 2.2699 2.2701 2.208 0.4736 0.4739 2.2088 0.4736 0.4733
179 13.4582 6.8445 6.5174 12.9037 3.7201 3.5134 12.7252 3.7271 3.5234
162 28.5307 13.5483 13.553 20.0705 5.3779 5.2618 20.0361 5.3783 5.2236
317 6.0473 3.3541 3.3095 5.0641 2.2302 2.2116 5.0914 2.2205 2.2035
78 2.873 1.6828 1.6813 1.6203 0.489 0.4889 1.6195 0.4881 0.488
60 4.2345 1.7147 1.713 3.1892 0.6787 0.682 3.1892 0.6805 0.6794
112 4.4685 2.6314 2.63 2.7937 0.9171 0.9172 2.7925 0.9139 0.9196
43 5.0561 3.1887 3.1917 2.5549 0.6824 0.6828 2.5545 0.6823 0.6831
318 2.1875 1.3119 1.3105 1.2292 0.3382 0.3374 1.2292 0.3383 0.3369
488 6.634 4.4855 4.1606 3.6461 1.9009 1.9904 3.6456 1.8711 1.9723
522 4.0318 2.3793 2.3736 2.3432 0.615 0.6105 2.3339 0.621 0.617
420 2.4783 1.6292 1.6297 1.1989 0.3688 0.3687 1.1989 0.3687 0.3657
300 5.3211 3.3724 3.3241 2.8894 0.9412 0.9464 2.891 0.9412 0.9322
26 7.1192 4.3315 4.3317 3.4986 0.7369 0.7379 3.4985 0.7356 0.7317
385 5.3393 3.6517 3.6418 2.605 0.8425 0.8419 2.605 0.8426 0.8446
248 8.0281 5.5002 5.4793 5.3183 3.3574 3.3599 5.2722 3.3492 3.3553
505 7.6089 2.0333 2.0245 6.6116 1.0596 1.0568 6.6115 1.0587 1.0487
129 2.312 1.4114 1.4109 1.3449 0.4619 0.4626 1.345 0.4619 0.4606
94 3.566 1.8439 1.8439 2.1761 0.4855 0.4851 2.1767 0.4855 0.4848
403 7.4539 5.3478 5.3545 3.5131 1.2421 1.2408 3.5148 1.2422 1.235
436 3.7454 1.8739 1.8697 2.445 0.6022 0.6004 2.4452 0.6034 0.602
334 48.6144 11.9859 10.8297 53.3814 9.0763 7.8982 50.8581 7.402 8.4153
454 5.697 1.81 1.8058 4.3321 0.5007 0.4989 4.3321 0.5003 0.5062
147 4.676 2.511 2.5016 3.0402 0.7674 0.7807 3.0389 0.7678 0.7779
352 5.1783 3.4941 3.4936 2.3085 0.564 0.5639 2.3084 0.5635 0.5715
10 2.2945 1.4371 1.4361 1.2863 0.4151 0.4148 1.2863 0.4151 0.4141
197 6.4758 4.2012 4.2008 2.9199 0.6605 0.6595 2.9145 0.6612 0.6573
232 6.0512 3.147 3.1452 4.6014 1.423 1.4218 4.5678 1.4749 1.4013
368 68.1738 11.3645 11.2685 77.5168 11.7315 11.6831 77.5272 11.7101 11.7041
215 22.7279 15.6441 15.6283 8.3448 1.4537 1.5394 8.3342 1.4535 1.5413
284 4.1371 2.7569 2.7574 2.0038 0.6 0.5993 2.0023 0.5942 0.6001
180 3.4896 1.8078 1.8079 2.2 0.4909 0.4906 2.2001 0.4906 0.495
523 1.96 1.16 1.1562 1.1152 0.3304 0.3303 1.1146 0.3302 0.3296
163 4.8603 2.8087 2.8038 2.6029 0.5764 0.5766 2.6031 0.5744 0.5752
79 3.4768 1.5989 1.5973 2.2726 0.5007 0.4993 2.2732 0.4991 0.498
61 2.7743 1.7654 1.763 1.4206 0.4063 0.404 1.4208 0.4063 0.405
27 9.2804 6.5796 6.5754 3.6457 0.9255 0.9277 3.6464 0.9184 0.9165
113 4.8875 2.6395 2.642 2.8112 0.6711 0.6728 2.8129 0.6724 0.6726
386 7.7825 1.4024 1.4031 6.6088 0.4802 0.4796 6.6162 0.4787 0.4784
437 2.7639 1.4578 1.457 1.7143 0.3941 0.3934 1.7146 0.394 0.3933
506 3.1593 1.9451 1.9456 1.5916 0.3767 0.3768 1.5916 0.3766 0.3785
472 7.9125 3.0547 3.0507 5.6169 0.8133 0.809 5.609 0.8098 0.8157
404 4.8232 3.2688 3.2561 2.0782 0.5116 0.5118 2.0777 0.5115 0.5079
301 2.9215 1.4858 1.4881 1.7457 0.3557 0.3564 1.7445 0.357 0.3591
95 3.8653 2.2694 2.2707 2.2809 0.6728 0.6729 2.2805 0.6764 0.6708
198 3.3662 1.251 1.2507 2.4875 0.397 0.3965 2.4876 0.3968 0.3964
319 11.0513 4.0701 4.0661 8.1779 0.9211 0.9189 8.1409 0.9211 0.9086
11 2.6532 1.2241 1.2256 1.7918 0.423 0.4239 1.7937 0.4234 0.4271
266 24.7749 20.8685 22.5166 20.1247 16.5757 16.6931 20.1697 16.187 16.524
421 7.8136 2.9571 2.9563 5.5703 0.8112 0.8116 5.5703 0.8097 0.8118
455 10.2787 2.3714 2.3719 8.9236 0.9583 0.9598 8.9204 0.9581 0.9564
335 6.2136 3.7005 3.6613 3.5039 1.0876 1.0593 3.504 1.0842 1.0578
181 3.6799 1.7405 1.7406 2.4036 0.485 0.485 2.4036 0.4852 0.4854
233 4.4714 1.7906 1.7885 3.3312 0.6428 0.6418 3.3309 0.6429 0.6398
405 2.7646 1.4007 1.4014 1.8286 0.447 0.4476 1.8286 0.447 0.4467
353 2.5285 1.2435 1.2421 1.6118 0.3227 0.3225 1.6074 0.3221 0.3219
369 11.4888 5.1859 5.1936 6.2352 0.79 0.7858 6.4506 0.7877 0.7642
249 9.2909 2.6714 2.6731 7.9734 1.4553 1.4776 7.9729 1.44 1.4809
285 7.0529 1.8805 1.8778 5.8194 0.6336 0.629 5.809 0.6336 0.6358
524 3.6592 1.9189 1.9177 2.1911 0.4369 0.4366 2.1909 0.4363 0.4369
28 3.5192 2.2622 2.2638 1.9249 0.6009 0.6015 1.9254 0.6011 0.6007
130 14.3494 13.2025 13.2013 11.7147 10.8469 11.0771 11.6626 10.8205 10.7126
456 4.3239 3.3114 3.311 1.6127 0.6199 0.6201 1.6124 0.62 0.6203
507 3.1506 1.7628 1.7593 1.8216 0.4978 0.499 1.8214 0.4975 0.4981
422 4.7594 2.6509 2.6532 2.752 0.51 0.5085 2.7546 0.5099 0.5104
148 12.2049 5.2597 5.2721 6.6642 0.7501 0.7501 6.6486 0.7494 0.7442
114 5.0196 3.51 3.5059 2.2409 0.7093 0.7091 2.2412 0.7055 0.7086
234 2.4655 1.1611 1.1595 1.6941 0.39 0.3895 1.6958 0.3899 0.3896
473 2.8626 1.4158 1.4121 2.2112 0.6431 0.6403 2.2118 0.6432 0.6429
387 4.1457 2.6081 2.6074 2.6164 1.2327 1.2321 2.6101 1.2603 1.2313
302 7.1899 3.4117 3.4178 4.9083 1.3004 1.3077 4.9079 1.2842 1.3021
489 NA 192.7756 173.2327 73.5392 19.5733 23.3893 70.972 25.5411 21.3647
438 4.3112 3.236 3.2124 1.6541 0.5242 0.5237 1.6541 0.5227 0.5289
199 3.7807 2.2168 2.1938 2.1105 0.5078 0.5058 2.1105 0.5076 0.5053
44 12.5398 7.2343 9.9371 6.4971 1.9588 1.9458 6.4732 1.9808 1.9098
164 3.5677 1.8183 1.8186 2.6036 0.8539 0.8533 2.6048 0.8507 0.8477
216 51.3694 37.1753 37.0788 26.0564 8.6376 8.5208 26.0872 8.6476 8.947
267 15.3107 11.9485 11.9756 5.0891 1.6479 1.6448 5.0892 1.6481 1.619
457 13.2125 9.5028 9.5006 5.3382 1.5766 1.5627 5.3414 1.5807 1.5652
29 2.787 1.3815 1.3807 1.9187 0.5414 0.5412 1.9187 0.5412 0.5385
62 7.9283 5.4947 5.4895 4.2005 1.6801 1.6812 4.2001 1.6747 1.6706
370 10.9021 2.1792 2.181 9.6981 0.968 0.9673 9.6664 0.9657 0.9655
354 4.3882 1.9374 1.9369 3.1422 0.7021 0.7017 3.1422 0.7009 0.7008
12 3.1963 1.1919 1.1884 2.4366 0.4216 0.4191 2.447 0.4211 0.4236
423 3.4001 2.0494 2.0494 1.9183 0.4765 0.4765 1.9182 0.4765 0.4744
80 17.4811 4.9568 4.9567 16.6177 2.6618 2.6656 16.5426 2.6225 2.64
320 3.4243 1.4398 1.44 2.5226 0.4679 0.4677 2.528 0.4693 0.4685
235 3.992 2.4915 2.4934 1.8322 0.4044 0.4057 1.8289 0.4044 0.4036
182 4.125 2.8984 2.9051 1.9022 0.5527 0.5444 1.8941 0.5529 0.5448
525 60.1769 42.0229 41.9847 21.7011 4.0865 4.079 21.9316 4.0457 4.044
303 5.1125 1.5811 1.5813 4.101 0.5818 0.5818 4.1009 0.5821 0.5805
30 3.8797 2.1071 2.1076 2.4541 0.7282 0.7284 2.4519 0.7282 0.729
96 6.7133 4.7302 4.7254 2.6213 0.7032 0.7024 2.627 0.707 0.6942
131 3.7885 1.9611 1.9592 2.3753 0.5404 0.546 2.3776 0.5395 0.5423
200 4.64 2.626 2.5888 3.8639 1.8468 1.8455 3.8426 1.8477 1.8236
490 2.6749 1.582 1.5816 1.5833 0.468 0.4674 1.5834 0.468 0.4682
474 3.5115 1.7707 1.7709 2.1692 0.4258 0.4264 2.1692 0.4256 0.427
336 3.8796 1.6279 1.6296 2.8155 0.5826 0.5852 2.815 0.5886 0.5895
439 3.6438 1.8913 1.8917 2.1931 0.4447 0.4452 2.1913 0.4428 0.4439
286 9.9203 4.7977 4.7909 6.2117 1.0332 1.0325 6.1907 1.0478 1.0327
115 5.0449 1.9621 1.9654 3.918 0.8306 0.8333 3.9175 0.8258 0.8491
508 4.2384 1.6711 1.6713 3.08 0.5231 0.524 3.0784 0.5226 0.5238
236 2.9238 1.5521 1.5509 1.8162 0.4473 0.4461 1.8162 0.4468 0.4455
97 3.7486 2.009 2.0062 2.1672 0.5064 0.5066 2.1671 0.5062 0.5063
250 6.1461 3.7363 3.7391 2.8856 0.6529 0.6547 2.8794 0.6422 0.6601
371 3.1649 1.5953 1.594 2.0553 0.506 0.5042 2.0553 0.506 0.503
13 3.0504 2.1909 2.1801 1.2447 0.3947 0.3937 1.2447 0.3945 0.3938
388 13.6478 10.174 10.2506 4.5232 1.4357 1.4387 4.5341 1.4115 1.458
165 4.8159 2.6679 2.6762 3.0729 0.81 0.8184 3.0016 0.8148 0.8031
321 3.7723 2.0917 2.0912 2.3628 0.5857 0.588 2.3628 0.5862 0.5841
63 2.7585 1.9017 1.9023 1.2281 0.3392 0.339 1.2273 0.3416 0.3389
526 3.1716 2.1001 2.0998 1.6223 0.5392 0.5398 1.6224 0.5392 0.5455
268 4.5782 2.7525 2.7535 2.5066 0.7169 0.7303 2.5077 0.7152 0.7098
406 3.461 2.1355 2.1259 2.0426 0.7076 0.7095 2.0426 0.7074 0.7068
149 6.4012 2.7771 2.7734 4.8763 0.8498 0.848 4.8531 0.8392 0.8336
355 8.178 5.2086 5.1766 5.9988 2.9945 3.0185 6 2.9646 3.0456
183 5.0789 2.9634 2.9605 2.8307 0.5862 0.5834 2.83 0.582 0.5933
31 3.3459 1.6816 1.6752 2.3497 0.6456 0.6437 2.3467 0.6456 0.638
201 4.0314 1.6675 1.6672 2.7718 0.4481 0.4481 2.7706 0.448 0.4483
81 11.7553 9.6822 9.691 3.3819 0.8639 0.8494 3.3788 0.864 0.9214
45 247.7508 72.9716 72.1328 102.4999 18.7749 23.7216 105.5032 19.9851 22.2278
116 4.38 2.0019 2.0016 3.2713 0.8543 0.8551 3.2712 0.8545 0.8482
132 5.2765 2.039 2.0374 3.8014 0.5617 0.5634 3.8031 0.5643 0.5606
440 4.9535 2.405 2.4062 3.1923 0.6639 0.662 3.1923 0.669 0.6577
287 3.7094 1.9786 1.9768 2.1683 0.4593 0.4598 2.1682 0.4593 0.4587
491 2.1084 1.3247 1.3209 1.1545 0.363 0.3635 1.154 0.3625 0.3622
217 3.2217 1.606 1.6048 2.2001 0.5738 0.5776 2.1989 0.5723 0.5794
14 2.966 1.4046 1.4048 1.9893 0.442 0.4407 1.9893 0.4424 0.4389
424 4.5248 2.344 2.3406 2.726 0.5878 0.5892 2.7171 0.6024 0.5959
475 3.6975 2.0638 2.0652 2.2173 0.5879 0.5874 2.2173 0.5881 0.5847
237 4.9301 2.3507 2.3477 3.1659 0.4719 0.467 3.1706 0.4698 0.4667
98 2.6523 1.2226 1.2195 1.825 0.4232 0.4222 1.8243 0.4232 0.4233
269 2.3109 1.1476 1.1471 1.4488 0.291 0.2905 1.4488 0.2912 0.2903
32 2.3749 1.0519 1.0515 1.6108 0.2795 0.2795 1.6108 0.2795 0.2802
372 2.5578 1.581 1.5816 1.3918 0.3882 0.3883 1.3954 0.3883 0.3948
337 3.3223 2.1542 2.1524 1.8439 0.6171 0.6174 1.8438 0.6123 0.6084
389 2.9043 1.7336 1.7332 1.7451 0.5608 0.5602 1.7433 0.5606 0.5599
150 6.8972 3.1013 3.0942 4.7123 0.6695 0.671 4.7126 0.6694 0.6761
527 4.0661 1.89 1.8838 2.749 0.6039 0.6053 2.749 0.6039 0.6028
509 6.0074 2.2253 2.2193 4.6619 0.6198 0.6189 4.6619 0.6286 0.6126
458 16.8396 6.4575 6.5022 10.1074 2.1887 2.1914 9.7715 2.1144 2.0187
64 6.2473 3.9022 3.9033 3.161 0.8764 0.8726 3.1629 0.8762 0.8836
238 3.5399 1.6261 1.6245 2.3183 0.438 0.4362 2.3162 0.4376 0.4372
425 3.7915 1.4495 1.4499 2.8001 0.4273 0.4273 2.7796 0.4259 0.4261
407 5.1724 1.7135 1.7108 3.8622 0.5691 0.5677 3.8622 0.5691 0.5729
166 5.4095 3.3508 3.3482 3.0945 1.081 1.0825 3.0943 1.0807 1.0818
322 6.0949 2.0447 2.0455 4.5874 0.6074 0.6043 4.5905 0.6066 0.6009
441 6.5603 3.8222 3.8202 3.1105 0.6052 0.6008 3.1172 0.6051 0.6022
251 62.2031 41.5777 41.553 25.7801 2.6244 2.6231 24.4806 2.6267 2.7724
288 3.2662 1.427 1.4272 2.3789 0.5204 0.5204 2.3789 0.5198 0.5204
99 2.2057 1.0993 1.1081 1.413 0.3016 0.3005 1.4129 0.3015 0.3016
184 4.2249 2.5211 2.5209 2.0583 0.4074 0.4088 2.0583 0.4089 0.406
338 3.2594 1.7163 1.7162 2.0329 0.4908 0.4913 2.0327 0.4911 0.4912
33 9.0147 4.9919 4.9778 4.3108 0.7552 0.75 4.3108 0.7544 0.7483
304 72.3104 52.5514 148.7555 214.0545 15.1629 113.4779 28.7925 15.1732 13.3021
15 3.0929 1.5045 1.5428 2.3802 0.7967 0.7999 2.3802 0.7969 0.7992
492 6.9831 3.6 3.6002 4.385 0.7941 0.7941 4.3827 0.7941 0.8033
270 2.8665 1.7299 1.7267 1.5294 0.3715 0.3725 1.5293 0.3706 0.3702
133 3.8315 2.0846 2.0835 2.1538 0.4766 0.4781 2.1538 0.4783 0.4762
46 5.1054 2.9996 3.0029 2.7549 0.6107 0.6074 2.755 0.6093 0.606
117 3.9102 1.8382 1.8438 2.743 0.634 0.6315 2.7429 0.6302 0.6301
390 3.8762 1.9666 1.9628 2.4537 0.5534 0.5536 2.4532 0.5533 0.5581
82 6.2802 4.4747 4.4855 2.7006 0.9813 0.9881 2.6999 0.9815 0.9722
202 5.3925 3.1402 3.1174 3.1553 0.9525 0.951 3.1553 0.9549 0.9602
476 6.3077 2.2404 2.2388 4.7163 0.623 0.6206 4.7163 0.6238 0.6192
408 2.4182 1.4468 1.4478 1.3724 0.4202 0.4199 1.3724 0.4202 0.4193
151 4.5847 2.5423 2.543 2.6541 0.5958 0.5966 2.6461 0.5963 0.6007
289 2.9196 1.7485 1.7548 1.7008 0.5222 0.5222 1.7015 0.5224 0.5213
100 4.7136 1.8695 1.8585 3.5458 0.7064 0.7062 3.5462 0.7076 0.7058
218 13.5943 5.4421 5.4376 10.0441 1.7782 1.7564 9.9123 1.7783 1.7811
356 10.0317 6.7851 6.7535 4.7858 1.8476 1.8358 4.774 1.8667 1.8438
373 2.6279 0.9396 0.9389 2.0374 0.3878 0.3898 2.0375 0.3878 0.3861
134 4.3199 2.0555 2.0551 2.9156 0.7044 0.7043 2.9149 0.703 0.7004
528 4.8282 2.0201 2.0211 3.386 0.5747 0.5749 3.3871 0.5731 0.5735
459 NA 40.5802 193.131 444.1643 13.8164 34.9192 NA 60.2156 38.8845
426 4.4377 2.4085 2.3969 2.9104 0.7647 0.7665 2.9103 0.7643 0.7549
83 5.7883 3.511 3.5113 3.4019 0.8459 0.8467 3.4019 0.8459 0.8456
323 20.2899 17.1179 17.0937 4.3092 1.3784 1.3654 4.3092 1.3817 1.3732
34 5.7768 1.9842 1.9846 4.7787 0.6986 0.6992 4.7694 0.6987 0.6974
442 2.8608 1.4148 1.4095 1.9184 0.4902 0.4902 1.9171 0.4896 0.4898
185 4.9993 3.2167 3.2105 2.4792 0.8188 0.8176 2.476 0.815 0.8219
493 3.9196 2.0261 2.0523 2.3417 0.4402 0.4404 2.3432 0.4402 0.4401
65 8.48 3.111 3.0939 6.0839 0.6717 0.6678 6.0842 0.6711 0.6649
203 5.1376 3.4713 3.469 2.3546 0.6972 0.6967 2.3543 0.6943 0.6933
305 3.4883 1.6638 1.6639 2.3876 0.5697 0.5696 2.3876 0.5688 0.5687
529 2.336 1.2599 1.2603 1.4997 0.4269 0.4267 1.4997 0.4269 0.4271
47 3.6638 1.8188 1.816 2.2957 0.5558 0.556 2.2957 0.555 0.5556
167 3.4462 1.5439 1.5448 2.2556 0.3347 0.3386 2.2543 0.3367 0.3373
339 3.9191 1.5066 1.5033 2.9145 0.4992 0.4997 2.9154 0.4991 0.4981
118 3.9011 2.207 2.2064 2.2088 0.5437 0.5436 2.2083 0.5421 0.5434
357 3.0654 1.8045 1.8215 1.8607 0.6029 0.601 1.8607 0.6015 0.6017
16 9.4447 4.7191 4.6976 6.4978 1.665 1.6719 6.4978 1.6545 1.6654
374 9.4199 1.88 1.8771 8.1628 0.6277 0.6285 8.1628 0.6231 0.6264
391 2.6417 1.7015 1.7008 1.2964 0.3643 0.3649 1.2964 0.364 0.3599
84 3.7727 2.0258 2.0256 2.1885 0.417 0.4168 2.1869 0.4166 0.4157
510 31.6565 15.2064 15.34 25.3453 5.4068 5.9902 25.3435 5.2774 5.2622
460 3.7933 2.4136 2.4123 2.4617 0.8636 0.8504 2.4025 0.8634 0.8778
239 13.489 8.9514 8.8871 8.5222 3.3998 3.4077 8.5036 3.3758 3.4944
135 3.2535 1.7459 1.7363 1.7271 0.322 0.3231 1.7275 0.3219 0.3216
152 4.6759 2.1596 2.1575 3.1271 0.5835 0.5785 3.127 0.5811 0.5784
101 3.0106 1.8735 1.8692 1.4659 0.3607 0.3618 1.4659 0.361 0.3612
271 3.6497 1.8243 1.8186 2.7405 0.7298 0.7315 2.734 0.7274 0.7354
409 4.0938 2.348 2.3444 2.354 0.5203 0.522 2.3552 0.5236 0.5208
219 37.9292 22.7442 22.7662 17.2808 1.9914 2.0021 17.1823 1.9925 2.0127
186 3.5504 2.2489 2.2485 1.8284 0.5549 0.5549 1.8265 0.5543 0.5555
324 5.0637 1.8413 1.8411 3.8568 0.6524 0.6518 3.8566 0.6524 0.646
252 140.0991 140.829 NA 20.782 16.5441 16.2852 20.7152 17.657 16.8795
35 7.8049 5.4262 5.4207 6.3849 3.5997 3.6059 6.3835 3.5997 3.5956
48 2.9828 1.693 1.6886 1.8468 0.5735 0.5763 1.847 0.5736 0.5709
290 5.1578 4.1907 4.2042 2.5054 1.4122 1.4035 2.5046 1.4129 1.4472
477 12.411 8.5536 8.6121 4.7879 0.8886 0.8938 4.7772 0.8804 0.8911
204 2.5521 1.3792 1.3792 1.6436 0.5122 0.5107 1.6506 0.5123 0.5119
530 2.5904 1.7114 1.7103 1.3772 0.5108 0.5108 1.3763 0.5109 0.5093
494 3.3786 1.418 1.4165 2.4591 0.5015 0.5014 2.4589 0.497 0.4966
119 2.9536 1.7047 1.6842 1.9841 0.727 0.7337 1.9801 0.7269 0.7268
443 4.1362 2.2129 2.2286 2.952 0.9277 0.945 2.9519 0.9271 0.9246
410 2.9942 1.4545 1.4559 1.903 0.3825 0.3829 1.903 0.3814 0.3816
66 5.0934 2.5295 2.5155 3.2667 0.6359 0.6343 3.2672 0.6356 0.6338
511 3.1542 1.5774 1.5773 2.0451 0.4953 0.4965 2.0451 0.4954 0.495
427 8.3425 4.7979 4.8066 3.9586 0.7481 0.7373 3.957 0.731 0.7428
205 3.0102 1.4915 1.4915 1.8255 0.3481 0.3481 1.826 0.348 0.3488
358 3.5243 2.0902 2.0847 2.1496 0.6888 0.6893 2.1497 0.6885 0.6932
340 2.9032 1.7323 1.669 1.5807 0.4201 0.4202 1.5807 0.4198 0.4196
325 6.1923 1.5789 1.5798 5.0226 0.4622 0.4591 4.9924 0.461 0.4595
306 3.3111 1.255 1.2555 2.3528 0.4588 0.4582 2.3503 0.4574 0.4585
17 3.7744 1.7901 1.7912 2.4681 0.5686 0.5689 2.467 0.5704 0.5691
153 7.503 2.4094 2.4018 5.8832 0.6616 0.6595 5.8643 0.6617 0.6579
85 2.4687 1.4434 1.4446 1.3522 0.3196 0.3197 1.3524 0.3183 0.3198
168 10.6515 3.7751 3.8876 7.7933 1.0177 1.0164 7.7933 1.0178 1.0337
461 2.488 1.3724 1.3719 1.4716 0.347 0.3461 1.4717 0.3465 0.3499
531 2.6971 1.549 1.5477 1.4871 0.3486 0.3476 1.4871 0.3488 0.3472
240 5.2308 3.9381 3.9387 1.9236 0.6928 0.6871 1.9235 0.7056 0.7199
375 8.434 3.3343 3.3311 5.7594 0.7046 0.6986 5.7594 0.7047 0.7005
411 2.9018 1.7057 1.7052 1.6427 0.5079 0.5063 1.6432 0.5081 0.5061
36 3.5132 1.7687 1.7687 2.1289 0.4575 0.457 2.1289 0.4563 0.4493
392 4.3433 1.9954 1.9961 3.0186 0.7424 0.7436 3.6989 0.7416 0.732
187 4.1384 1.395 1.3952 3.0118 0.4303 0.4287 3.0091 0.4303 0.4295
220 4.3974 2.569 2.5626 2.3885 0.5743 0.5747 2.3893 0.5741 0.5709
120 5.9825 4.1969 4.1965 2.4191 0.6427 0.6422 2.4187 0.6427 0.642
272 4.9399 3.0453 3.0489 2.6322 0.7631 0.7631 2.6365 0.7592 0.7585
495 3.5699 2.412 2.4123 1.666 0.5678 0.5681 1.666 0.5679 0.5678
136 5.7098 3.9387 3.9323 2.3431 0.6337 0.6198 2.3406 0.637 0.6214
428 4.0355 1.8279 1.8279 2.8901 0.6133 0.6141 2.8898 0.6074 0.611
393 2.1327 1.1971 1.1975 1.3059 0.3389 0.3389 1.3052 0.3388 0.3386
67 2.7483 1.1597 1.1602 1.9976 0.4229 0.4217 1.998 0.4229 0.4219
102 20.6853 20.6603 21.4859 4.4672 1.6989 1.7394 4.4671 1.6949 1.7368
512 3.8542 1.8493 1.8399 2.5062 0.5106 0.5104 2.5062 0.5105 0.5106
444 3.5264 1.7813 1.8104 2.3928 0.5791 0.578 2.3891 0.5791 0.5766
478 4.325 2.5133 2.5106 2.5269 0.7067 0.7071 2.5417 0.7072 0.6991
206 4.1781 2.4652 2.4669 2.2249 0.5862 0.5877 2.2234 0.5823 0.5904
37 3.1104 1.994 1.9944 1.5283 0.4472 0.4471 1.5277 0.4471 0.4471
462 2.8763 1.3305 1.3243 1.8485 0.3051 0.3045 1.849 0.3051 0.3047
86 3.5675 1.9433 1.9426 2.082 0.4601 0.4598 2.0785 0.4601 0.4595
376 3.9322 2.2634 2.2672 2.5595 0.8287 0.8316 2.5595 0.8273 0.8274
49 3.3193 2.1528 2.1539 1.9258 0.7691 0.7667 1.9258 0.7689 0.7705
291 13.9702 11.3823 11.5786 6.4172 3.8372 3.7513 6.4435 3.8431 3.745
307 6.0523 3.1127 3.1087 3.4247 0.4999 0.4984 3.4234 0.4988 0.4984
341 4.0643 2.2786 2.2779 2.1646 0.4882 0.4872 2.1643 0.4881 0.4898
253 38.8806 31.5214 31.3544 12.9715 1.7566 1.7539 11.9733 1.7473 1.7394
188 6.3105 3.0059 2.9866 3.7319 0.5607 0.5609 3.7319 0.5631 0.5603
121 2.6713 1.3865 1.3845 1.5768 0.3147 0.314 1.5768 0.3149 0.3151
18 4.9786 2.7709 2.7621 2.7513 0.6134 0.6011 2.7518 0.6148 0.6023
273 3.3174 2.2161 2.216 1.4348 0.3861 0.3861 1.4347 0.3859 0.3858
496 4.4414 2.6216 2.6208 2.4115 0.619 0.6179 2.4121 0.6186 0.6141
38 3.1144 1.696 1.696 1.9735 0.5824 0.5797 1.9735 0.5824 0.58
412 6.5226 1.9432 1.943 5.1566 0.6267 0.6251 5.1466 0.6271 0.6264
137 3.3292 1.8356 1.8357 1.9016 0.4611 0.4607 1.9016 0.4608 0.4585
50 3.3217 1.7605 1.7584 2.1778 0.5974 0.5969 2.1783 0.5975 0.596
241 3.9766 2.4793 2.4769 1.8658 0.3422 0.3416 1.8647 0.3418 0.3415
169 3.7878 2.3373 2.336 2.0882 0.4985 0.4999 2.0882 0.4943 0.4978
359 4.6579 2.1454 2.14 3.5746 1.121 1.1172 3.566 1.1212 1.1176
154 7.9136 2.8782 2.8755 6.1924 0.8986 0.9073 6.1429 0.9057 0.9044
326 5.9759 1.9104 1.9091 4.8286 0.8872 0.8768 4.8175 0.8765 0.8755
429 3.816 1.8981 1.8986 2.8448 0.8979 0.9001 2.8448 0.8983 0.8931
242 1.8886 1.084 1.0834 1.1283 0.3446 0.3441 1.1301 0.3449 0.3448
532 76.1964 66.3313 66.1623 11.8574 6.7277 6.1596 11.863 6.4029 6.5174
207 2.894 1.6674 1.6638 1.593 0.3899 0.3898 1.5922 0.3899 0.3899
513 28.4574 3.1763 3.1613 20.9368 1.7458 1.7363 23.9113 1.7446 1.7362
463 2.1137 0.9911 0.9911 1.4466 0.3249 0.3246 1.4466 0.3249 0.3256
394 3.1658 1.7587 1.7586 1.8979 0.4869 0.4889 1.8979 0.4913 0.49
221 26.3962 9.3432 9.394 19.5269 2.0722 2.1007 19.3733 2.0726 2.1046
103 3.7484 1.8321 1.8286 2.4519 0.5644 0.5645 2.4519 0.5651 0.5639
445 3.3533 1.7828 1.7754 2.1046 0.3459 0.3456 2.1066 0.346 0.3453
68 3.6138 1.8339 1.8405 2.429 0.5499 0.5463 2.4286 0.5488 0.5493
19 7.0077 5.5171 5.5209 2.3673 0.8377 0.8447 2.3665 0.8369 0.8406
377 2.8932 1.5639 1.562 1.7277 0.4029 0.403 1.7267 0.4029 0.4032
497 3.4812 1.633 1.6323 2.1697 0.4004 0.4004 2.1699 0.4001 0.4003
155 5.605 3.3817 3.377 3.2011 1.0365 1.036 3.2012 1.0365 1.0342
87 2.7682 1.8119 1.812 1.2988 0.3543 0.3546 1.2988 0.3543 0.3539
170 5.3257 2.0364 2.0384 3.8668 0.6026 0.6025 3.8668 0.6025 0.5994
51 4.2722 1.9744 1.9748 2.7889 0.4923 0.4926 2.7888 0.4925 0.4896
413 3.6845 1.7066 1.7069 2.4798 0.5027 0.5027 2.4801 0.5007 0.5002
308 4.4756 2.8469 2.8002 2.7105 1.0915 1.0942 2.7099 1.0931 1.0867
254 5.7126 3.3236 3.3092 3.4536 0.7085 0.7059 3.4403 0.7084 0.7031
122 5.0232 3.0639 3.0615 2.4637 0.6208 0.6197 2.4641 0.6208 0.6238
189 4.2742 2.9472 2.9211 2.1452 0.9122 0.9122 2.1452 0.9153 0.9097
360 5.6207 2.1041 2.1056 4.1859 0.686 0.6872 4.1859 0.6856 0.6913
274 3.9453 1.579 1.5791 2.8895 0.5499 0.5505 2.8827 0.5501 0.5499
342 4.5331 1.4586 1.453 3.4706 0.4356 0.435 3.4706 0.4354 0.4337
292 4.3728 2.6127 2.6096 2.4048 0.6767 0.6758 2.4012 0.675 0.6785
39 4.0594 2.5751 2.575 2.0938 0.4624 0.4626 2.0926 0.4659 0.4649
446 2.2413 1.1701 1.1705 1.3902 0.3198 0.3197 1.3904 0.3197 0.3201
208 17.6641 4.5246 4.502 14.4094 1.2061 1.2146 14.409 1.2184 1.212
464 3.1777 1.8417 1.841 1.8467 0.4966 0.4978 1.8456 0.497 0.4968
430 3.776 2.1224 2.1222 2.2209 0.4943 0.4959 2.2209 0.494 0.4948
104 4.821 2.4692 2.4665 2.7683 0.4556 0.4556 2.7698 0.4565 0.4555
395 2.6781 1.5376 1.5374 1.6127 0.4333 0.4332 1.613 0.4337 0.4327
156 2.6959 1.5053 1.5045 1.5426 0.3807 0.3804 1.5427 0.3798 0.3788
378 8.1591 5.6138 5.6132 2.9528 0.5749 0.5737 2.9534 0.5749 0.5742
222 2.4924 1.2338 1.2337 1.6947 0.4252 0.4254 1.6945 0.4253 0.4221
479 5.1622 2.3049 2.3022 3.6804 0.8988 0.8868 3.6803 0.8945 0.8863
138 4.6833 2.5491 2.5408 2.8042 0.7497 0.7445 2.8022 0.7474 0.7459
88 5.11 2.6024 2.602 3.322 0.7882 0.7911 3.3224 0.7877 0.7886
327 5.9547 2.2693 2.2632 4.7369 0.9691 0.9675 4.721 0.9671 0.9664
20 2.8894 1.3675 1.3672 1.9694 0.4624 0.4627 1.9713 0.4625 0.4598
105 3.6274 2.1637 2.1639 1.9173 0.4356 0.436 1.9173 0.4352 0.435
123 2.9586 2.0052 2.0035 1.63 0.57 0.5696 1.6303 0.57 0.5701
255 3.2977 1.6235 1.6232 2.0016 0.3599 0.3608 2.0021 0.3599 0.3616
343 2.3999 1.5665 1.5957 1.1469 0.3522 0.3524 1.146 0.3521 0.352
498 6.166 3.305 3.3021 3.4509 0.6175 0.6184 3.4529 0.6176 0.6153
533 14.236 11.282 11.3183 7.0754 3.1876 3.1519 6.6658 3.0814 3.0319
40 3.1856 1.5998 1.6002 2.127 0.5433 0.5442 2.1271 0.5473 0.5429
447 3.6684 1.7992 1.8035 2.475 0.6323 0.6311 2.475 0.6318 0.6302
309 9.8748 4.2737 4.3094 6.3153 1.2069 1.2127 6.3159 1.205 1.2065
243 7.0759 3.2931 3.2913 4.5423 0.8228 0.8209 4.541 0.8177 0.8266
275 3.8528 1.4769 1.4719 2.9229 0.5532 0.5527 2.9229 0.5526 0.5515
171 3.8296 2.4878 2.4877 1.8778 0.5452 0.5453 1.8782 0.5466 0.5452
69 2.9173 1.5917 1.5915 1.8562 0.5258 0.5291 1.8562 0.5247 0.5266
514 40.7827 11.5103 11.5057 33.8145 3.3895 3.2416 33.8146 3.4109 3.2179
89 3.0813 1.5581 1.5491 1.833 0.3264 0.325 1.8339 0.3264 0.3303
52 2.7196 1.4655 1.4666 1.7599 0.4324 0.4348 1.7597 0.4317 0.4342
124 2.5038 1.4203 1.4197 1.4521 0.3785 0.3785 1.4503 0.3778 0.3785
361 5.918 2.2892 2.2877 4.4309 0.8295 0.828 4.4076 0.8287 0.8244
431 4.1043 2.1601 2.1413 2.4252 0.5002 0.4965 2.4252 0.5001 0.4957
139 5.4838 2.9684 2.9742 2.7971 0.5332 0.533 2.797 0.5334 0.5303
414 25.0381 20.9127 20.9347 12.4179 8.0401 8.3713 12.4198 7.9829 8.4282
223 3.6655 2.2067 2.1972 2.223 0.6587 0.6526 2.2245 0.6554 0.6548
396 5.4346 2.3314 2.3388 3.7141 0.606 0.6029 3.7127 0.6058 0.6034
190 3.1197 1.7714 1.7694 1.789 0.4883 0.4859 1.789 0.4876 0.4871
480 2.0047 1.0906 1.0872 1.305 0.3848 0.3846 1.3051 0.3838 0.3835
465 7.7995 3.3898 3.4 5.7576 1.2554 1.259 5.7576 1.2555 1.2386
209 5.0863 3.2007 3.1807 2.7879 0.8294 0.8257 2.7883 0.823 0.8265
499 3.1235 1.5294 1.5241 2.1496 0.5253 0.5255 2.1496 0.5251 0.5245
106 3.7734 2.077 2.0783 2.3362 0.6975 0.6957 2.3369 0.6972 0.7175
328 9.2215 5.6243 5.7639 5.882 2.5749 2.5898 5.8824 2.5731 2.6147
448 4.429 2.105 2.106 2.8246 0.4921 0.4909 2.8235 0.4889 0.488
41 4.5155 2.5741 2.5733 2.5921 0.7061 0.7059 2.5923 0.7061 0.7043
293 5.7889 3.5169 3.516 3.2129 0.9519 0.9507 3.2129 0.9385 0.9431
534 5.1695 2.3682 2.3584 3.4989 0.7432 0.7321 3.5046 0.7439 0.7315
432 3.1735 1.5295 1.5294 2.0163 0.3949 0.3949 2.0165 0.3952 0.3944
70 4.5644 2.3299 2.329 3.1637 0.8883 0.8872 3.1655 0.8878 0.8865
256 4.9856 2.2149 2.2124 3.3858 0.6176 0.6147 3.3873 0.6175 0.6147
157 7.9459 6.1828 6.2077 7.0114 5.0893 4.9453 6.9993 4.949 5.0522
172 2.9353 1.7391 1.7381 1.598 0.3825 0.382 1.598 0.3824 0.3815
310 5.2736 3.8816 3.8793 2.031 0.5794 0.5774 2.0257 0.5791 0.5762
344 25.6656 16.001 16.0831 14.2039 4.7039 4.6937 14.2076 4.6977 4.6401
21 4.611 2.1309 2.1267 3.0863 0.5629 0.5621 3.0863 0.5622 0.5621
362 4.7677 2.3512 2.3364 3.3749 0.8242 0.8254 3.3751 0.8243 0.8237
53 3.2018 1.7961 1.7928 1.8203 0.4102 0.4103 1.8204 0.4102 0.4103
397 2.3204 1.1905 1.187 1.4344 0.3274 0.332 1.4377 0.3274 0.3279
379 4.2611 3.2306 3.2251 1.5372 0.4923 0.493 1.5505 0.5005 0.4902
500 3.3997 2.1188 2.1189 1.7964 0.478 0.4783 1.796 0.4779 0.4775
125 4.2606 1.7855 1.785 3.2025 0.6039 0.6034 3.2026 0.6027 0.6024
140 4.7852 3.263 3.2603 2.2475 0.6728 0.6917 2.2461 0.673 0.6906
276 2.6981 1.2828 1.2826 1.9054 0.5002 0.4995 1.8971 0.4966 0.497
433 4.8089 2.4081 2.4103 2.8645 0.5261 0.529 2.8661 0.5261 0.5261
191 2.8545 1.107 1.1076 2.1642 0.4012 0.3995 2.1642 0.4025 0.4044
244 5.2034 2.4948 2.4879 3.5445 0.7458 0.7512 3.5509 0.7445 0.7451
515 6.2353 2.9413 2.9386 4.2209 0.9138 0.9123 4.2202 0.9153 0.9103
329 3.3993 1.7748 1.7917 2.109 0.4467 0.4473 2.109 0.4456 0.4452
535 5.5489 2.1435 2.1439 4.3303 0.7043 0.7095 4.3291 0.7043 0.7089
481 4.7074 2.4985 2.4973 2.9219 0.7233 0.7255 2.9179 0.7233 0.7213
107 3.2102 1.8789 1.8805 1.8704 0.535 0.5353 1.8706 0.5352 0.5371
466 3.0802 1.573 1.5733 2.1288 0.6023 0.6051 2.1288 0.6132 0.6143
224 27.615 6.4253 6.3932 23.093 1.9063 1.9265 23.0971 1.9067 1.8764
482 2.6255 1.6691 1.6683 1.3539 0.4384 0.438 1.3539 0.4384 0.438
210 8.0727 4.6942 4.7037 4.9459 1.4988 1.49 4.9351 1.4665 1.5008
257 2.4951 1.4059 1.4062 1.5175 0.4103 0.4156 1.5174 0.4104 0.4093
398 4.6938 2.8879 2.8875 2.3698 0.5285 0.5379 2.3698 0.5285 0.5263
380 3.1229 2.1106 2.1115 1.5299 0.5454 0.5457 1.53 0.5465 0.5447
294 2.7332 1.6886 1.6884 1.5904 0.3944 0.3971 1.5905 0.3917 0.3941
90 6.6535 2.9229 2.9255 6.4696 0.8064 0.7902 6.8076 0.7982 0.7931
173 5.6547 4.2636 4.2692 2.4354 0.9761 0.9856 2.4252 0.9852 0.9894
311 3.5535 1.4987 1.4986 2.4829 0.4129 0.4134 2.4829 0.413 0.4132
141 2.8914 1.4348 1.4359 1.9125 0.5033 0.5037 1.9125 0.5033 0.5055
126 3.326 1.8932 1.8946 2.1411 0.7058 0.7056 2.1396 0.7052 0.7027
434 2.6246 1.3911 1.3881 1.6284 0.4192 0.4195 1.6288 0.4163 0.4174
536 3.1451 1.6447 1.6441 1.9078 0.5013 0.5003 1.9149 0.5014 0.4986
158 5.7682 4.2417 4.2362 2.1321 0.548 0.5478 2.1215 0.548 0.5576
501 6.1615 3.785 3.7468 3.9757 1.4132 1.3947 3.9732 1.4131 1.3836
192 3.405 1.7958 1.7971 2.2218 0.6119 0.6105 2.2212 0.612 0.6119
467 4.0014 1.8465 1.8278 2.6699 0.5659 0.5662 2.6702 0.5659 0.5659
22 17.4192 5.3 5.2952 15.5492 3.3981 3.3535 15.5709 3.398 3.3735
71 5.6568 3.1452 3.116 3.7914 1.525 1.5303 3.7888 1.504 1.5248
449 5.5395 2.3595 2.3494 3.9037 0.7669 0.7663 3.8826 0.7632 0.7708
277 6.2205 3.6941 3.6802 3.3073 0.8424 0.8403 3.3069 0.8424 0.8399
258 3.2649 1.405 1.4051 2.3355 0.4299 0.4301 2.3355 0.4314 0.4298
211 4.6375 2.9203 2.9155 2.5532 0.8378 0.8361 2.5532 0.8372 0.8339
54 4.1112 2.4601 2.4603 2.0786 0.4873 0.4918 2.0788 0.4867 0.4862
108 2.5727 1.4496 1.4462 1.563 0.4043 0.4027 1.5621 0.4041 0.4038
91 6.6911 4.1473 4.1466 4.396 1.7966 1.7962 4.3952 1.7966 1.7905
330 3.4727 2.1279 2.1313 1.9039 0.5968 0.5958 1.9041 0.5937 0.6025
345 10.913 2.6121 2.6134 9.6088 0.7217 0.7208 9.5209 0.7161 0.719
363 4.3338 2.7289 2.7269 2.7857 1.1621 1.1569 2.7782 1.1589 1.1592
415 14.7379 12.3357 11.1837 5.7511 3.549 3.503 5.7379 3.5494 3.9297
483 5.1901 3.2423 3.2343 2.2003 0.3962 0.396 2.2003 0.3961 0.3968
399 3.1847 1.8191 1.8101 2.0621 0.5983 0.5992 2.0586 0.5983 0.5978
516 5.3753 3.585 3.5836 2.4141 0.6669 0.6608 2.4128 0.6663 0.6532
295 3.3401 1.9738 1.9725 1.9994 0.62 0.6207 1.9997 0.62 0.6176
225 10.2757 6.5445 6.478 5.3257 1.2145 1.214 5.3217 1.206 1.2089
381 5.4459 2.9444 2.9464 2.9404 0.5554 0.557 2.9384 0.5555 0.5579
23 3.1113 1.6977 1.6984 1.821 0.4349 0.4345 1.8209 0.4348 0.4336
127 7.9626 1.9133 1.9577 7.1229 0.8178 0.8162 7.0464 0.8176 0.8163
278 2.3453 1.3272 1.3225 1.4202 0.345 0.3451 1.4202 0.3475 0.3448
159 2.4217 1.3984 1.3981 1.3364 0.3267 0.3263 1.3358 0.3266 0.3268
245 5.132 4.0602 4.0543 2.301 1.1612 1.1486 2.3079 1.2111 1.2083
468 4.8732 3.5168 3.5183 1.841 0.4525 0.448 1.8429 0.4524 0.4536
55 3.006 1.6891 1.6892 1.8208 0.4694 0.4693 1.8205 0.4693 0.4655
346 4.7719 2.8544 2.8535 2.7764 0.8598 0.8625 2.7758 0.86 0.8557
72 6.2617 3.0531 3.0503 3.8833 0.7878 0.7879 3.883 0.779 0.7875
92 5.0221 2.8678 2.869 2.7719 0.5849 0.585 2.7719 0.5847 0.5837
193 5.6954 1.5395 1.5248 4.754 0.6531 0.6521 4.7537 0.653 0.653
502 3.1553 1.4933 1.4831 2.0658 0.486 0.4869 2.0658 0.488 0.4862
174 10.8044 5.301 5.2746 6.8332 1.4613 1.4542 6.7787 1.4595 1.4265
24 2.0726 1.3158 1.3158 1.0492 0.3113 0.3114 1.0492 0.3117 0.312
450 2.5233 1.6474 1.6214 1.2156 0.3432 0.3432 1.2156 0.3431 0.3431
259 10.9259 2.0072 2.0068 9.5084 0.5653 0.5631 9.5175 0.5653 0.5638
331 3.9079 2.0626 2.0477 2.5043 0.7799 0.7792 2.5056 0.7779 0.7842
56 2.9847 1.3805 1.3802 2.1748 0.4989 0.4998 2.1756 0.4986 0.4998
279 4.7689 2.5945 2.5945 2.9521 0.8902 0.8902 2.9488 0.8899 0.8898
296 4.2638 1.2278 1.2278 3.6129 0.6064 0.6067 3.6122 0.6064 0.6019
212 3.1807 2.0806 2.0762 1.4705 0.3607 0.3606 1.4702 0.363 0.3608
537 4.5344 2.7143 2.726 2.592 0.7516 0.7495 2.5916 0.7499 0.7408
364 7.2274 5.792 5.6738 3.6391 1.4935 1.4379 3.639 1.5484 1.4472
382 3.6787 2.1452 2.142 2.514 0.9748 0.9759 2.5137 0.9748 0.9733
416 6.7975 5.5663 5.6996 2.2767 1.097 1.0983 2.2779 1.0927 1.0932
73 8.7622 6.9046 6.9058 3.1037 1.5346 1.5334 3.1022 1.4595 1.4995
347 2.2998 1.3188 1.3181 1.2975 0.3169 0.318 1.2975 0.3164 0.3166
226 4.4585 2.1157 2.1165 2.7359 0.4897 0.4935 2.7362 0.4867 0.4902
517 12.2237 5.7508 5.7504 8.1723 1.3325 1.3249 7.9605 1.3324 1.3255
469 22.4868 18.0943 18.09 6.1602 1.7103 1.7119 6.1593 1.7083 1.7152
160 4.9701 3.029 3.0291 3.3769 1.1479 1.1478 3.276 1.1504 1.1415
280 3.1028 1.3488 1.349 2.1363 0.3814 0.3815 2.1363 0.3838 0.3796
332 2.6276 1.4645 1.464 1.6945 0.5038 0.5038 1.6866 0.5035 0.5042
400 7.3692 3.5935 3.5857 4.6195 0.722 0.7213 4.6196 0.7242 0.7229
365 3.7777 1.8613 1.8602 1.9792 0.3318 0.331 1.9792 0.3322 0.3306
109 10.0692 5.8786 5.8693 5.8336 1.6128 1.591 5.8267 1.5973 1.5741
503 12.0539 7.4862 7.4826 5.6342 1.0484 1.0476 5.6345 1.0468 1.0502
297 4.1482 2.5628 2.563 2.3537 0.7761 0.7683 2.3537 0.7761 0.7749
142 59.8823 56.248 55.8581 15.1174 10.6344 12.0597 15.3982 10.1965 11.9103
484 291.9524 288.8409 287.3005 54.0548 60.2316 56.2747 52.4754 54.7858 52.7801
312 10.068 5.1293 5.0427 6.3216 2.035 2.0303 6.1924 2.01 2.0121
417 3.8679 1.4088 1.408 3.0842 0.6645 0.6659 3.0848 0.6645 0.6569
246 17.0525 7.7429 7.8674 11.3653 1.5416 1.5262 11.4202 1.5282 1.5148
451 20.0133 17.4735 17.3986 3.3715 1.3024 1.4117 3.3708 1.2696 1.3014
175 3.9346 2.2495 2.2385 2.4345 0.48 0.4795 2.4356 0.4843 0.4788
260 20.0655 5.8274 5.8272 17.3963 2.0625 2.0446 17.3731 2.0298 2.0317
518 1.9394 0.9199 0.92 1.3429 0.3216 0.3227 1.3429 0.3217 0.323
313 4.3439 2.5992 2.6 2.3294 0.5886 0.5888 2.3296 0.5888 0.5888
485 2.3619 1.1781 1.1783 1.5346 0.3609 0.361 1.5346 0.3608 0.3605
194 8.4227 6.259 6.2533 3.3305 1.0044 0.9813 3.3306 0.9954 0.988
366 6.4106 4.5778 4.5825 2.5229 0.663 0.6632 2.5233 0.6631 0.6638
281 14.0204 10.0755 10.0875 5.6642 1.539 1.538 5.6701 1.5359 1.5419
161 3.8273 2.4116 2.4123 1.9072 0.5436 0.5458 1.8954 0.543 0.5456
57 4.0353 2.3521 2.3365 2.3995 0.8093 0.8084 2.4175 0.8073 0.8069
298 9.0521 7.9517 7.9077 7.5657 6.5636 6.506 7.5625 6.5609 6.4411
110 3.0639 1.3102 1.3075 2.1 0.3731 0.3744 2.0982 0.3732 0.3702
383 5.0814 2.4823 2.4717 3.5144 0.7878 0.7893 3.4913 0.7824 0.7769
348 5.8588 2.0526 2.0501 4.2005 0.4984 0.4969 4.2004 0.4981 0.4952
452 4.682 2.367 2.3681 2.9212 0.6011 0.601 2.9242 0.6003 0.6057
227 362.8455 262.0493 410.0079 670.0563 685.2467 766.9516 263.387 181.0061 275.5016
74 3.6638 1.9056 1.9311 2.1622 0.3538 0.3527 2.1631 0.3523 0.3524
143 5.2527 2.1673 2.1672 3.701 0.6276 0.6275 3.7009 0.6294 0.6291
314 2.4236 1.6603 1.6794 1.2029 0.4532 0.4534 1.2029 0.4532 0.4531
176 2.6606 1.6066 1.6066 1.8383 0.8025 0.7966 1.835 0.7996 0.8031
75 3.9658 2.6544 2.6542 1.8816 0.5687 0.5677 1.8816 0.5678 0.5687
519 3.6834 2.2986 2.2964 1.8688 0.4931 0.4938 1.8694 0.4932 0.4929
58 2.7671 1.3383 1.3372 1.8388 0.4344 0.4344 1.8384 0.4378 0.4365
177 3.1144 1.5044 1.5028 2.0013 0.4091 0.4091 2.0064 0.4087 0.4091
195 4.0505 2.7432 2.743 1.8677 0.5954 0.5936 1.8677 0.5951 0.5942
520 6.5045 2.0315 2.0088 5.4253 0.7281 0.7292 5.4281 0.7281 0.7305
261 3.2467 1.9769 1.9779 1.5695 0.4077 0.4061 1.5699 0.4018 0.4046
228 5.3112 3.1964 3.1999 3.0399 0.8928 0.8916 3.0421 0.8925 0.8911
349 3.7358 2.1362 2.0563 2.1596 0.5796 0.579 2.1583 0.5794 0.5789
315 3.4649 1.6238 1.6239 2.2673 0.4032 0.4032 2.2705 0.4015 0.403
486 22.1983 16.5225 16.7842 10.5287 5.3556 5.3338 10.5203 5.3497 5.1884
144 2.2935 1.4372 1.4369 1.4952 0.57 0.5681 1.4948 0.5694 0.5684
229 4.1784 1.7442 1.7426 2.9477 0.503 0.503 2.9477 0.503 0.5011
178 5.1895 2.9906 3.0167 2.8955 0.8199 0.8139 2.891 0.8264 0.8171
262 7.974 4.6729 4.4828 7.0047 3.1745 2.9789 6.6064 2.9747 3.1224
263 7.2604 1.7531 1.7531 6.3416 0.6651 0.6649 6.3359 0.6521 0.6535
"x"
"1" "== degree of freedom:  2 =="
213 1.5076 0.679 0.6792 1.0135 0.1882 0.1883 1.0135 0.1882 0.188
418 1.7127 0.9426 0.942 0.9493 0.1793 0.1793 0.9493 0.1802 0.1796
145 1.3892 0.7823 0.7825 0.7677 0.1708 0.1709 0.7677 0.1707 0.1707
59 1.6075 0.7701 0.7702 1.0444 0.2 0.2 1.0447 0.2001 0.2003
42 1.246 0.7215 0.7215 0.7022 0.1813 0.1814 0.7022 0.1815 0.1812
93 1.479 0.7187 0.7188 0.9075 0.1681 0.1681 0.9081 0.1679 0.1678
264 1.5563 0.7043 0.7042 0.9948 0.1889 0.1887 0.9948 0.1889 0.1888
25 1.6131 0.8453 0.8453 0.9728 0.1973 0.1971 0.9728 0.1972 0.1968
367 1.7941 0.6457 0.6467 1.2722 0.2191 0.2194 1.2724 0.2191 0.2188
333 1.4387 0.8857 0.8855 0.7714 0.2146 0.215 0.7714 0.2146 0.2145
162 1.8651 1.0584 1.0578 1.0304 0.2238 0.2239 1.0304 0.2239 0.2248
247 1.2408 0.6189 0.6185 0.7972 0.1749 0.1747 0.7973 0.1749 0.175
196 1.2797 0.7507 0.7505 0.7246 0.1987 0.1989 0.7246 0.1986 0.1987
230 1.554 0.8881 0.8882 0.8824 0.1818 0.1816 0.8823 0.1822 0.1822
453 1.589 0.9304 0.9289 0.8686 0.1943 0.1958 0.8686 0.1945 0.1954
128 1.065 0.6448 0.644 0.5869 0.1646 0.1644 0.5869 0.1646 0.1644
60 1.2039 0.7384 0.7387 0.6167 0.1617 0.1619 0.6167 0.1618 0.1615
350 1.2687 0.6697 0.6701 0.7935 0.1932 0.1932 0.7935 0.1932 0.1932
76 1.2406 0.6333 0.6326 0.8045 0.1895 0.1901 0.8045 0.1896 0.1907
487 1.1335 0.6312 0.6313 0.6537 0.1642 0.1642 0.6537 0.1641 0.164
316 1.5879 0.9789 0.9661 0.7699 0.1824 0.1825 0.77 0.1824 0.1824
299 1.4106 0.717 0.7169 0.8817 0.1888 0.1885 0.8822 0.1888 0.1894
146 1.735 1.0116 1.0116 0.9437 0.2244 0.2246 0.9437 0.2246 0.2245
265 1.1933 0.7407 0.7407 0.6382 0.1871 0.1871 0.6393 0.1878 0.1877
384 1.5829 0.746 0.7464 0.986 0.1799 0.1802 0.986 0.1799 0.1799
8 1.7266 0.9191 0.9192 1.0161 0.2241 0.224 1.0167 0.224 0.2241
282 1.5896 0.91 0.9104 0.8369 0.1961 0.1961 0.8369 0.1964 0.1959
214 1.1228 0.6767 0.6768 0.6092 0.1694 0.1693 0.6087 0.1694 0.1691
454 1.5121 0.7269 0.7284 0.9289 0.1671 0.1671 0.929 0.1671 0.167
435 1.4604 0.8785 0.8784 0.7574 0.1746 0.1754 0.7575 0.1746 0.1746
521 1.2776 0.626 0.6248 0.8425 0.1933 0.1928 0.8428 0.1947 0.1931
111 1.4312 0.8049 0.8026 0.7954 0.1695 0.1694 0.7952 0.1694 0.1706
504 1.4223 0.6192 0.6191 0.9974 0.2004 0.2003 0.9966 0.2001 0.2005
419 2.0038 0.8811 0.8813 1.3439 0.2256 0.2257 1.3439 0.2258 0.2257
179 1.405 0.7866 0.7865 0.8057 0.1819 0.1813 0.8057 0.1817 0.1828
470 1.5466 0.7646 0.7631 0.9874 0.2045 0.2044 0.9874 0.2044 0.2055
317 1.5196 0.7741 0.7734 0.959 0.1914 0.1915 0.959 0.1915 0.1916
401 1.4817 0.9003 0.9014 0.7681 0.2174 0.2182 0.7681 0.2176 0.2172
351 1.3314 0.8045 0.8164 0.7057 0.1804 0.1803 0.7057 0.1804 0.1804
248 1.5591 0.7406 0.7403 1.0272 0.1993 0.1993 1.0272 0.1992 0.1993
266 1.3372 0.6784 0.6782 0.8431 0.194 0.1942 0.8431 0.194 0.1942
61 1.8271 0.7728 0.7731 1.2796 0.2213 0.2213 1.2796 0.2218 0.2213
231 1.6209 0.8307 0.831 0.9318 0.1962 0.1964 0.9319 0.1961 0.1963
94 1.2162 0.6991 0.6992 0.6838 0.1706 0.1707 0.6838 0.1706 0.171
197 1.9057 0.966 0.9661 1.1316 0.2117 0.2118 1.1316 0.2126 0.2115
385 1.7043 0.6698 0.6695 1.2383 0.2079 0.2079 1.2383 0.2078 0.207
163 1.6226 0.8971 0.8962 0.9663 0.2162 0.2162 0.9664 0.2159 0.2162
112 1.6733 0.8001 0.7997 1.0719 0.1903 0.1904 1.0718 0.1906 0.1899
147 1.1887 0.7485 0.7486 0.5952 0.1708 0.1709 0.5952 0.1708 0.1706
9 1.5817 0.7387 0.7364 1.0009 0.1816 0.1817 1.0008 0.1816 0.1816
488 1.1778 0.7225 0.7226 0.6371 0.184 0.1841 0.637 0.1855 0.1841
26 1.3776 0.7246 0.7245 0.8165 0.1679 0.1679 0.817 0.1688 0.1676
129 1.8352 1.1663 1.1664 0.9105 0.2399 0.24 0.9099 0.2398 0.24
180 1.4586 0.7703 0.7788 0.8408 0.1619 0.1618 0.8408 0.1619 0.1621
368 1.3031 0.7252 0.7241 0.7484 0.1686 0.169 0.7484 0.1685 0.1685
215 1.4064 0.7843 0.7845 0.8189 0.192 0.1917 0.8189 0.1919 0.1917
522 1.3841 0.6457 0.6459 0.9084 0.184 0.1841 0.9083 0.1842 0.1845
318 1.2577 0.7254 0.7253 0.7441 0.2091 0.2091 0.744 0.2091 0.2093
436 1.7291 1.0734 1.0727 0.9037 0.1915 0.1915 0.9037 0.1922 0.1915
283 1.3152 0.7064 0.7046 0.7808 0.1876 0.1872 0.7808 0.1875 0.1874
455 1.0877 0.5154 0.5154 0.7397 0.1725 0.1725 0.7391 0.1726 0.1725
43 1.6975 0.7994 0.8005 1.0628 0.1843 0.1842 1.0619 0.1844 0.1844
10 1.4323 0.9673 0.9673 0.6777 0.2047 0.2047 0.6776 0.2047 0.2047
198 1.1834 0.6272 0.6273 0.7376 0.1802 0.1804 0.7376 0.1804 0.1807
232 2.2386 1.4803 1.4823 1.0196 0.2299 0.2299 1.0196 0.2297 0.23
77 1.1684 0.6413 0.6406 0.7231 0.1878 0.1878 0.7231 0.1881 0.1874
300 1.1218 0.6006 0.6009 0.6772 0.1615 0.1617 0.6772 0.1622 0.1617
489 1.8046 0.8043 0.8043 1.2077 0.2099 0.2098 1.2062 0.2098 0.2097
334 2.4095 1.1636 1.1634 1.6483 0.4229 0.4305 1.6483 0.4212 0.423
352 1.4117 0.7536 0.7537 0.8376 0.1866 0.1873 0.8368 0.1864 0.1865
267 1.5421 0.7706 0.7705 0.93 0.1727 0.1725 0.93 0.1728 0.1725
402 1.1669 0.6975 0.6976 0.6399 0.166 0.166 0.6401 0.166 0.1659
216 1.3951 0.6933 0.6935 0.8713 0.1723 0.1723 0.8713 0.1723 0.1735
249 1.5802 0.691 0.691 1.0495 0.1891 0.1892 1.0413 0.1891 0.1889
505 1.251 0.6924 0.6918 0.7428 0.1871 0.1867 0.7436 0.1862 0.187
523 1.5858 0.7371 0.7355 1.0725 0.2175 0.2178 1.0725 0.2173 0.2179
420 1.769 0.8056 0.8055 1.2295 0.2743 0.2733 1.2296 0.2744 0.2747
113 1.236 0.6284 0.6282 0.7855 0.1897 0.1898 0.7855 0.1897 0.1896
148 1.254 0.7219 0.7222 0.69 0.1765 0.1763 0.6899 0.1765 0.1765
181 1.3377 0.6648 0.6628 0.85 0.1856 0.1859 0.8502 0.1857 0.1858
164 1.5372 0.8384 0.8385 0.891 0.2013 0.2014 0.891 0.2012 0.2009
62 1.272 0.779 0.7779 0.6598 0.1755 0.1753 0.6593 0.1755 0.1753
319 1.453 0.762 0.7619 0.8544 0.1757 0.1759 0.854 0.1757 0.1761
130 1.5669 0.8291 0.8277 0.9034 0.1915 0.1916 0.9034 0.1915 0.1913
44 1.6124 0.8803 0.8801 0.9658 0.2401 0.24 0.9657 0.2402 0.2402
27 1.0675 0.5028 0.5032 0.7502 0.1934 0.1934 0.7502 0.1932 0.1933
284 1.3214 0.6228 0.6223 0.8731 0.1849 0.185 0.8731 0.1848 0.1849
233 1.1789 0.6823 0.6822 0.6618 0.1658 0.1656 0.6621 0.1658 0.1658
471 1.3407 0.8107 0.8108 0.7156 0.1898 0.1898 0.7156 0.1898 0.1899
335 1.7696 0.9064 0.9066 1.0702 0.2315 0.2318 1.0703 0.2314 0.2319
456 2.0077 1.3084 1.3048 0.9645 0.2578 0.2579 0.9645 0.2577 0.2589
78 1.5525 0.9331 0.9327 0.826 0.2074 0.2075 0.8261 0.2074 0.2073
149 1.2035 0.6311 0.6313 0.7642 0.1886 0.1886 0.7636 0.1885 0.1886
11 1.475 0.7626 0.7634 0.9187 0.198 0.1982 0.9186 0.1977 0.1979
353 1.3736 0.8451 0.8456 0.7442 0.2163 0.2163 0.7442 0.2171 0.2162
403 1.2896 0.7214 0.7213 0.738 0.181 0.181 0.7381 0.1809 0.1808
95 1.4775 0.7751 0.7699 0.9877 0.255 0.2543 0.9877 0.2539 0.2534
250 1.5175 0.8487 0.8482 0.8209 0.1615 0.1614 0.8208 0.1615 0.1613
437 1.2725 0.709 0.7092 0.8039 0.2289 0.2291 0.804 0.2288 0.2285
386 2.0772 1.0074 1.002 1.3241 0.3062 0.3062 1.3323 0.3056 0.3058
524 1.1909 0.7031 0.7032 0.6892 0.2034 0.2034 0.6893 0.2051 0.2034
45 1.9616 1.0174 1.0167 1.1251 0.1952 0.1953 1.1251 0.1952 0.1952
182 1.2139 0.613 0.6128 0.7781 0.1832 0.1833 0.778 0.1832 0.1831
301 1.2484 0.6521 0.6524 0.7831 0.1887 0.1888 0.7828 0.1889 0.1899
421 1.213 0.7666 0.765 0.6281 0.1839 0.1839 0.6281 0.1839 0.1838
217 1.2127 0.7101 0.7096 0.6957 0.1905 0.1896 0.6955 0.191 0.1903
114 1.6222 1.0518 1.0515 0.7453 0.1988 0.199 0.7457 0.1987 0.1986
199 1.1509 0.6149 0.6147 0.6992 0.1683 0.1679 0.6992 0.1684 0.168
506 1.9597 1.0899 1.0898 1.0576 0.2157 0.2155 1.0578 0.2164 0.2175
490 1.5402 0.9329 0.9285 0.8038 0.2155 0.2156 0.803 0.2154 0.2153
369 3.4542 2.5345 2.5197 0.935 0.2587 0.252 0.9355 0.2589 0.2692
472 1.2803 0.6493 0.6493 0.7898 0.1675 0.1676 0.7898 0.1675 0.1673
131 1.4594 0.785 0.7852 0.9261 0.2678 0.2679 0.9261 0.2674 0.2691
12 1.3494 0.7122 0.7122 0.8196 0.2072 0.2071 0.8197 0.2071 0.2071
404 1.2626 0.6418 0.6422 0.8214 0.1951 0.1955 0.8214 0.1951 0.1949
525 1.8087 0.8927 0.8928 1.1205 0.2059 0.2059 1.1205 0.2059 0.2065
234 1.1885 0.6275 0.6277 0.7517 0.1991 0.2003 0.7519 0.2002 0.2005
183 1.3803 0.7027 0.7026 0.8647 0.1861 0.186 0.8646 0.1861 0.1862
165 1.3836 0.7814 0.7752 0.9567 0.3729 0.369 0.9566 0.3753 0.3718
285 1.2234 0.6069 0.6094 0.7897 0.1766 0.1767 0.7897 0.1777 0.1768
336 1.2224 0.6727 0.6731 0.6874 0.1702 0.1704 0.6915 0.1702 0.1704
63 1.562 1.0399 1.0643 0.6775 0.2181 0.2188 0.6775 0.2181 0.2194
320 1.6299 0.7398 0.7371 1.0915 0.1897 0.1896 1.0915 0.1892 0.1898
251 1.481 0.6816 0.6813 0.9494 0.1681 0.1681 0.9494 0.1685 0.1681
438 1.3321 0.7227 0.7228 0.8115 0.2076 0.2074 0.8116 0.2086 0.2069
96 1.3713 0.7105 0.7091 0.8473 0.1848 0.1842 0.8473 0.1849 0.184
302 1.5678 0.8337 0.8308 0.9135 0.183 0.183 0.9135 0.1843 0.1831
268 1.8904 1.2238 1.2207 0.9575 0.2859 0.2851 0.9576 0.2866 0.2852
218 1.388 0.809 0.809 0.7524 0.1813 0.1812 0.7535 0.1811 0.1821
150 1.7913 0.8281 0.8286 1.1338 0.1952 0.1952 1.1325 0.1953 0.1976
422 1.3132 0.7224 0.7233 0.7424 0.1536 0.1536 0.7437 0.1536 0.1539
387 1.2052 0.6797 0.6795 0.6692 0.1509 0.1513 0.6689 0.1513 0.1511
28 1.9572 0.9494 0.9478 1.1374 0.2296 0.2283 1.1374 0.2306 0.2292
46 1.2232 0.7118 0.712 0.671 0.1621 0.1621 0.671 0.162 0.1622
354 2.7937 0.8238 0.8235 2.1434 0.2121 0.2111 2.1431 0.212 0.2107
457 1.4391 0.7413 0.7414 0.8843 0.1954 0.1959 0.8843 0.1957 0.1955
184 1.2911 0.7642 0.7635 0.6919 0.1744 0.1744 0.6919 0.1752 0.1747
526 1.564 0.6124 0.6123 1.1291 0.1769 0.1771 1.1285 0.1769 0.1769
200 1.4867 0.7459 0.7449 0.9192 0.1879 0.1879 0.9187 0.1877 0.1877
132 1.3567 0.7531 0.7531 0.7883 0.1794 0.1794 0.7886 0.1796 0.1794
166 1.4518 0.7807 0.7798 0.8946 0.2093 0.2101 0.8945 0.2093 0.2093
355 1.3748 0.9212 0.9212 0.6266 0.1813 0.1814 0.6266 0.1813 0.1814
286 2.1744 0.6993 0.6987 1.6761 0.2078 0.2077 1.6775 0.2078 0.2091
115 1.3272 0.7893 0.7891 0.7113 0.1815 0.1811 0.7111 0.1813 0.182
303 1.4656 0.7541 0.7541 0.916 0.1996 0.1997 0.9166 0.1996 0.1997
370 1.1617 0.7062 0.7102 0.6137 0.1613 0.1618 0.6137 0.1612 0.1614
235 1.1843 0.7024 0.7023 0.6497 0.1625 0.1627 0.6498 0.1626 0.1621
13 1.4678 0.6858 0.6848 0.9543 0.1797 0.1798 0.9544 0.1801 0.1809
47 1.5829 0.6628 0.6629 1.1095 0.2069 0.2069 1.1078 0.2069 0.2069
507 1.4255 0.6709 0.6705 0.9964 0.2211 0.2214 0.989 0.2199 0.22
185 1.1033 0.4856 0.4856 0.7622 0.1541 0.1542 0.7622 0.1541 0.155
388 1.3481 0.7345 0.7345 0.788 0.2023 0.2022 0.7882 0.2023 0.2023
405 1.5203 0.8618 0.8683 0.8257 0.1828 0.1831 0.8262 0.1833 0.183
269 1.2581 0.6734 0.6734 0.758 0.1727 0.1728 0.7577 0.1731 0.1727
321 1.4819 0.6933 0.6929 0.9662 0.1923 0.1922 0.9662 0.1923 0.1929
116 1.5492 0.7376 0.7374 0.9751 0.1897 0.1894 0.9751 0.1897 0.1894
337 1.3083 0.7683 0.768 0.7257 0.1962 0.196 0.7257 0.1961 0.1968
151 1.1992 0.6375 0.6377 0.7517 0.1937 0.1937 0.7514 0.1937 0.1936
252 1.1237 0.5446 0.5446 0.7373 0.1702 0.1699 0.7373 0.1703 0.1706
439 1.4165 0.8518 0.8516 0.7394 0.1817 0.1817 0.7382 0.1818 0.1817
79 3.89 1.818 1.8139 2.3219 0.4516 0.4458 2.3099 0.4516 0.4564
64 1.386 0.6978 0.6975 0.8546 0.1788 0.1788 0.8551 0.1798 0.1788
491 1.3937 0.7181 0.7181 0.8552 0.1793 0.1792 0.855 0.1801 0.1789
423 1.3456 0.7085 0.7075 0.8453 0.2161 0.216 0.8453 0.2161 0.2161
219 1.4401 0.5908 0.5908 1.018 0.1776 0.1775 1.0217 0.1771 0.1775
236 1.243 0.5794 0.5793 0.8311 0.1664 0.1664 0.8311 0.1664 0.1659
186 1.1131 0.6014 0.6 0.6661 0.1596 0.1593 0.6661 0.1596 0.1593
304 1.4301 0.7304 0.7306 0.8745 0.1735 0.1736 0.8745 0.1736 0.1742
201 1.3975 0.7699 0.77 0.8031 0.1865 0.1865 0.8031 0.1865 0.1864
458 1.8883 0.8301 0.8294 1.2706 0.2076 0.2074 1.2706 0.2075 0.2063
167 1.6673 0.7748 0.769 1.0585 0.1786 0.1783 1.0583 0.178 0.1781
29 1.8165 0.9373 0.9369 1.114 0.2346 0.2347 1.1138 0.2381 0.2345
287 1.6902 1.0889 1.089 0.8347 0.2484 0.2484 0.8355 0.2484 0.2467
48 1.1751 0.5144 0.5136 0.8158 0.1703 0.1703 0.8158 0.1703 0.1711
97 1.375 0.7888 0.7881 0.7771 0.2004 0.2007 0.7771 0.1998 0.1999
322 1.705 0.7876 0.7874 1.1248 0.2026 0.203 1.1244 0.2026 0.2029
527 1.7185 0.7795 0.779 1.142 0.204 0.2041 1.1418 0.2038 0.2041
14 1.1668 0.6873 0.6873 0.6761 0.1899 0.1897 0.6761 0.1899 0.1894
473 1.7408 0.9031 0.9006 1.0359 0.2119 0.2117 1.0359 0.2117 0.2122
338 1.0867 0.6378 0.6377 0.6112 0.1614 0.1619 0.611 0.1614 0.1614
152 1.4131 0.6554 0.6554 0.9205 0.1833 0.1834 0.9194 0.1833 0.185
356 1.5789 0.7825 0.7825 0.978 0.1883 0.1886 0.978 0.188 0.1884
508 1.8735 1.0743 1.0742 1.0042 0.2052 0.2053 1.0042 0.2054 0.2051
133 1.638 0.7112 0.7115 1.1128 0.194 0.195 1.1131 0.194 0.1933
389 1.6379 0.9321 0.9313 0.8489 0.1743 0.1738 0.8489 0.1754 0.1749
371 1.4197 0.8508 0.8499 0.7577 0.1905 0.1905 0.7579 0.1906 0.1904
253 1.3585 0.8098 0.8079 0.7174 0.1783 0.178 0.7174 0.1783 0.1786
80 1.473 0.647 0.6458 1.0098 0.1815 0.182 1.0098 0.1815 0.1815
187 1.3719 0.662 0.6622 0.8931 0.184 0.1836 0.8945 0.1845 0.184
492 1.8398 0.9772 0.9775 1.0855 0.2203 0.2205 1.0856 0.2203 0.2203
220 1.4994 0.8455 0.8466 0.8467 0.2312 0.2311 0.8463 0.2311 0.231
528 1.5111 0.8035 0.8034 0.8212 0.1868 0.1869 0.8213 0.187 0.1869
288 1.1734 0.6696 0.668 0.6987 0.1923 0.1933 0.6993 0.1946 0.1939
459 1.5077 0.6621 0.6618 1.0066 0.1825 0.1819 1.0068 0.1833 0.1824
202 1.528 0.8287 0.8289 0.8773 0.1828 0.1828 0.8773 0.183 0.1826
65 1.6536 0.8751 0.8756 0.975 0.1894 0.1895 0.9749 0.1895 0.1917
153 1.3752 0.7067 0.7067 0.8728 0.2084 0.2084 0.8726 0.2083 0.2083
237 1.1699 0.5211 0.521 0.8239 0.1758 0.1761 0.8238 0.1758 0.1758
440 1.8048 1.1305 1.1223 0.909 0.2178 0.2179 0.9089 0.2188 0.2181
406 1.6404 0.9464 0.9536 0.9093 0.2146 0.2143 0.9104 0.2145 0.2146
134 1.6457 0.8704 0.8706 1.0212 0.2655 0.2656 1.0213 0.2655 0.265
117 1.5248 0.7152 0.7141 0.9832 0.1979 0.1978 0.9832 0.1998 0.1978
49 1.5283 0.8456 0.8405 0.8929 0.1885 0.1894 0.8929 0.1886 0.1895
509 1.24 0.7744 0.7747 0.6799 0.2181 0.2181 0.6799 0.2181 0.218
305 1.3598 0.768 0.768 0.7558 0.1893 0.1891 0.756 0.189 0.1907
270 1.8145 0.6601 0.6601 1.3209 0.2074 0.2075 1.3098 0.2073 0.2072
168 1.2199 0.6656 0.6654 0.6987 0.1553 0.1551 0.6986 0.1554 0.1562
390 1.5837 0.6914 0.692 1.0985 0.2146 0.2146 1.0983 0.2146 0.2144
188 1.2742 0.6761 0.6763 0.7832 0.187 0.187 0.7832 0.1869 0.1869
30 1.977 1.1138 1.1116 1.0867 0.2197 0.2194 1.0867 0.2196 0.2194
441 1.5237 0.8575 0.8574 0.8527 0.1762 0.1762 0.8527 0.1761 0.1763
424 1.7688 0.8409 0.8406 1.157 0.2219 0.2219 1.1568 0.2219 0.2219
221 1.4023 0.8874 0.8872 0.7225 0.2042 0.2043 0.7225 0.2042 0.2039
66 1.2398 0.7015 0.7015 0.7228 0.1805 0.1805 0.7228 0.1805 0.181
460 1.2756 0.5628 0.5625 0.8581 0.1724 0.1725 0.8582 0.1729 0.1723
81 1.5194 0.9041 0.9041 0.7762 0.1666 0.1665 0.7763 0.1665 0.1673
238 1.1888 0.6557 0.6558 0.6999 0.1643 0.1644 0.6975 0.1644 0.1643
529 1.3282 0.6716 0.6717 0.8478 0.1788 0.1788 0.8479 0.179 0.1799
339 2.852 0.9196 0.9231 2.2424 0.2888 0.2888 2.2402 0.2887 0.2875
493 1.6566 0.8908 0.8904 0.9648 0.2086 0.2086 0.9648 0.208 0.208
372 1.2389 0.7475 0.7476 0.6797 0.1757 0.1758 0.6797 0.1756 0.1757
254 1.7297 0.9952 0.9949 0.9413 0.1894 0.1891 0.9412 0.1891 0.1892
323 1.3943 0.7138 0.7134 0.8643 0.1899 0.1894 0.8653 0.1899 0.1896
289 1.5288 0.7251 0.7255 0.9789 0.1894 0.189 0.9789 0.189 0.1908
407 2.0508 1.2037 1.2018 1.1483 0.2845 0.2848 1.1482 0.2845 0.2842
169 1.1131 0.6395 0.6392 0.6817 0.1963 0.1962 0.6817 0.1963 0.1963
357 1.8203 0.7411 0.742 1.2765 0.2234 0.2242 1.2756 0.2222 0.2224
510 1.5142 0.8369 0.837 0.8571 0.1858 0.1858 0.8571 0.1867 0.1859
203 1.6484 0.8827 0.8827 0.9672 0.2 0.2 0.9665 0.1999 0.2003
15 1.2413 0.5871 0.5866 0.8365 0.1729 0.1729 0.8382 0.174 0.1725
98 1.3168 0.797 0.798 0.6899 0.1703 0.1704 0.6902 0.1704 0.1701
474 1.5374 0.7747 0.7732 0.8838 0.1681 0.1682 0.8846 0.1682 0.1681
306 1.2464 0.6458 0.6449 0.7934 0.1941 0.1945 0.7934 0.1954 0.1942
530 1.4502 0.743 0.743 0.8864 0.1814 0.1813 0.8866 0.1815 0.1813
461 1.0707 0.5826 0.5822 0.6682 0.1787 0.1785 0.6682 0.1787 0.1784
154 1.167 0.4422 0.4426 0.8804 0.1598 0.16 0.8805 0.1597 0.1598
50 1.3412 0.7422 0.7414 0.7916 0.1883 0.1883 0.7914 0.1884 0.1884
189 1.3487 0.6667 0.6669 0.8485 0.1742 0.1738 0.8482 0.174 0.1742
442 1.3443 0.5819 0.5813 0.9358 0.1856 0.1859 0.9358 0.1856 0.1861
425 1.455 0.7455 0.7455 0.8759 0.1877 0.1877 0.8759 0.1875 0.1876
135 1.0741 0.548 0.5481 0.6861 0.1618 0.1621 0.6863 0.1618 0.162
511 1.0305 0.4617 0.4616 0.72 0.1669 0.1669 0.7199 0.167 0.167
391 1.7394 0.776 0.7763 1.1973 0.2197 0.2195 1.197 0.2182 0.2179
239 1.6117 0.7952 0.795 1.0057 0.1925 0.1926 1.0063 0.1925 0.1925
373 1.4419 0.8152 0.8152 0.8636 0.2245 0.2244 0.8646 0.2245 0.2244
204 1.3376 0.6893 0.6893 0.86 0.2126 0.2125 0.8597 0.2124 0.2126
118 1.6588 1.1133 1.1143 0.7404 0.2101 0.2105 0.7404 0.21 0.2099
531 1.5718 0.7702 0.7705 0.9622 0.1818 0.1819 0.9615 0.1818 0.1817
31 1.3613 0.7206 0.7198 0.8337 0.1953 0.1952 0.8337 0.1953 0.1951
271 1.7756 0.8215 0.8206 1.1805 0.2115 0.2115 1.1802 0.2113 0.2136
255 1.5102 0.7338 0.734 0.9342 0.1786 0.1784 0.9341 0.1795 0.1797
358 1.3892 0.8259 0.8257 0.7241 0.1638 0.1635 0.7241 0.1637 0.1636
324 1.7426 0.7883 0.7881 1.1463 0.1974 0.1974 1.1439 0.1975 0.1993
67 1.2315 0.8029 0.8035 0.6281 0.2032 0.2031 0.6281 0.2031 0.2033
82 1.4644 0.7965 0.7963 0.8734 0.1906 0.1902 0.8751 0.1908 0.1904
340 1.1819 0.7633 0.7617 0.6029 0.1857 0.1854 0.6029 0.1857 0.1855
290 1.0382 0.4902 0.4902 0.6885 0.1356 0.1359 0.688 0.1356 0.1356
408 1.1276 0.5338 0.5337 0.7544 0.1763 0.1759 0.7552 0.1764 0.1758
190 1.6918 0.8319 0.8322 1.0594 0.1903 0.1904 1.0593 0.1903 0.1904
475 1.3082 0.6756 0.6755 0.7992 0.1698 0.1699 0.7991 0.1698 0.1704
462 1.1282 0.6961 0.6985 0.6403 0.2017 0.2018 0.6405 0.2017 0.202
222 1.5467 0.8997 0.9007 0.8058 0.1588 0.1587 0.8062 0.1588 0.1587
512 1.3916 0.7042 0.7039 0.8519 0.188 0.1879 0.8519 0.1879 0.1878
136 1.7293 0.9984 0.9991 0.9187 0.206 0.2066 0.9187 0.2059 0.2066
256 1.3823 0.7176 0.718 0.8522 0.19 0.1899 0.852 0.1894 0.19
532 1.2474 0.6079 0.608 0.8301 0.1898 0.1899 0.8299 0.1898 0.1902
170 1.2607 0.6329 0.6328 0.7984 0.1726 0.1721 0.7978 0.1726 0.1723
426 1.4423 0.7133 0.7135 0.9086 0.1761 0.1765 0.9086 0.176 0.1761
443 1.5665 0.8138 0.8125 0.9638 0.2094 0.2096 0.9639 0.2094 0.2094
374 0.9594 0.5671 0.5671 0.554 0.1643 0.1646 0.554 0.1643 0.1645
307 1.3992 0.7398 0.7396 0.8686 0.2046 0.2052 0.8687 0.2047 0.2061
51 2.1635 0.9694 0.969 1.4192 0.2073 0.2072 1.4172 0.207 0.2073
494 2.3308 1.2354 1.2342 1.2515 0.1939 0.1937 1.2515 0.1934 0.1931
16 1.2721 0.6711 0.6711 0.7656 0.1705 0.1703 0.765 0.1706 0.1703
341 1.3126 0.8134 0.8135 0.699 0.1991 0.1994 0.6988 0.1991 0.1992
68 1.2414 0.5885 0.5884 0.8099 0.1541 0.1541 0.8099 0.1546 0.1544
392 1.5739 0.8748 0.8748 0.8932 0.1914 0.1916 0.8932 0.1921 0.1918
463 1.3785 0.7402 0.7401 0.8428 0.2019 0.2024 0.8428 0.2021 0.2026
83 1.2617 0.6308 0.6375 0.7934 0.163 0.1628 0.7934 0.163 0.1633
513 1.3327 0.8487 0.8488 0.6794 0.1872 0.1872 0.6794 0.1872 0.1872
32 1.4635 0.7492 0.7492 0.8788 0.2005 0.2005 0.8788 0.1994 0.1996
476 1.2199 0.6086 0.6087 0.782 0.179 0.1791 0.78 0.1791 0.1796
155 1.5637 0.7602 0.7598 1.0568 0.2438 0.2444 1.0568 0.2438 0.2431
119 1.3652 0.7468 0.7465 0.7924 0.183 0.183 0.7924 0.1831 0.183
99 1.435 0.6347 0.6348 0.9813 0.1788 0.1803 0.9827 0.18 0.1803
191 1.3187 0.767 0.7674 0.7285 0.1842 0.1842 0.7285 0.1834 0.1846
205 1.2442 0.5882 0.5895 0.8081 0.1676 0.1676 0.8081 0.168 0.1678
409 1.4612 0.7281 0.7277 0.9005 0.1825 0.1826 0.9006 0.1825 0.1824
291 1.7045 0.967 0.9663 1.0048 0.2462 0.2465 1.0049 0.2468 0.2464
223 1.5683 0.7627 0.762 1.0056 0.2083 0.2094 1.0052 0.2083 0.2086
272 2.6107 1.3619 1.3617 1.4561 0.2246 0.2245 1.4561 0.2246 0.2241
359 1.2291 0.6549 0.6549 0.747 0.1842 0.1846 0.747 0.1846 0.1843
444 1.4528 0.7915 0.7917 0.8255 0.1808 0.1806 0.8255 0.181 0.1806
171 1.0325 0.4802 0.4802 0.7194 0.1745 0.1749 0.7193 0.1745 0.1749
464 1.1281 0.5443 0.5443 0.7378 0.1598 0.1602 0.7378 0.1597 0.1604
69 1.2368 0.7577 0.7593 0.6649 0.1838 0.184 0.6648 0.1841 0.1838
120 1.4667 0.6777 0.6787 1.0017 0.2065 0.2065 1.0017 0.2065 0.2075
240 1.2055 0.6052 0.6046 0.7873 0.1867 0.1868 0.7873 0.1866 0.1866
137 1.4526 0.7344 0.7343 0.9371 0.214 0.2147 0.9362 0.2138 0.2141
533 1.5323 0.8487 0.8487 0.8691 0.1949 0.1957 0.8691 0.1956 0.1957
325 1.5003 0.7588 0.7582 0.9034 0.1854 0.1852 0.9038 0.1854 0.1852
257 1.413 0.8343 0.8347 0.789 0.2075 0.2076 0.7898 0.2073 0.2075
427 1.5413 0.7039 0.7043 0.9916 0.1917 0.191 0.9916 0.1916 0.1917
33 1.4121 0.7801 0.7801 0.8221 0.1837 0.1838 0.8221 0.1837 0.1838
375 1.3865 0.7363 0.7362 0.8365 0.1703 0.1701 0.836 0.1714 0.1701
308 1.2107 0.645 0.6451 0.7106 0.1583 0.1584 0.7106 0.1584 0.1587
84 1.1857 0.5742 0.5739 0.7822 0.1664 0.1666 0.7822 0.1666 0.1668
138 1.2434 0.728 0.7282 0.7064 0.1906 0.1907 0.7064 0.1907 0.1906
52 1.4318 0.7872 0.7962 0.8425 0.2063 0.2064 0.8431 0.2062 0.2068
495 1.4005 0.8204 0.8201 0.7815 0.2051 0.205 0.7815 0.2051 0.205
514 1.281 0.8065 0.8052 0.635 0.1931 0.1928 0.635 0.1932 0.1927
192 1.2832 0.4979 0.4978 0.9512 0.1723 0.1726 0.9524 0.1735 0.1737
342 1.3813 0.7821 0.7819 0.7818 0.1951 0.1968 0.7815 0.1951 0.1955
410 1.1212 0.5832 0.5831 0.7001 0.1657 0.1659 0.7009 0.1657 0.1659
156 1.4515 0.8397 0.8374 0.8163 0.1863 0.1862 0.8162 0.1872 0.1862
445 1.6443 0.8866 0.887 0.9498 0.2078 0.2086 0.9499 0.2078 0.2078
70 1.764 0.8341 0.8343 1.1519 0.2283 0.2283 1.1519 0.2283 0.2284
393 1.6694 0.8117 0.8097 1.0655 0.2151 0.2151 1.0646 0.2151 0.2171
534 1.5311 0.6993 0.6988 1.0228 0.193 0.1929 1.0242 0.193 0.1929
172 1.2835 0.7493 0.7491 0.706 0.1725 0.1735 0.706 0.1726 0.1717
17 1.3381 0.7414 0.7408 0.7659 0.1836 0.1837 0.766 0.1835 0.1838
224 1.2531 0.7766 0.7768 0.683 0.2054 0.2054 0.683 0.2054 0.2052
100 1.6219 0.8484 0.8484 0.9335 0.1674 0.1674 0.9368 0.1682 0.1678
292 1.5108 0.8032 0.8023 0.8809 0.1651 0.1646 0.8809 0.1652 0.1654
477 1.252 0.7481 0.7482 0.6677 0.1722 0.1721 0.6677 0.1722 0.1719
446 1.3334 0.807 0.8067 0.8084 0.2695 0.2695 0.8084 0.2695 0.2694
376 1.4137 0.8315 0.8316 0.7831 0.1917 0.1917 0.7833 0.1917 0.1914
121 1.2502 0.6749 0.6754 0.7335 0.1683 0.1694 0.7326 0.1697 0.1693
193 1.4537 0.7786 0.7767 0.8368 0.1892 0.1892 0.8368 0.1893 0.1895
515 1.3325 0.6764 0.6768 0.8474 0.1847 0.1842 0.8473 0.1851 0.1848
273 1.3787 0.7088 0.7087 0.8294 0.1738 0.1742 0.8302 0.1739 0.1741
241 1.1634 0.6874 0.6877 0.6308 0.1623 0.1624 0.6307 0.1622 0.1623
360 1.3994 0.7358 0.7359 0.8302 0.1637 0.1637 0.8298 0.1635 0.1635
496 1.4532 0.674 0.674 0.9302 0.1655 0.1655 0.9302 0.1655 0.1655
258 0.932 0.4713 0.4706 0.6268 0.1678 0.1675 0.6268 0.1678 0.1674
206 1.219 0.7428 0.7413 0.6615 0.1754 0.1752 0.6617 0.1759 0.176
309 1.7064 1.0175 1.0162 0.9028 0.204 0.2039 0.9024 0.204 0.2039
18 1.3056 0.7376 0.7377 0.7746 0.2065 0.2067 0.7746 0.2065 0.2065
343 1.6182 0.7642 0.7643 1.0838 0.2209 0.2213 1.0838 0.2208 0.2207
139 1.6171 0.745 0.7467 1.076 0.236 0.2367 1.0758 0.2355 0.2355
85 1.7801 0.9907 0.9904 1.0165 0.2145 0.2145 1.0165 0.2145 0.2152
478 1.4887 0.784 0.7843 0.9011 0.1859 0.1857 0.9011 0.1869 0.1861
34 1.9516 1.0034 1.0026 1.1181 0.2045 0.2045 1.1184 0.2052 0.2046
173 0.9883 0.6531 0.6528 0.5018 0.1663 0.1661 0.5015 0.1663 0.1658
428 1.1559 0.6164 0.6166 0.714 0.1793 0.18 0.7142 0.1791 0.179
326 1.4515 0.6807 0.6806 0.9297 0.1762 0.1757 0.9286 0.1766 0.1759
465 1.3355 0.809 0.8087 0.7119 0.1847 0.1847 0.7132 0.1844 0.1873
19 1.4631 0.7989 0.7992 0.8405 0.1857 0.1858 0.8405 0.1857 0.1858
411 1.3388 0.8625 0.8606 0.6753 0.2043 0.2052 0.6753 0.2042 0.2043
535 1.5108 0.8513 0.8505 0.8982 0.2353 0.2355 0.8983 0.2352 0.2356
516 2.0337 1.0067 1.0054 1.1991 0.1795 0.1792 1.1991 0.1795 0.1794
225 1.5514 0.724 0.7243 0.9947 0.1749 0.1749 0.9948 0.1749 0.1749
86 1.3342 0.6733 0.6715 0.8281 0.1745 0.1744 0.8284 0.1744 0.1743
157 1.7118 0.8674 0.8672 1.1468 0.2679 0.268 1.1475 0.2676 0.2657
447 1.4146 0.7042 0.7038 0.8684 0.1747 0.1747 0.8684 0.1746 0.1745
194 1.3623 0.7866 0.7866 0.7564 0.1952 0.1952 0.7569 0.1952 0.1963
101 1.7997 0.8745 0.8727 1.1297 0.1823 0.1822 1.1297 0.1823 0.1824
259 1.4585 0.7892 0.7892 0.8835 0.2017 0.2016 0.8859 0.2017 0.2017
293 1.0867 0.5862 0.5863 0.6578 0.1681 0.1683 0.658 0.1679 0.1682
53 1.6797 0.8265 0.8272 1.085 0.1901 0.19 1.0836 0.1915 0.1901
394 1.8398 0.8584 0.867 1.1533 0.1905 0.1922 1.1533 0.1903 0.1912
242 1.5674 0.6961 0.6961 1.0841 0.2113 0.2115 1.0842 0.2119 0.2113
497 1.2173 0.7172 0.7257 0.6533 0.1605 0.1605 0.6532 0.1606 0.1605
71 1.5809 0.7793 0.7792 1.0284 0.2194 0.2191 1.0284 0.219 0.2188
122 1.378 0.7273 0.7275 0.8368 0.1696 0.1697 0.8352 0.1738 0.1697
20 1.4348 0.6383 0.6383 0.979 0.1771 0.177 0.979 0.1771 0.1771
207 1.3339 0.8187 0.8191 0.7442 0.2121 0.2121 0.7442 0.2128 0.213
377 1.2677 0.8689 0.8714 0.5798 0.1738 0.1742 0.5798 0.1739 0.176
344 1.7729 0.9015 0.9244 1.0742 0.2069 0.2058 1.0731 0.2068 0.2063
310 1.2116 0.6643 0.6643 0.7208 0.1868 0.1867 0.7208 0.1867 0.1863
174 1.4388 0.8657 0.8659 0.7608 0.1823 0.1825 0.7608 0.1823 0.1823
429 1.7057 0.8009 0.8022 1.1035 0.1947 0.1943 1.1031 0.1947 0.1945
35 1.2699 0.6051 0.6046 0.821 0.1583 0.1585 0.8213 0.1585 0.1583
498 1.7261 0.8996 0.8984 1.0841 0.2412 0.2413 1.0841 0.2412 0.2411
102 1.4712 0.7712 0.7709 0.8995 0.1807 0.181 0.8997 0.1807 0.1806
361 1.9362 0.9429 0.9429 1.1939 0.2226 0.2233 1.1933 0.2227 0.2236
479 1.4011 0.889 0.889 0.7601 0.2262 0.226 0.76 0.2262 0.226
517 1.6227 0.7467 0.7473 1.0791 0.2067 0.2064 1.0791 0.2067 0.2071
195 1.2785 0.7294 0.7295 0.7212 0.1934 0.1935 0.7212 0.1936 0.1936
536 1.4599 0.8917 0.8919 0.7594 0.1973 0.1985 0.7594 0.1973 0.1976
395 1.3425 0.7947 0.7948 0.7521 0.1991 0.199 0.7525 0.1991 0.1991
54 1.8631 0.7051 0.7051 1.3799 0.228 0.228 1.3801 0.2279 0.2282
21 1.5709 0.9289 0.9292 0.8298 0.1927 0.1933 0.8298 0.1927 0.1933
226 1.745 0.944 0.9436 0.9903 0.1948 0.1947 0.9902 0.1942 0.1942
327 1.3813 0.8838 0.88 0.6756 0.1924 0.1924 0.6756 0.1929 0.1922
103 1.3073 0.7428 0.7423 0.7574 0.1944 0.1941 0.7574 0.1945 0.1943
448 1.3045 0.7684 0.767 0.7467 0.1964 0.1964 0.7467 0.1969 0.1971
87 1.1101 0.6887 0.6892 0.6039 0.181 0.1815 0.6038 0.181 0.1809
243 1.3414 0.6663 0.6663 0.841 0.1773 0.1773 0.8425 0.1773 0.1773
208 1.52 0.8074 0.8086 0.8785 0.1898 0.1901 0.8785 0.1896 0.1899
260 1.2701 0.7144 0.7148 0.7374 0.1836 0.1835 0.7374 0.1834 0.1836
412 1.6959 0.6816 0.68 1.2072 0.1956 0.1956 1.2068 0.1956 0.1948
274 1.5315 0.8407 0.8402 0.8632 0.2236 0.2239 0.8637 0.2251 0.2228
378 1.4229 0.6592 0.6586 0.9499 0.1743 0.1744 0.9513 0.1742 0.175
294 1.7237 1.0938 1.0931 0.8951 0.2418 0.2419 0.8948 0.2419 0.2417
345 1.5938 0.9674 0.965 0.8305 0.2065 0.2067 0.8305 0.2062 0.2067
158 1.6779 1.0228 1.0226 0.901 0.239 0.2389 0.9002 0.239 0.2387
140 1.3625 0.6772 0.6768 0.9069 0.2145 0.2149 0.9059 0.2145 0.2145
72 1.7862 0.9829 0.983 1.0473 0.2465 0.2462 1.0473 0.2464 0.2463
104 1.3114 0.757 0.7571 0.6739 0.1652 0.1653 0.6739 0.1652 0.1653
518 1.9468 0.9523 0.9519 1.2257 0.223 0.2227 1.2256 0.2228 0.2224
537 1.4241 0.6393 0.6392 0.9636 0.1605 0.1613 0.9633 0.1605 0.1613
175 1.1731 0.6064 0.6047 0.758 0.1892 0.1895 0.758 0.1892 0.1889
362 1.7438 1.0799 1.0723 0.8156 0.194 0.1941 0.8173 0.1929 0.1953
311 1.5711 0.8685 0.8687 0.8708 0.18 0.1792 0.8708 0.1799 0.18
55 1.4315 0.8438 0.8435 0.7548 0.1718 0.1716 0.7542 0.1718 0.1721
480 1.2316 0.7709 0.771 0.6121 0.1553 0.1554 0.6131 0.1554 0.155
36 1.9437 1.0967 1.0974 1.167 0.2894 0.2878 1.1681 0.2879 0.2902
123 1.3808 0.7068 0.7064 0.821 0.17 0.1694 0.821 0.17 0.1692
499 1.4785 0.8716 0.8719 0.8202 0.2001 0.1997 0.8202 0.1998 0.1999
466 1.3994 0.5812 0.5819 0.9816 0.171 0.1723 0.984 0.1714 0.1718
209 1.0821 0.4815 0.4817 0.7687 0.1711 0.1712 0.7697 0.172 0.1707
328 1.6318 0.7803 0.7804 1.0646 0.2084 0.2084 1.0618 0.2084 0.2089
22 1.5807 0.9061 0.9104 0.8694 0.2015 0.2015 0.8694 0.2015 0.2036
379 1.5806 1.0146 1.0144 0.7507 0.1978 0.1978 0.7506 0.1977 0.1979
449 1.3403 0.8054 0.8052 0.7019 0.1752 0.1749 0.7011 0.1753 0.1755
56 1.268 0.6417 0.6413 0.7982 0.1705 0.1705 0.7982 0.1705 0.1705
88 1.8581 0.7754 0.7754 1.2528 0.1829 0.1839 1.2527 0.1826 0.1829
176 1.1416 0.7112 0.7098 0.6137 0.1849 0.1849 0.6139 0.1848 0.186
105 1.3867 0.7569 0.7571 0.8329 0.1954 0.1953 0.8329 0.1954 0.1948
430 1.4024 0.6604 0.6778 0.8845 0.1701 0.1706 0.8848 0.1701 0.1706
312 1.1965 0.6005 0.6004 0.7611 0.1641 0.1641 0.761 0.1642 0.1643
261 1.5509 0.8854 0.8869 0.8551 0.1955 0.1956 0.8551 0.1954 0.1949
396 1.33 0.648 0.6484 0.9016 0.2287 0.2293 0.9017 0.2287 0.2285
363 1.6296 1.1352 1.1295 0.6939 0.1711 0.1711 0.694 0.1711 0.1712
141 1.2233 0.5511 0.5516 0.853 0.179 0.1792 0.853 0.1789 0.1797
500 1.6389 0.6926 0.6925 1.1655 0.2184 0.2189 1.1655 0.2178 0.2191
227 1.8802 0.833 0.8329 1.262 0.2107 0.212 1.262 0.2117 0.2119
295 1.4108 0.7998 0.7999 0.8078 0.1878 0.1879 0.8079 0.1865 0.1881
57 1.3748 0.8076 0.8052 0.7682 0.1817 0.1816 0.7682 0.1818 0.1817
73 1.1764 0.6049 0.6047 0.7564 0.1811 0.181 0.7556 0.1809 0.1808
346 1.3349 0.5799 0.579 0.9473 0.1899 0.1897 0.9473 0.1897 0.19
159 1.7401 0.7095 0.7095 1.303 0.2487 0.249 1.3043 0.2486 0.2495
397 1.2287 0.654 0.6539 0.7593 0.1875 0.1875 0.7593 0.1875 0.1874
262 1.4364 0.7154 0.7154 0.8925 0.1703 0.1705 0.8925 0.1703 0.1703
413 1.6102 0.8802 0.8773 0.9183 0.1936 0.1934 0.9183 0.1935 0.1934
106 1.3274 0.6431 0.6433 0.8296 0.1742 0.1743 0.8301 0.1742 0.1741
275 1.4482 0.7322 0.7326 0.961 0.2243 0.2242 0.9609 0.2272 0.2238
481 1.2148 0.7015 0.7007 0.7209 0.2095 0.2103 0.7209 0.2095 0.2103
329 1.2359 0.668 0.6679 0.7354 0.1836 0.1834 0.7354 0.1835 0.1834
467 1.5858 0.7062 0.706 1.0392 0.1739 0.174 1.0399 0.1742 0.1737
23 1.4621 0.7903 0.79 0.867 0.192 0.1919 0.8671 0.192 0.192
450 2.2234 1.2374 1.2369 1.3048 0.2803 0.2803 1.3048 0.2803 0.2824
519 1.4849 0.7421 0.7419 0.935 0.1819 0.1822 0.935 0.1822 0.1818
244 1.5698 0.9854 0.9851 0.8366 0.2392 0.2386 0.8352 0.2389 0.2388
37 1.6081 0.8746 0.8741 0.9549 0.2221 0.2225 0.9549 0.2221 0.2225
160 0.9164 0.4959 0.496 0.572 0.1556 0.1556 0.572 0.1557 0.1557
380 1.1742 0.7684 0.7688 0.6016 0.1893 0.1891 0.6016 0.1899 0.1892
210 1.4418 0.6602 0.6603 0.9534 0.1788 0.1793 0.9536 0.1787 0.179
58 1.0679 0.5872 0.5876 0.651 0.1807 0.1806 0.651 0.1808 0.1807
398 1.4415 0.7785 0.7779 0.8559 0.1824 0.1823 0.8559 0.1824 0.1823
124 1.2163 0.7647 0.7644 0.6137 0.1706 0.1706 0.6137 0.1704 0.1706
89 1.3879 0.6655 0.6654 0.9406 0.2192 0.219 0.9422 0.2189 0.2191
414 1.4909 0.8689 0.8688 0.8025 0.1827 0.1827 0.8025 0.1827 0.1825
177 1.3407 0.8759 0.8721 0.655 0.19 0.1905 0.655 0.1903 0.1902
263 1.2965 0.7626 0.7628 0.7044 0.185 0.1852 0.7043 0.1856 0.1868
501 1.1081 0.5084 0.5074 0.7579 0.1655 0.1653 0.7578 0.1655 0.1666
330 1.1858 0.7782 0.7778 0.5851 0.1766 0.1766 0.585 0.1766 0.1765
347 1.5609 0.6802 0.6803 1.0537 0.1783 0.1783 1.0537 0.1783 0.1786
313 1.2682 0.7865 0.7863 0.6566 0.1925 0.1926 0.6566 0.1925 0.1926
364 1.2793 0.6475 0.6472 0.8135 0.1885 0.1889 0.8137 0.1884 0.1886
107 1.2164 0.6529 0.6531 0.7281 0.1646 0.1646 0.7281 0.1645 0.1646
296 1.212 0.6366 0.6357 0.7855 0.1892 0.1891 0.7857 0.1895 0.1891
431 1.6124 0.7588 0.7588 1.0566 0.198 0.198 1.0563 0.2001 0.1991
74 1.2019 0.7274 0.728 0.6669 0.1901 0.1895 0.6669 0.1912 0.1894
468 1.2871 0.6045 0.6044 0.8506 0.1708 0.1709 0.8506 0.1714 0.1722
276 1.5141 0.9016 0.9015 0.8069 0.2034 0.2037 0.8061 0.2035 0.2035
451 1.1965 0.7501 0.7501 0.5865 0.1539 0.1539 0.5865 0.1539 0.1538
245 1.2089 0.7239 0.7237 0.6788 0.1944 0.1945 0.6788 0.1944 0.1943
142 1.5369 0.85 0.8489 0.8836 0.2126 0.2127 0.8836 0.2126 0.2113
482 1.0442 0.5403 0.5403 0.6618 0.157 0.1573 0.662 0.1578 0.1568
228 2.2896 1.2552 1.2549 1.2378 0.2186 0.2186 1.2376 0.2182 0.2185
161 1.3272 0.6585 0.6588 0.8524 0.18 0.1806 0.8526 0.18 0.1808
520 1.6182 0.9811 0.9802 0.8163 0.179 0.179 0.8163 0.1791 0.179
24 1.3251 0.6985 0.698 0.8043 0.1912 0.1912 0.8038 0.1912 0.1912
381 1.617 1.0791 1.0761 0.7366 0.1953 0.1953 0.7366 0.1967 0.1966
178 1.4426 0.629 0.6287 0.9734 0.1702 0.1701 0.9734 0.1703 0.1703
502 1.1172 0.5289 0.5289 0.7588 0.1752 0.1752 0.7588 0.1753 0.175
399 1.1843 0.6047 0.6044 0.7684 0.1849 0.1849 0.7684 0.1849 0.1847
38 1.4251 0.8187 0.8188 0.7979 0.2012 0.2024 0.797 0.2019 0.2007
211 1.4853 0.815 0.8147 0.8833 0.2059 0.207 0.8838 0.2056 0.2053
348 1.2733 0.6836 0.6835 0.7692 0.1761 0.1762 0.7692 0.1759 0.1757
277 1.6528 0.8034 0.8032 1.0378 0.1857 0.1856 1.0378 0.1859 0.1861
415 1.3382 0.8201 0.8263 0.715 0.2015 0.2012 0.7149 0.2014 0.2002
90 1.7585 1.1216 1.1235 0.9166 0.3083 0.3085 0.9165 0.3082 0.3082
75 1.3796 0.7647 0.7647 0.82 0.1982 0.1981 0.8196 0.1993 0.1995
365 1.9391 1.0318 1.032 1.1071 0.2098 0.2099 1.1075 0.2112 0.2099
297 1.638 0.8742 0.8743 0.9798 0.2203 0.2204 0.9797 0.2203 0.2207
108 1.2364 0.6662 0.6662 0.73 0.1703 0.1706 0.73 0.1703 0.1702
229 1.6925 0.8337 0.8337 1.0355 0.1997 0.1998 1.0353 0.1997 0.1998
125 1.1416 0.5231 0.525 0.7793 0.1647 0.1646 0.7793 0.165 0.1651
314 1.8935 0.8675 0.8668 1.212 0.2372 0.2401 1.2119 0.2394 0.239
382 1.6978 0.8993 0.8994 1.0192 0.2128 0.2133 1.0191 0.2129 0.2127
143 1.3778 0.6026 0.6027 0.9413 0.1741 0.1742 0.9413 0.1743 0.1742
503 1.4921 0.8134 0.8179 0.8848 0.2052 0.2052 0.8855 0.2052 0.2064
452 1.496 0.6841 0.684 1.0223 0.2127 0.2127 1.022 0.2127 0.2126
278 1.6947 0.7981 0.798 1.0617 0.1813 0.1813 1.0617 0.1814 0.1814
483 1.4934 0.9659 0.9651 0.7728 0.2286 0.2289 0.7723 0.2288 0.2273
212 1.3267 0.6454 0.6456 0.8475 0.1795 0.1796 0.8475 0.1795 0.1795
432 1.5893 0.8622 0.863 0.9439 0.2184 0.2182 0.9443 0.2181 0.2178
246 1.3063 0.7545 0.7539 0.7521 0.1891 0.1891 0.7521 0.1901 0.1893
469 1.2019 0.6346 0.6345 0.7222 0.1665 0.1663 0.7222 0.1663 0.1678
315 1.2911 0.7958 0.7955 0.6997 0.1989 0.1988 0.6994 0.1988 0.1987
366 1.5739 0.9169 0.9172 0.8709 0.2031 0.2029 0.8698 0.2031 0.204
400 1.4102 0.7183 0.7181 0.8905 0.202 0.2014 0.8901 0.202 0.2011
484 1.2649 0.651 0.6517 0.7999 0.1847 0.1851 0.7998 0.1851 0.1851
91 2.0257 1.4052 1.4072 0.9607 0.2728 0.2725 0.9608 0.2728 0.2776
298 1.5337 0.7784 0.7782 0.9371 0.1924 0.1939 0.9368 0.1938 0.1925
416 1.0305 0.5781 0.5781 0.6389 0.1835 0.1835 0.6395 0.1834 0.1833
279 1.3318 0.724 0.7233 0.8001 0.1921 0.1919 0.8001 0.1919 0.1921
39 1.5871 0.8264 0.8262 0.9694 0.2003 0.2003 0.9693 0.2001 0.2003
109 1.5574 0.8829 0.8815 0.8594 0.1869 0.1868 0.8592 0.1869 0.187
126 1.6342 0.8485 0.8485 0.9972 0.2154 0.2157 0.9968 0.2154 0.2157
144 1.4768 0.8261 0.8257 0.872 0.2187 0.2187 0.8718 0.2187 0.2191
349 1.193 0.537 0.5363 0.8279 0.1797 0.1803 0.828 0.1797 0.1798
331 1.5627 0.8512 0.8518 0.9155 0.2077 0.2094 0.916 0.208 0.2091
417 1.5507 0.7685 0.7686 0.9391 0.1843 0.1847 0.9392 0.1843 0.1842
383 1.5657 0.7629 0.7648 0.9254 0.2315 0.2316 0.9253 0.2314 0.2326
433 1.4418 0.6555 0.6557 0.9622 0.184 0.184 0.9622 0.1838 0.1839
110 1.7142 0.7671 0.7672 1.1145 0.1946 0.1946 1.1141 0.1945 0.195
40 1.2621 0.667 0.6675 0.8004 0.1852 0.1855 0.8003 0.1851 0.1847
485 2.4719 1.54 1.5392 1.2105 0.2652 0.2652 1.2098 0.2652 0.2638
92 1.913 0.8212 0.8208 1.3046 0.1915 0.1924 1.298 0.1916 0.1913
332 1.1675 0.6537 0.654 0.6944 0.1811 0.1812 0.6944 0.1814 0.1806
280 1.3992 0.7627 0.7669 0.8118 0.1838 0.1845 0.8119 0.1837 0.1834
127 1.8848 0.9999 0.9997 1.1067 0.2198 0.2204 1.1066 0.2198 0.2195
486 1.0632 0.5779 0.5778 0.6453 0.1597 0.1599 0.6452 0.1597 0.1597
434 1.71 0.8775 0.8774 0.9528 0.1966 0.1969 0.9528 0.1971 0.1963
41 1.1633 0.6522 0.6521 0.6715 0.1616 0.1616 0.6715 0.1616 0.1619
281 1.319 0.5268 0.5267 0.9931 0.1995 0.2 0.9931 0.1995 0.1997
