"x"
"1" "Generate from s distribution. Repeat 530 times. The variance of residual is 0.25"
"x"
"1" "== degree of freedom:  1 =="
401 4.5703 3.227 3.2257 3.5893 2.249 2.2488 3.5894 2.249 2.249
521 4.6844 2.9406 2.9404 3.8325 2.0833 2.0862 3.8306 2.0833 2.0832
230 7.094 5.1832 5.1838 4.6993 2.8581 2.8633 4.677 2.8585 2.8566
418 5.2856 4.1248 4.1251 4.1096 2.9412 2.9417 4.1066 2.941 2.9412
487 5.6169 4.0971 4.0979 4.2367 2.6971 2.6952 4.2159 2.6974 2.6973
247 6.7193 4.0023 4.0093 5.897 3.193 3.1926 5.893 3.193 3.1981
25 5.5615 4.2638 4.2589 4.0441 2.7374 2.7361 4.0436 2.7383 2.7379
264 5.5539 4.641 4.6503 4.6363 3.7401 3.7599 4.6371 3.7378 3.7515
76 4.8117 3.8748 3.8766 3.4691 2.5151 2.5152 3.4689 2.5155 2.5175
42 8.0368 6.6347 6.6371 4.1226 2.7356 2.7357 4.121 2.7358 2.7367
333 5.1476 3.461 3.4466 4.2412 2.5607 2.5538 4.241 2.5602 2.5566
435 9.2142 6.4617 6.4614 6.8101 4.0744 4.0737 6.8203 4.0756 4.0733
419 8.3204 5.4363 5.4469 6.2473 3.3764 3.3756 6.2473 3.3727 3.3754
145 9.3488 7.4225 7.423 6.7239 4.8233 4.8364 6.7218 4.8227 4.7861
213 5.7162 4.2653 4.2808 4.5298 3.0859 3.1024 4.5181 3.0777 3.098
8 5.9407 4.5098 4.5119 4.5852 3.1688 3.1515 4.5852 3.1678 3.1576
402 8.9933 6.3279 6.3272 6.753 4.1806 4.1831 6.7472 4.1818 4.1573
265 4.0959 3.141 3.1402 3.2791 2.3045 2.3047 3.2798 2.3057 2.3048
26 10.7385 8.3519 8.3517 6.9284 4.5705 4.5778 6.9286 4.5706 4.5674
316 4.6119 3.4921 3.4883 3.7245 2.61 2.6123 3.7248 2.5957 2.6084
43 8.1872 6.4174 6.4195 5.9921 4.2073 4.2181 5.9924 4.2073 4.2216
504 14.604 13.0074 12.996 13.3915 11.641 11.6268 13.391 11.6461 11.6147
111 9.4124 6.7853 6.7845 7.7224 5.0762 5.0777 7.7225 5.0762 5.0738
77 8.9187 7.1766 7.1784 5.9876 4.3105 4.3139 5.9851 4.2645 4.301
522 7.1679 5.4474 5.4234 5.5587 3.8377 3.803 5.5597 3.8331 3.8143
420 4.2269 3.4017 3.4015 3.1072 2.2743 2.2744 3.1075 2.2739 2.274
299 6.6916 5.73 5.7073 5.5437 4.6143 4.6391 5.5375 4.6134 4.5959
453 10.2288 8.7623 8.7256 6.6262 5.2654 5.2584 6.5931 5.2478 5.2512
231 5.9537 4.0825 4.0838 4.6736 2.8324 2.8338 4.6692 2.8311 2.8295
367 13.2482 11.9474 11.9475 6.2015 4.9786 4.9752 6.202 4.9724 4.882
282 6.6456 4.881 4.8803 5.4721 3.765 3.7608 5.4721 3.7464 3.7663
470 5.2629 4.0884 4.0914 4.3149 3.1609 3.1795 4.3196 3.161 3.1727
78 5.0562 4.0317 4.033 4.0123 3.0132 3.0131 4.0119 3.0132 3.01
93 14.1484 9.6101 9.5952 8.7156 3.9691 3.9562 8.7089 3.9693 3.951
59 10.0827 8.5716 8.647 8.0661 6.5261 6.5848 8.0502 6.5162 6.4815
350 8.1979 5.788 5.7531 6.6725 4.2579 4.226 6.6749 4.2577 4.2216
179 29.9151 20.6413 20.8004 33.132 21.9834 22.1159 31.6083 21.9846 21.9981
196 15.2146 13.7918 13.794 11.1372 9.6314 9.6258 11.1289 9.6314 9.6241
454 8.0096 4.3571 4.3568 6.7246 3.096 3.0965 6.7222 3.0949 3.0956
471 3.5188 2.666 2.6619 2.8198 1.9589 1.9579 2.8198 1.9589 1.9557
162 46.5854 35.9914 35.4778 44.7864 33.7357 32.9806 44.7007 33.7392 33.0112
421 11.6373 6.8842 6.8906 9.7751 5.0053 5.0104 9.7625 5.0066 5.0259
317 16.709 14.5421 14.5441 16.0192 13.8281 13.8168 16.0266 13.7989 13.8097
214 6.3375 4.7819 4.7845 4.5019 2.9195 2.9186 4.5006 2.9143 2.9137
436 6.6563 4.9523 4.9542 5.4049 3.7166 3.7377 5.4052 3.7047 3.7092
60 7.3839 4.9598 4.9604 6.6112 4.1951 4.1938 6.6108 4.1949 4.1964
403 12.8947 11.7718 11.7738 8.7611 7.5768 7.5775 8.7601 7.5774 7.5689
523 3.5367 2.8569 2.8584 2.7024 2.036 2.0395 2.7018 2.0361 2.0355
79 5.782 4.1109 4.111 4.7258 3.1049 3.1041 4.7274 3.105 3.1047
300 9.7562 7.8203 7.6665 7.7098 5.7813 5.7731 7.709 5.776 5.7761
488 15.23 13.2489 13.607 13.6341 11.8234 11.9711 13.6275 11.5615 11.7186
9 12.2156 8.9262 8.9262 7.1308 3.7839 3.7826 7.1275 3.7807 3.7798
94 5.8168 4.2497 4.2517 4.5513 2.9986 3.0022 4.5506 3.0015 2.9966
112 8.8226 7.2031 7.2056 7.2946 5.6682 5.6676 7.293 5.6676 5.6591
180 6.0123 4.3083 4.3084 4.7571 3.0428 3.0435 4.7572 3.0425 3.0493
248 23.9039 21.7944 21.7955 22.037 20.1683 20.0413 21.9117 20.1685 20.1988
146 4.4476 3.0952 3.0953 3.7205 2.379 2.382 3.7207 2.378 2.3783
368 137.9673 66.5523 66.551 NA 72.885 72.8088 NA 72.8583 72.8305
27 13.7098 11.3064 11.3147 8.1788 5.7927 5.801 8.1773 5.7665 5.7669
422 7.9032 5.5365 5.5421 5.5068 3.1619 3.1561 5.5215 3.1622 3.158
128 17.3703 16.3414 15.5939 11.7579 9.6198 9.3859 11.7581 9.382 9.4514
505 13.0219 6.8616 6.8522 12.7557 6.6205 6.5916 12.7542 6.7108 6.5665
232 12.2261 10.2058 10.1965 11.0314 8.7296 8.7374 10.9788 8.7299 8.7249
95 6.8395 5.5564 5.5618 5.4482 4.155 4.1571 5.4439 4.1549 4.1538
283 5.6981 4.3322 4.3224 4.7001 3.3202 3.318 4.6998 3.3202 3.3242
437 4.7477 3.3754 3.3754 3.8105 2.4237 2.4253 3.8097 2.4237 2.4254
404 7.1715 5.6185 5.6204 4.6178 3.1621 3.1657 4.6182 3.1638 3.1635
301 4.431 3.1566 3.1534 3.4305 2.1898 2.2004 3.4291 2.1898 2.2
351 7.2672 5.5192 5.5121 4.7915 3.0781 3.0718 4.7907 3.0785 3.0689
181 6.0344 4.1561 4.1588 4.8379 3.0169 3.0157 4.8379 3.0173 3.0187
113 8.1312 5.9495 5.9568 6.2965 4.1557 4.1697 6.2934 4.1557 4.1652
163 7.8134 5.7256 5.7227 5.6858 3.6121 3.6124 5.6808 3.614 3.7232
405 4.8698 3.5802 3.5821 4.0689 2.7615 2.7606 4.0683 2.7638 2.7602
423 5.6926 4.4307 4.4287 4.1955 2.9372 2.9377 4.1955 2.9305 2.9365
96 10.2623 8.3572 8.3449 6.222 4.3423 4.34 6.2212 4.3405 4.3413
197 9.7979 7.5005 7.4899 6.3745 4.13 4.1346 6.3731 4.1237 4.0848
249 18.1537 10.611 10.6355 16.7905 9.3646 9.426 16.7911 9.3679 9.3973
438 6.7591 5.7263 5.725 4.2395 3.2156 3.2131 4.2373 3.2158 3.2167
215 26.4293 21.4014 21.4041 13.4323 8.7208 8.7747 13.4358 8.7191 8.672
10 4.2271 3.4993 3.4914 3.3227 2.5679 2.5684 3.3219 2.5679 2.5671
455 14.8952 7.1369 7.1361 13.7237 6.0062 6.0049 13.7299 5.9917 5.9897
318 3.7944 3.0162 3.0077 2.8584 2.082 2.0797 2.8584 2.082 2.0742
28 6.2749 5.0513 5.0532 4.9472 3.7002 3.6996 4.9467 3.7 3.6989
61 4.7704 3.8985 3.8944 3.4024 2.5226 2.5086 3.4024 2.5228 2.5054
44 24.2432 20.3537 20.4258 16.2871 12.3234 12.3651 16.2854 11.6597 12.1955
384 9.2 6.5129 6.513 8.6539 5.8558 5.8635 8.6231 5.7431 5.7836
114 8.6937 7.2685 7.2679 5.8416 4.3965 4.405 5.8178 4.3836 4.3942
97 6.1701 4.5329 4.5321 4.7303 3.1424 3.1419 4.73 3.142 3.1423
198 5.1796 3.1229 3.1208 4.485 2.4501 2.4501 4.487 2.4501 2.4485
456 7.3121 6.546 6.5541 4.5931 3.8408 3.8399 4.5933 3.8409 3.8417
506 4.9716 3.719 3.715 3.5716 2.3355 2.3401 3.571 2.3356 2.3464
472 11.9301 7.0859 7.0858 9.7599 4.991 4.9827 9.7654 4.9773 4.9752
284 6.8677 5.5741 5.5785 4.9564 3.6952 3.6958 4.9559 3.6911 3.6582
439 5.8053 4.1469 4.1506 4.4084 2.7387 2.7413 4.4087 2.7391 2.7385
29 5.3044 3.9529 3.9498 4.6589 3.3123 3.3087 4.6587 3.3114 3.3128
302 12.6852 9.6013 9.6172 10.9699 7.9801 7.8425 10.9713 7.9783 7.9854
147 8.0666 6.5182 6.5169 6.3535 4.7325 4.722 6.3525 4.7313 4.7188
233 7.6111 5.0389 5.033 6.6011 4.0057 4.0041 6.6003 4.0006 3.9993
129 4.4193 3.639 3.6337 3.6397 2.838 2.8396 3.6366 2.8336 2.8446
352 7.9688 6.4014 6.3963 5.0367 3.4658 3.4637 5.0346 3.4653 3.4635
524 5.4635 4.0296 4.0553 4.1407 2.6937 2.6905 4.1411 2.6854 2.678
182 6.99 5.88 5.8481 4.6565 3.4222 3.4226 4.6552 3.4222 3.418
334 101.0489 50.1137 47.6021 107.3352 50.5697 49.5925 NA 47.6353 53.4171
80 27.4417 18.0221 18.0304 25.9721 16.3757 16.2197 25.9794 16.1569 16.2537
266 100.2724 99.5213 99.4611 99.1511 99.7821 103.6309 NA 101.9653 103.7687
507 5.4276 4.1653 4.1647 4.3214 3.0775 3.0845 4.3218 3.0777 3.08
369 15.7794 9.8632 9.8575 10.6523 5.0926 5.0889 10.6479 5.0899 5.0625
473 6.1468 4.4972 4.4975 5.6569 3.9579 3.9577 5.6543 3.9535 3.9561
406 6.6209 5.4041 5.4063 5.5481 4.3503 4.3598 5.5474 4.35 4.3615
164 7.4251 5.8551 5.851 6.7848 5.213 5.2147 6.785 5.2895 5.1634
234 4.1973 2.9952 2.9921 3.6037 2.3939 2.3918 3.6041 2.3926 2.3921
11 4.5041 3.2916 3.2965 3.8225 2.6255 2.6283 3.8234 2.6226 2.6231
115 8.9171 5.8996 5.9065 8.0387 5.0455 5.0446 8.0334 5.0522 5.1735
285 10.1513 5.0315 5.0211 9.0112 3.9387 3.8998 9.014 3.939 3.8693
250 8.8394 6.6531 6.6589 6.0101 4.0299 4.0467 6.0086 4.0294 4.0354
303 7.9059 4.2517 4.252 7.2472 3.5953 3.5958 7.2504 3.5947 3.5927
30 7.2832 5.7379 5.7386 6.0808 4.5404 4.5412 6.0723 4.5402 4.5432
457 21.5219 18.806 18.8206 12.3887 9.7348 9.7454 12.3879 9.7202 9.6861
508 6.8684 4.2931 4.3001 5.798 3.2197 3.2336 5.7924 3.2198 3.2232
199 6.1303 4.6496 4.6452 4.6012 3.1128 3.113 4.6012 3.1114 3.1153
407 7.8797 4.5888 4.5913 6.7246 3.5152 3.5139 6.723 3.5151 3.5127
98 4.6772 3.3255 3.3217 3.9348 2.6107 2.6124 3.9353 2.6107 2.6071
62 16.576 13.9574 13.9317 13.1554 10.4447 10.4586 13.1553 10.4458 10.4142
116 8.2234 6.2554 6.2542 7.3132 5.3254 5.3261 7.3132 5.3262 5.3294
424 7.707 5.4454 5.4478 5.9209 3.6321 3.6334 5.8872 3.6232 3.6522
353 4.1662 2.9028 2.9034 3.2599 1.9851 1.9845 3.258 1.9851 1.9807
440 8.3116 5.9657 5.9596 6.443 4.0703 4.0711 6.4429 4.0704 4.0645
474 5.5684 3.9311 3.933 4.2772 2.6283 2.6303 4.2791 2.6283 2.6135
183 7.6178 5.6517 5.652 5.6725 3.6547 3.6534 5.6464 3.6721 3.6593
385 9.4756 7.9985 8.0002 6.7526 5.1637 5.1637 6.7518 5.1755 5.2041
489 NA NA NA 179.5456 123.0019 140.0354 166.5927 135.9007 127.429
408 4.3826 3.4932 3.4937 3.4864 2.5909 2.5933 3.4855 2.5907 2.5885
425 6.0561 3.5723 3.5721 5.1867 2.654 2.651 5.181 2.6554 2.6498
63 4.3813 3.5458 3.5461 2.9201 2.0744 2.0762 2.9201 2.0743 2.0741
235 5.9651 4.554 4.5459 3.8616 2.5069 2.5055 3.8598 2.508 2.5035
335 11.9135 9.3388 9.0912 9.2839 6.7608 6.5273 9.2837 6.7682 6.5031
165 8.403 6.5689 6.6053 6.789 5.0343 5.0342 6.7549 5.0362 5.0396
148 14.3518 7.8702 7.8578 10.4122 4.6127 4.6131 10.4126 4.6042 4.6111
117 6.5358 4.6796 4.6578 5.7728 3.8837 3.9018 5.772 3.8833 3.905
31 6.4432 4.9606 4.9534 5.4286 3.9385 3.9382 5.428 3.9368 3.9258
319 14.4861 8.4042 8.3876 11.9776 5.669 5.6459 12.0049 5.6464 5.614
370 13.8406 6.8896 6.9053 12.9942 6.0111 6.0055 12.9958 6.0236 6.0337
99 3.735 2.54 2.5339 3.0754 1.8701 1.8679 3.0743 1.8703 1.8705
490 4.8422 3.8246 3.8281 3.9477 2.9169 2.9171 3.9474 2.9169 2.9167
200 12.6976 10.86 10.8353 12.9969 11.1294 11.1387 12.8911 11.125 11.0982
475 6.2245 4.841 4.8395 5.0226 3.6383 3.6375 5.0239 3.6409 3.6333
81 16.7142 14.1249 14.0159 8.1345 5.3474 5.308 8.1335 5.2826 5.2835
216 103.3177 90.9103 90.7386 65.1101 56.1047 56.0392 63.5836 56.3305 55.0315
251 68.0922 47.5224 47.492 38.3701 17.1992 17.2228 39.4638 17.2764 16.9061
441 8.8394 6.4184 6.4128 6.0394 3.7753 3.7719 6.036 3.7786 3.7616
509 10.4328 5.5961 5.5782 8.7649 3.8468 3.8609 8.7626 3.8676 3.8309
267 24.7272 21.7325 21.7404 13.2576 10.1737 10.0657 13.2583 10.1783 10.0399
426 8.2601 6.0878 6.0859 6.8813 4.7234 4.7252 6.885 4.7233 4.7307
354 7.7433 5.4006 5.4145 6.5979 4.3064 4.3131 6.5506 4.2744 4.3084
130 60.7558 64.7406 64.236 62.1553 65.6045 65.5158 62.5149 64.9645 64.3442
336 6.7771 4.407 4.4383 5.9651 3.5938 3.6262 5.9634 3.593 3.6209
12 5.1645 3.2288 3.2254 4.5409 2.6026 2.5933 4.5533 2.6024 2.5994
32 3.7456 2.4883 2.489 2.9958 1.7319 1.7328 2.9967 1.7319 1.7325
201 6.1808 3.9074 3.9112 5.0177 2.7876 2.7907 5.0179 2.7876 2.7907
184 5.956 4.3844 4.3831 4.0556 2.5127 2.5148 4.0554 2.5115 2.5114
442 5.0782 3.635 3.6389 4.4506 3.0124 3.0116 4.4517 3.0109 3.0108
236 5.0648 3.8886 3.896 3.9079 2.7587 2.7637 3.9074 2.7592 2.7607
118 6.5099 5.1364 5.1353 4.7294 3.3497 3.3419 4.7372 3.3499 3.3506
491 3.8193 3.1023 3.0975 2.9801 2.2456 2.2468 2.9805 2.245 2.2462
386 9.9702 3.7261 3.7302 9.1219 2.9662 2.9674 9.1146 2.9644 2.9573
166 10.1481 8.4599 8.4608 8.3569 6.6596 6.6683 8.3561 6.6592 6.6699
525 80.5028 61.0741 60.892 46.4985 23.9138 23.9245 46.466 25.6644 23.7516
100 7.8962 5.2055 5.2063 7.0691 4.3614 4.3593 7.0709 4.3616 4.3342
337 6.1874 5.0115 5.0113 5.0406 3.7981 3.7993 5.0421 3.799 3.7664
202 10.3566 8.3224 8.318 7.9764 5.9891 5.9835 7.9769 5.9879 5.9756
371 5.5484 4.148 4.142 4.5186 3.1157 3.1002 4.5195 3.113 3.1
476 8.74 5.1409 5.1241 7.4502 3.8363 3.8171 7.4496 3.8366 3.8225
185 8.8568 7.186 7.1754 6.696 5.0748 5.0751 6.6723 5.0636 5.0421
320 5.9388 3.6907 3.6909 5.1507 2.8917 2.8896 5.16 2.8857 2.8921
82 11.0409 9.5348 9.5238 7.5603 6.0579 6.0474 7.5605 6.0275 6.0493
268 7.7435 6.0819 6.0793 6.0663 4.3955 4.3951 6.0675 4.3954 4.3905
64 10.0515 8.3803 8.3816 7.1199 5.431 5.433 7.1217 5.417 5.4304
427 11.1692 8.614 8.62 7.1789 4.6391 4.6522 7.1716 4.6391 4.6212
45 244.1845 178.712 180.6101 184.1693 121.8447 122.0532 184.1073 116.6369 NA
119 6.3309 4.8613 4.8569 5.8805 4.4386 4.4393 5.9017 4.4388 4.4376
338 5.6538 4.2851 4.2861 4.3827 3.0256 3.0271 4.3822 3.0257 3.0316
286 15.6509 10.077 10.0654 11.9391 6.3381 6.3157 11.9012 6.3044 6.3154
510 60.2682 47.0713 47.1267 47.0803 34.843 34.153 47.1317 34.6571 34.8114
33 12.4271 8.9169 8.8886 8.0163 4.7008 4.6838 8.0157 4.7009 4.6874
13 4.9888 4.1794 4.1792 3.248 2.4406 2.4432 3.249 2.4447 2.4352
217 5.9374 4.4008 4.431 5.0875 3.5385 3.5481 5.0873 3.5319 3.5458
409 6.8092 5.0519 5.058 5.0468 3.2609 3.2643 5.0525 3.2611 3.2587
83 10.3413 7.3247 7.3203 8.2905 5.1942 5.1965 8.2905 5.193 5.1929
186 6.0121 4.9055 4.905 4.5059 3.416 3.419 4.5029 3.4156 3.4154
492 11.9465 7.8237 7.8184 9.0253 4.8472 4.842 8.9896 4.8415 4.8385
458 23.5259 14.7825 14.8847 21.1633 13.4561 13.5693 21.1663 13.4268 13.7344
355 22.1379 19.3367 19.7014 20.5855 17.8239 17.5716 20.5784 17.84 17.5667
120 9.4797 7.8166 7.8132 5.6525 4.0096 4.0074 5.6386 4.0148 4.0095
203 8.3317 6.6552 6.6469 5.9094 4.2245 4.2243 5.9096 4.223 4.2131
321 7.0356 5.0395 5.0347 5.6474 3.5916 3.591 5.636 3.5916 3.5907
84 5.5378 4.1124 4.1124 4.0266 2.5861 2.5844 4.0275 2.5861 2.5863
269 3.6954 2.5583 2.5552 2.9512 1.8024 1.7985 2.9508 1.7984 1.8033
131 6.1536 4.5443 4.5443 4.9616 3.3426 3.3368 4.9608 3.3351 3.3404
101 4.9557 3.8469 3.8458 3.3029 2.2321 2.2416 3.3024 2.23 2.2361
477 16.3193 13.1526 13.1211 8.5923 5.5266 5.5214 8.593 5.5275 5.4817
149 10.8531 6.9932 7.064 9.5538 5.3407 5.346 9.433 5.3289 5.3281
65 12.078 7.062 7.06 9.3456 4.1863 4.1788 9.3451 4.1862 4.1814
428 6.989 4.9374 4.9408 5.8833 3.8211 3.8266 5.883 3.821 3.8283
526 5.7935 4.8021 4.7982 4.3569 3.3495 3.3443 4.3571 3.3495 3.3433
511 5.6887 4.282 4.2806 4.5087 3.1015 3.1024 4.5087 3.1016 3.0959
121 4.0779 2.9019 2.9021 3.1251 1.9417 1.9421 3.1251 1.9451 1.9463
387 9.5851 8.606 8.61 8.5591 7.6174 7.6157 8.5642 7.6201 7.661
287 5.6662 4.0846 4.0769 4.4377 2.853 2.8452 4.4393 2.8492 2.8496
372 4.3851 3.4786 3.4796 3.3154 2.3894 2.3913 3.3156 2.388 2.3865
410 4.6844 3.3702 3.3692 3.6853 2.3788 2.3828 3.6849 2.3624 2.3786
443 8.4354 6.6946 6.6554 7.528 5.7001 5.6834 7.528 5.6634 5.7032
14 5.0634 3.4724 3.4692 4.3148 2.7277 2.7221 4.3148 2.7244 2.7204
429 7.9369 6.2432 6.2449 7.2552 5.5475 5.5488 7.2454 5.5472 5.5446
478 7.6545 6.0324 6.0334 6.0174 4.4072 4.4102 6.0079 4.4082 4.4032
339 6.4437 3.9802 3.9716 5.513 3.074 3.0723 5.5074 3.0703 3.0667
167 5.3856 3.4386 3.4128 4.055 2.0996 2.1015 4.0454 2.0978 2.094
493 6.2204 4.4886 4.4911 4.4929 2.7383 2.7449 4.4938 2.7375 2.7418
252 219.8459 219.9454 227.1885 104.0249 104.4154 106.2474 103.1131 103.3306 103.2861
270 4.6213 3.6129 3.6141 3.3048 2.3007 2.3082 3.305 2.3007 2.3
288 5.6541 3.9105 3.9105 4.9746 3.2187 3.2206 4.9676 3.2185 3.2191
527 6.6879 4.7984 4.8046 5.6032 3.7443 3.7562 5.6062 3.7363 3.7476
237 6.8443 4.7858 4.7457 5.1031 2.9703 2.9525 5.0392 2.9631 2.9724
204 4.8457 3.8383 3.8339 4.1591 3.1561 3.1564 4.1577 3.1555 3.1452
187 5.8984 3.5544 3.5514 5.0049 2.6457 2.654 5.0017 2.6458 2.644
34 9.0379 5.2791 5.2859 8.1389 4.247 4.2536 8.1375 4.2059 4.2508
122 8.158 6.2235 6.2213 5.7624 3.8501 3.8474 5.7625 3.8489 3.8471
46 7.8326 5.9931 5.9772 5.6509 3.7686 3.7633 5.6513 3.7599 3.7633
322 9.1009 5.276 5.2769 7.5946 3.7932 3.7949 7.5934 3.7768 3.7638
85 3.9624 3.0738 3.07 2.8555 1.9734 1.9749 2.8556 1.9713 1.9645
304 152.9439 107.348 NA 87.9669 83.4075 78.0858 88.0081 77.7686 76.9677
289 5.4988 4.4282 4.427 4.2812 3.2147 3.214 4.2805 3.2161 3.2147
340 4.8095 3.6331 3.6329 3.7568 2.5913 2.593 3.7579 2.5913 2.5924
512 6.0842 4.1803 4.1809 5.0254 3.1603 3.1674 5.0264 3.1603 3.1621
188 8.8668 5.5409 5.5399 6.7712 3.4763 3.4711 6.7707 3.476 3.4707
444 6.2133 4.5637 4.6069 5.2427 3.5698 3.5697 5.2426 3.5691 3.5642
205 4.5878 3.1917 3.1897 3.5198 2.1484 2.1499 3.5189 2.148 2.1478
66 8.5247 5.5796 5.5541 6.8368 3.9445 3.9256 6.872 3.9456 3.9297
411 5.1413 4.1896 4.1904 4.0392 3.1159 3.116 4.0388 3.1178 3.1166
238 5.6422 3.7554 3.7553 4.5474 2.7032 2.7003 4.5429 2.7034 2.7024
168 15.6394 8.9651 8.967 13.2117 6.4445 6.4476 13.2042 6.4444 6.4263
218 22.1765 14.8238 14.7216 17.6741 10.3069 10.3 17.4109 10.1495 10.0691
356 18.3905 15.2664 15.3367 13.9884 11.0381 11.0317 13.9988 11.036 11.0114
102 35.6163 34.9176 33.654 13.3068 10.7678 10.7721 13.3083 10.6969 10.7373
528 7.5438 4.7563 4.7757 6.3103 3.5621 3.5803 6.311 3.5617 3.569
150 9.7362 6.132 6.1191 8.0127 4.0942 4.0993 8.014 4.0942 4.0951
86 5.5863 4.139 4.1374 4.2935 2.8336 2.8329 4.2913 2.8332 2.8334
373 4.5226 2.8894 2.8853 4.031 2.403 2.3925 4.0309 2.3808 2.3934
206 6.9652 5.4497 5.4573 5.0918 3.594 3.5995 5.0929 3.5941 3.5978
15 6.6467 5.4426 5.4447 6.0943 4.8942 4.9046 6.092 4.8942 4.8718
132 7.8921 4.7539 4.7479 6.54 3.4513 3.4473 6.4896 3.4428 3.454
123 5.5689 4.5613 4.5631 4.5129 3.498 3.5017 4.5144 3.498 3.4982
169 6.1389 4.8162 4.8128 4.4267 3.063 3.0636 4.4256 3.0624 3.0823
47 6.4964 4.7271 4.7299 5.1784 3.3934 3.4008 5.1788 3.3934 3.3967
430 6.0146 4.3826 4.3802 4.7151 3.0492 3.0513 4.7072 3.0473 3.046
103 6.2209 4.3711 4.3681 5.2913 3.4414 3.4458 5.2836 3.4414 3.4406
323 30.5458 26.6194 26.6085 12.2565 8.5712 8.5357 12.1813 8.5713 8.4843
388 21.1945 15.704 15.7228 13.4822 8.7994 8.8137 13.5089 8.7396 8.7658
87 4.5363 3.6854 3.6852 3.0316 2.1883 2.1875 3.031 2.1879 2.1885
494 5.7599 3.8708 3.861 4.9734 3.0866 3.0874 4.9729 3.0877 3.0834
305 6.1141 4.4251 4.4258 5.1706 3.4718 3.4728 5.1706 3.476 3.4714
529 4.3501 3.3573 3.3609 3.622 2.6332 2.6364 3.6218 2.6326 2.618
374 15.0995 5.3582 5.3594 13.8076 4.0792 4.0837 13.8096 4.0807 4.043
412 9.0933 4.9968 5.0051 7.8813 3.8081 3.8112 7.8709 3.8082 3.8084
290 11.5678 10.9459 10.922 9.4511 8.755 8.7174 9.4511 8.7495 8.7055
189 9.0789 7.9427 7.8987 6.7301 5.6452 5.6461 6.7318 5.6453 5.6483
35 21.0273 20.2845 20.2591 21.8006 20.6971 19.1062 21.7914 20.6762 20.6811
341 6.0692 4.6184 4.6168 4.4535 3.0034 2.9989 4.4488 3.0028 3
124 4.2669 3.2567 3.2581 3.3406 2.3381 2.333 3.3434 2.338 2.3306
324 8.204 5.0978 5.0991 7.1478 4.0381 4.0344 7.149 4.0384 4.0396
67 4.7074 3.2963 3.2923 4.01 2.6035 2.5867 4.0105 2.6035 2.5892
445 5.3145 3.6027 3.5847 3.9009 2.1287 2.1289 3.8938 2.1287 2.1272
389 5.2834 4.3903 4.3922 4.3385 3.4236 3.422 4.3386 3.4236 3.4241
431 6.4853 4.6933 4.6769 4.8696 3.0888 3.0717 4.8695 3.089 3.0746
495 6.2841 5.1877 5.1996 4.567 3.5084 3.5089 4.5671 3.5073 3.5091
271 7.797 5.6472 5.6376 6.8025 4.5797 4.5692 6.799 4.5404 4.6028
479 9.3542 6.6249 6.5971 8.184 5.4755 5.4337 8.1816 5.476 5.4988
357 5.4703 4.4235 4.4227 4.7797 3.7228 3.7184 4.7813 3.7213 3.7175
16 16.4359 11.7757 11.7958 14.6983 10.3955 10.3736 14.8234 10.3718 10.0879
375 11.2769 6.6858 6.6814 8.8847 4.3935 4.3591 8.8836 4.3934 4.3532
36 5.5113 3.9573 3.9603 4.3101 2.813 2.8107 4.3099 2.8133 2.8045
413 5.9647 4.1718 4.1766 4.881 3.078 3.0794 4.8803 3.078 3.0782
207 4.6193 3.6328 3.6206 3.3686 2.3951 2.3955 3.3686 2.3951 2.3942
432 4.9217 3.5007 3.499 3.8796 2.4561 2.4564 3.8793 2.4552 2.4558
390 6.5413 4.6894 4.6905 5.2644 3.4166 3.4187 5.2626 3.4202 3.4207
125 7.4024 4.9465 4.9489 6.2784 3.7799 3.7821 6.2772 3.7796 3.7764
151 7.4061 5.4889 5.4917 5.594 3.6729 3.6727 5.5978 3.6704 3.6731
170 8.037 5.0114 5.0127 6.7111 3.7229 3.7224 6.7103 3.7153 3.7193
342 6.2703 3.5605 3.551 5.4232 2.7152 2.7123 5.4241 2.7155 2.7121
37 4.9546 3.9921 3.9917 3.7129 2.7458 2.7462 3.7149 2.7456 2.7416
88 8.6829 6.3982 6.3997 7.1333 4.884 4.8839 7.1589 4.8791 4.8791
104 7.3838 5.1698 5.1688 5.0689 2.835 2.8366 5.0665 2.8333 2.8314
306 5.1112 3.5634 3.565 4.3689 2.8638 2.8623 4.3772 2.8636 2.8543
48 5.7021 4.6126 4.6135 4.5964 3.527 3.5193 4.5962 3.5268 3.5139
272 8.8507 7.3005 7.2974 6.2014 4.6701 4.6717 6.2006 4.6708 4.6736
530 5.0654 4.2863 4.2828 3.9169 3.1425 3.1424 3.9108 3.1422 3.1221
133 5.8057 4.2632 4.2617 4.4456 2.934 2.9312 4.4532 2.9466 2.9122
433 7.3523 4.9857 4.9682 5.5958 3.2592 3.2603 5.5987 3.2592 3.2581
446 3.7183 2.7339 2.7337 2.9537 1.9726 1.9734 2.9541 1.9826 1.9736
105 6.0753 4.4818 4.4834 4.3096 2.6776 2.6802 4.3092 2.6785 2.6784
219 45.535 31.4508 31.463 26.9118 12.2941 12.37 26.8784 11.717 12.002
325 8.6759 3.8178 3.8177 7.6465 2.8825 2.8632 7.6251 2.8823 2.8714
126 6.3865 5.192 5.1993 5.5467 4.3676 4.3805 5.5465 4.3677 4.3714
239 31.6243 26.5453 26.5243 26.2374 21.3576 21.363 26.2727 21.3575 21.4124
190 5.3088 4.1602 4.1618 4.1526 3.0227 3.0199 4.1528 3.0118 3.0154
480 3.9211 3.0098 3.0099 3.2742 2.3574 2.3567 3.2731 2.3574 2.3558
253 51.4172 44.4736 44.2068 18.5273 10.1222 9.6547 17.298 9.7669 9.7182
496 7.2877 5.6831 5.6973 5.4304 3.8555 3.8556 5.4246 3.8539 3.8389
134 7.3199 5.3668 5.3961 6.3173 4.368 4.3714 6.3172 4.3705 4.3735
513 33.8994 12.1172 12.1922 36.6437 11.0795 11.2636 35.7982 11.043 10.9622
49 6.7104 5.6952 5.6932 5.75 4.732 4.725 5.7495 4.735 4.7295
17 6.3892 4.5355 4.5362 5.37 3.521 3.5298 5.365 3.5204 3.5203
376 7.8159 6.3878 6.4041 6.5879 5.1407 5.1734 6.5842 5.1305 5.1397
68 6.0275 4.4951 4.4932 5.0034 3.4079 3.4015 4.972 3.3975 3.3949
391 4.3338 3.4822 3.4793 3.0911 2.2491 2.2383 3.0912 2.2502 2.2403
307 8.2354 5.5606 5.5527 5.7695 3.0951 3.0877 5.7695 3.0945 3.087
135 4.6822 3.3438 3.343 3.287 1.9817 1.9822 3.2817 1.9816 1.98
343 4.1322 3.4686 3.5119 2.845 2.1917 2.1927 2.8449 2.1918 2.1919
434 4.6659 3.4903 3.5041 3.7795 2.6136 2.615 3.7791 2.6043 2.6162
358 6.9432 5.4478 5.4515 5.7874 4.2574 4.2746 5.7617 4.2462 4.2622
171 6.4119 5.2266 5.2282 4.5546 3.3766 3.3863 4.5541 3.3743 3.3773
89 4.7008 3.1891 3.19 3.4835 2.0151 2.0079 3.4744 2.0151 2.0085
50 5.969 4.5782 4.5745 5.0958 3.7091 3.7085 5.0964 3.7106 3.7083
273 5.4526 4.4814 4.48 3.3243 2.3935 2.3936 3.3244 2.4027 2.389
481 7.928 5.9568 5.9593 6.4237 4.4547 4.4721 6.4144 4.4547 4.4573
208 23.9196 10.7079 10.6469 20.498 7.4837 7.4927 20.5114 7.4631 7.4755
254 9.2079 6.9814 6.9794 6.7508 4.4152 4.4029 6.7498 4.4153 4.4029
497 5.4118 3.617 3.6144 4.2715 2.4963 2.4963 4.275 2.495 2.4952
291 30.1763 27.7343 27.6505 23.8555 21.3119 20.5242 23.8154 19.0591 23.9669
459 550.0363 124.7304 114.2059 470.3273 83.9023 86.5125 507.3573 127.2727 79.1356
447 6.4711 4.921 4.9326 5.3701 3.8509 3.8428 5.3634 3.8509 3.8401
220 6.6297 5.0153 5.0775 5.1202 3.5213 3.5402 5.1206 3.5202 3.52
531 4.3391 3.3216 3.3225 3.1767 2.16 2.1585 3.1766 2.1602 2.1618
377 4.8136 3.5711 3.5779 3.717 2.4682 2.4681 3.6924 2.4684 2.4674
38 5.9194 4.4859 4.4891 5.0281 3.602 3.5954 5.0282 3.602 3.6012
172 4.7467 3.5658 3.561 3.5328 2.3442 2.3467 3.5301 2.3445 2.3437
51 6.6139 4.3323 4.3329 5.3171 3.0448 3.0465 5.3169 3.0449 3.0405
308 9.8769 8.5313 8.5363 8.1971 6.8253 6.8361 8.1933 6.8252 6.8224
209 9.2509 7.707 7.6823 6.803 5.1305 5.1303 6.8105 5.1304 5.1142
127 11.6655 5.9323 5.8974 11.0256 5.0609 5.0608 11.0162 5.0589 5.0418
392 7.6827 5.5524 5.5506 6.5743 4.4956 4.4984 6.5778 4.4957 4.4896
191 4.6732 2.9975 2.9983 4.153 2.4662 2.4533 4.1537 2.466 2.4697
240 9.1373 8.2544 8.2539 5.1395 4.2804 4.246 5.1436 4.2806 4.1671
152 7.3461 5.0796 5.0782 5.9016 3.6305 3.6139 5.8951 3.6233 3.6106
136 8.5269 6.813 6.802 5.5878 3.9307 3.9329 5.5869 3.9307 3.9072
359 9.9896 8.0053 7.9988 8.87 6.9255 6.9015 8.8628 6.9236 6.9025
482 4.7679 3.8864 3.8842 3.566 2.7089 2.7071 3.5667 2.7089 2.7056
69 5.2888 4.0121 4.0112 4.5056 3.2347 3.2357 4.5058 3.2283 3.2313
414 59.6967 55.539 55.5291 52.8085 48.6712 48.2593 52.9006 48.0417 47.9884
498 9.2252 5.9396 5.9473 7.1507 3.8587 3.8761 7.151 3.8586 3.8509
274 6.5383 4.2235 4.2237 5.6821 3.3682 3.3701 5.6773 3.3667 3.3786
448 6.5123 4.3883 4.3901 5.2614 3.0984 3.0973 5.2601 3.0985 3.0861
106 7.0151 5.6577 5.6553 5.6107 4.2652 4.3156 5.6123 4.2402 4.2079
483 7.2329 5.3963 5.3897 4.2715 2.4828 2.4808 4.2717 2.4828 2.4816
18 7.3299 5.4108 5.3728 5.542 3.7713 3.6525 5.5442 3.7705 3.7711
292 7.6691 6.2981 6.3145 5.5488 4.1959 4.1948 5.5464 4.1959 4.1804
514 58.8044 21.2777 21.4694 50.6977 16.8035 16.8047 50.6886 16.6995 16.7213
344 46.1796 34.3056 34.4302 40.6155 28.9596 28.9749 40.487 28.7809 29.3849
378 10.7378 8.5722 8.5722 5.6836 3.5822 3.5822 5.6846 3.5657 3.5833
326 9.9402 6.4689 6.4002 8.9059 5.5017 5.4907 8.9143 5.3892 5.3602
393 3.7183 2.8642 2.8641 2.9873 2.0915 2.089 2.9869 2.0913 2.0897
210 15.7499 12.6722 12.7674 12.285 9.2532 9.3113 12.2835 9.2547 9.3053
52 4.9937 3.561 3.5727 4.1538 2.6867 2.6965 4.1535 2.6864 2.6882
460 7.9672 6.8808 6.8757 6.2641 5.3044 5.3422 6.2551 5.1166 5.1021
255 5.232 3.5112 3.5107 3.9137 2.2284 2.2261 3.9127 2.2259 2.2256
360 8.7363 5.4446 5.44 7.5152 4.216 4.2139 7.5143 4.2054 4.2138
192 6.1235 4.7771 4.7695 5.1129 3.7649 3.7625 5.112 3.7643 3.7602
499 5.6398 4.0818 4.0897 4.8156 3.2428 3.2446 4.8143 3.2429 3.2466
19 10.7768 9.3816 9.3954 6.5644 5.1456 5.2043 6.5645 5.148 5.2358
107 5.7494 4.4648 4.4651 4.5749 3.2948 3.2954 4.5743 3.2956 3.2934
309 15.015 10.3701 10.3795 11.7954 7.4835 7.4862 11.7862 7.467 7.5175
137 5.5078 4.0432 4.042 4.2534 2.8102 2.8143 4.2529 2.8046 2.8486
53 5.1608 3.9041 3.9037 3.7788 2.5239 2.5236 3.7787 2.5238 2.5238
515 10.4474 7.259 7.2514 8.8393 5.6559 5.6344 8.8427 5.6544 5.6343
90 13.6733 6.6455 6.644 10.2458 5.0545 5.0582 12.0559 5.0104 4.9852
153 11.2777 5.9263 5.928 9.521 4.0196 4.0213 9.4721 4.0206 4.024
275 7.0611 4.2873 4.2863 6.1557 3.4048 3.4037 6.155 3.4064 3.4047
449 8.8436 6.0453 6.0358 7.4558 4.6838 4.6975 7.4255 4.685 4.688
221 43.1911 20.1935 20.1406 35.9023 12.9269 12.783 35.7325 12.8265 12.7117
173 10.5077 9.3696 9.3741 7.239 6.0308 6.0554 7.2143 6.0243 6.1098
500 5.6756 4.3756 4.3755 4.2653 2.9498 2.9504 4.265 2.9498 2.9501
211 8.5561 6.9857 6.9734 6.7702 5.1953 5.1884 6.772 5.1959 5.1913
241 5.4853 4.1047 4.0973 3.5249 2.1228 2.1224 3.5245 2.1217 2.117
70 9.628 6.5246 6.5269 8.5578 5.4119 5.4101 8.5548 5.387 5.4086
39 6.4288 4.9133 4.9109 4.441 2.8562 2.8568 4.4378 2.8432 2.8434
379 6.0674 5.2256 5.2253 3.867 3.0085 3.0058 3.8673 3.0085 3.0073
242 3.5637 2.8253 2.8249 2.8557 2.1291 2.1276 2.856 2.129 2.1264
154 12.9503 7.7475 7.7336 10.7263 5.4739 5.4736 10.7473 5.4739 5.4534
256 7.8161 5.1314 5.1279 6.4512 3.7818 3.7825 6.4527 3.7822 3.7804
461 4.2013 3.0776 3.0794 3.2714 2.1431 2.146 3.2706 2.1432 2.1432
193 7.9872 4.8109 4.8083 7.174 4.0307 4.0427 7.1732 4.0305 4.036
222 4.575 3.3399 3.3405 3.9042 2.6619 2.6656 3.8926 2.6571 2.6633
394 5.3651 4.0724 4.0743 4.3019 3.0154 3.0164 4.3027 3.0152 3.0155
345 14.2711 6.3529 6.3548 12.785 4.5313 4.5546 12.7653 4.5171 4.5504
91 17.1988 14.3311 14.3301 14.0452 11.1487 11.1498 14.0419 11.1471 11.1472
20 4.9991 3.6301 3.6285 4.1977 2.8338 2.8325 4.1967 2.834 2.8489
361 9.6866 6.423 6.4289 8.3763 5.1206 5.1029 8.3761 5.1211 5.125
293 10.6419 8.3707 8.3696 8.1458 5.8726 5.8811 8.1207 5.8661 5.8675
92 7.7668 5.8859 5.8861 5.563 3.6488 3.6514 5.564 3.647 3.6481
54 6.3518 4.8795 4.8793 4.4933 2.9981 2.9994 4.4933 2.9981 2.9935
395 4.807 3.7374 3.7349 3.7819 2.6794 2.6838 3.7821 2.6798 2.6801
450 3.9939 3.2441 3.2432 2.8736 2.1268 2.1248 2.8738 2.1269 2.1231
516 8.2009 6.7146 6.7048 5.482 4.0666 4.0199 5.4768 4.0672 4.0209
155 10.202 8.526 8.5032 7.9909 6.3952 6.3895 7.9877 6.3939 6.3832
462 4.422 2.8969 2.8958 3.3806 1.8801 1.8774 3.3798 1.8806 1.8777
108 4.5901 3.4173 3.4146 3.6829 2.5045 2.4969 3.6799 2.5024 2.4975
346 8.7253 7.0939 7.0917 6.9776 5.3421 5.3442 6.9766 5.3408 5.3283
380 5.9152 4.8331 4.8329 4.4586 3.3788 3.382 4.4591 3.3803 3.377
40 5.811 4.2771 4.2761 4.8919 3.3601 3.3783 4.8934 3.36 3.3643
415 30.8582 30.1609 30.1382 24.2866 22.8335 22.8062 24.282 22.6153 22.6623
138 8.3033 6.1242 6.1187 6.6625 4.6057 4.5979 6.6397 4.5919 4.595
212 4.7788 3.658 3.662 3.3274 2.2244 2.2276 3.3307 2.2263 2.2227
532 85.1878 79.7861 79.7914 43.1164 37.3241 37.6594 43.0674 37.3132 37.2861
174 18.2623 14.0877 14.0738 13.1655 9.1194 9.1035 13.1488 9.111 9.0808
41 7.6625 5.9828 5.9833 5.9666 4.3681 4.3667 5.9639 4.3675 4.3674
310 7.9863 6.7 6.6981 4.8536 3.5932 3.5853 4.9074 3.5941 3.5867
381 8.1483 5.7786 5.7874 5.7734 3.4529 3.4666 5.7728 3.4529 3.4452
71 12.7782 10.5278 10.5324 11.491 9.4184 9.491 11.4955 9.4104 9.3306
21 7.1828 4.8904 4.8859 5.7858 3.4767 3.476 5.7864 3.4732 3.4749
276 5.1594 3.701 3.706 4.5125 3.0719 3.072 4.5299 3.0485 3.0708
327 10.5794 7.1629 7.1181 9.5067 6.0473 6.0764 9.5042 6.01 6.1022
362 8.5215 6.0039 5.9946 7.6125 5.0923 5.0815 7.6114 5.0924 5.0733
257 4.3659 3.4343 3.4346 3.4693 2.5346 2.528 3.4691 2.5348 2.5289
396 8.3552 5.3977 5.4001 6.7002 3.7377 3.742 6.7008 3.7374 3.7383
243 10.9213 7.2057 7.2056 8.851 5.1165 5.1205 8.8529 5.1143 5.082
347 3.6467 2.8585 2.8588 2.7093 1.9254 1.9241 2.7093 1.9254 1.9244
223 7.0249 5.7635 5.7286 5.3748 4.0712 4.0168 5.3619 4.0568 4.0189
55 5.5421 4.3046 4.308 4.1346 2.8817 2.8794 4.1341 2.8819 2.8745
463 3.5987 2.5485 2.5504 3.0347 1.9948 1.996 3.035 1.9947 1.9932
501 13.6992 11.603 11.5634 10.9898 8.7848 8.7413 10.9941 8.7678 8.718
277 9.7791 7.6576 7.6444 7.262 5.1749 5.1616 7.2658 5.177 5.1658
139 7.5226 5.1512 5.1479 5.4812 3.3038 3.3023 5.4813 3.3046 3.2971
294 4.8126 3.8325 3.8307 3.4922 2.4479 2.4567 3.4742 2.448 2.4299
72 10.09 6.9378 6.9372 7.9048 4.905 4.9032 7.9016 4.8934 4.92
156 4.4787 3.3693 3.3676 3.4532 2.3525 2.3494 3.4505 2.3527 2.3484
258 5.0066 3.446 3.4451 4.2242 2.6407 2.6416 4.2239 2.6405 2.627
416 10.7931 9.9213 9.9216 7.6303 6.8267 6.8191 7.6208 6.772 6.8207
56 5.4309 3.8576 3.8571 4.6489 3.0686 3.0674 4.6479 3.0682 3.0674
278 4.0341 3.1237 3.1247 3.0948 2.1353 2.1362 3.0951 2.1354 2.1344
194 12.477 10.2138 11.4508 8.9001 6.256 6.168 8.8985 6.1528 6.2423
517 19.7624 13.8978 13.9071 14.1143 8.2652 8.262 14.0612 8.2552 8.2413
175 6.3399 4.6839 4.6647 4.8108 2.9756 2.9792 4.809 2.9755 2.9813
311 5.4271 3.4176 3.4201 4.5254 2.5591 2.5638 4.5254 2.5539 2.5559
295 6.5826 5.2888 5.2894 5.1271 3.8372 3.8338 5.1271 3.8371 3.834
73 14.129 12.8796 12.8761 9.8842 8.8434 8.8392 9.8743 8.8444 8.8433
382 8.0765 6.8606 6.8394 7.2478 6.0283 6.0205 7.2461 6.0333 6.0159
464 5.4339 4.2553 4.2564 4.2684 3.0835 3.087 4.2576 3.0828 3.0865
109 18.3683 14.8201 14.8592 13.6814 10.0258 10.0247 13.6672 9.8844 9.9979
328 19.7082 17.9751 17.9678 17.7836 16.2701 16.2624 17.7756 16.2519 16.2478
296 6.8482 4.1791 4.1822 6.393 3.7286 3.7315 6.3928 3.7286 3.7237
451 27.7458 25.5951 25.582 9.7789 8.173 8.1841 9.7813 8.166 8.1147
502 5.6298 4.2075 4.2086 4.3917 3.0098 3.0069 4.3911 3.0099 3.0005
417 7.0921 4.7594 4.7571 6.3945 4.0752 4.0737 6.3948 4.0739 4.0735
22 33.57 21.9487 21.9224 32.4714 20.7743 20.7676 32.4905 20.5954 20.7698
397 3.8626 2.8395 2.8476 3.0477 2.0325 2.0357 3.0474 2.0296 2.0381
140 7.834 6.444 6.4557 5.4965 4.147 4.1458 5.4957 4.147 4.1083
244 9.3746 6.3929 6.3762 7.631 4.6063 4.5935 7.6257 4.6083 4.6031
484 NA 507.8472 526.9288 NA NA 371.976 315.4072 351.5067 361.7443
195 7.3344 6.1498 6.1448 4.808 3.6805 3.6754 4.8078 3.6792 3.6727
23 5.0126 3.7378 3.7391 3.9298 2.6514 2.6502 3.9284 2.6517 2.6516
279 8.6117 7.0084 7.0084 7.0697 5.4931 5.5441 7.0695 5.4922 5.5479
224 42.2043 18.687 18.7242 35.1912 11.7397 11.7296 35.2026 11.7391 11.6981
74 5.4436 3.7408 3.7508 3.9419 2.2093 2.2145 3.9419 2.2074 2.2123
259 13.5 4.8096 4.8114 12.1904 3.4903 3.4862 12.2001 3.4506 3.4784
363 9.9694 8.5344 8.5233 8.6883 7.2203 7.2229 8.6629 7.2209 7.2143
518 3.5151 2.4812 2.4874 3.0197 1.9842 1.9889 3.0182 1.9842 1.9857
348 8.2437 4.5912 4.5846 6.6361 3.0713 3.0606 6.6382 3.0704 3.0621
176 6.5053 5.546 5.5452 5.8872 4.9495 4.9477 5.8801 4.9294 4.9488
24 3.507 2.8013 2.8017 2.6077 1.9207 1.9206 2.6076 1.9202 1.9199
141 5.1024 3.8872 3.8878 4.2937 3.0917 3.0973 4.2956 3.0917 3.0916
329 5.5295 4.0213 4.0216 4.2593 2.7439 2.7441 4.2589 2.7447 2.7439
533 27.0459 24.8364 24.7372 21.4697 18.742 19.8318 20.882 18.6317 18.8487
110 4.8293 3.1279 3.119 4.0062 2.2938 2.2783 4.0057 2.2932 2.278
75 6.4921 5.3865 5.3823 4.6621 3.5301 3.5307 4.6624 3.5319 3.5305
485 4.0088 2.9477 2.9473 3.3226 2.252 2.2535 3.3219 2.2531 2.252
297 7.8055 6.3457 6.3445 6.2349 4.7538 4.7811 6.2662 4.7522 4.7819
57 7.8345 6.2606 6.2658 6.4376 4.9628 4.9584 6.4384 4.9631 4.9458
398 7.0375 5.4434 5.4458 4.8522 3.2815 3.2888 4.8516 3.2812 3.2755
452 7.7242 5.3246 5.3223 6.111 3.7061 3.7039 6.1074 3.6947 3.7083
503 17.3221 12.6227 12.6206 11.3378 6.7117 6.7141 11.3394 6.7052 6.7154
177 4.99 3.4829 3.4839 4.0399 2.5298 2.5308 4.0411 2.5292 2.5285
519 5.8324 4.5721 4.5731 4.2761 3.0204 3.0208 4.2776 3.0203 3.0209
157 31.7695 30.9592 30.9754 33.3376 31.9521 31.7381 33.3098 31.1908 31.6112
349 6.2573 4.8113 4.8116 5.0038 3.5426 3.566 5.0042 3.5775 3.572
465 14.0843 9.3202 9.2606 12.7889 7.81 7.7798 12.789 7.7518 7.7784
280 4.9698 3.2353 3.2369 4.0974 2.3571 2.3573 4.0962 2.3562 2.3527
225 15.3399 11.5014 11.5037 11.6298 7.4672 7.4613 11.7276 7.4192 7.4496
383 8.8424 6.8751 6.8484 7.0069 4.8387 4.8393 6.9789 4.8361 4.8425
330 6.3291 5.1615 5.1621 4.8266 3.6701 3.6692 4.827 3.6597 3.6695
260 28.445 15.7512 15.7562 26.4521 13.0983 13.0944 26.4611 13.0068 12.8236
312 18.2813 14.7554 14.7515 16.5861 12.6641 12.6633 16.2748 12.6607 12.6485
58 4.8292 3.5773 3.5739 3.9335 2.6766 2.6756 3.9311 2.6763 2.6746
158 8.4339 7.0112 7.0079 4.87 3.4306 3.4438 4.8691 3.4306 3.4243
178 8.8388 6.8743 6.878 7.0315 5.0569 5.0397 7.0319 5.0592 5.06
399 6.0943 5.0067 5.0013 4.8749 3.7167 3.7262 4.8698 3.7169 3.7203
331 7.5316 5.8057 5.8072 6.4506 4.7803 4.7828 6.4498 4.7802 4.7808
364 16.8855 15.2086 14.6434 11.2895 9.398 8.9049 11.2883 9.1567 8.9865
226 6.4454 4.2306 4.2407 5.1846 3.0296 3.0382 5.184 3.0303 3.0365
245 10.455 9.7883 9.7382 7.8593 7.1495 6.9907 7.8472 7.1581 6.9853
534 8.8257 6.0662 5.9973 7.3414 4.6234 4.5611 7.3319 4.6231 4.5515
159 4.0862 3.121 3.1217 2.9738 2.0104 2.0106 2.9739 2.0102 2.01
313 6.9259 5.3329 5.3337 5.2093 3.6098 3.6097 5.2132 3.6103 3.6065
261 5.1958 4.2009 4.2 3.449 2.5393 2.5345 3.4475 2.531 2.5174
298 37.2622 40.0134 39.7936 37.6858 40.7391 40.0278 37.6636 40.561 40.0394
520 9.8893 5.4038 5.4008 9.1065 4.507 4.5028 9.0753 4.5058 4.4989
365 5.3204 3.6916 3.6919 3.5033 2.0645 2.0618 3.5032 2.0652 2.0611
466 5.7992 4.6658 4.6713 4.7824 3.6626 3.665 4.7539 3.6995 3.7652
281 21.1898 17.7542 17.7489 13.0922 9.4791 9.4262 13.0855 9.4791 9.4325
332 5.1146 4.0614 4.0594 4.2121 3.149 3.1488 4.2186 3.1415 3.1489
467 6.4654 4.6356 4.6796 5.2818 3.4935 3.5244 5.2831 3.4929 3.5169
160 10.2753 8.5006 8.4992 8.8591 7.0199 7.018 8.8591 6.9981 7.0001
400 11.4381 7.0955 7.0952 9.0376 4.6425 4.6375 9.0351 4.6248 4.6472
314 4.6569 3.9182 3.921 3.5034 2.7806 2.7782 3.5031 2.7812 2.778
486 47.3622 40.3888 40.1381 38.6153 31.9346 32.5095 38.5769 31.5739 31.7366
468 6.9268 5.549 5.5482 4.151 2.7904 2.7921 4.1505 2.7904 2.7904
246 23.4645 14.4756 14.4404 19.0809 9.9213 9.7997 19.0068 9.9252 9.7631
535 9.4483 5.7484 5.7574 8.1585 4.3529 4.3557 8.1511 4.3529 4.4093
366 10.0953 8.0683 8.0796 6.125 4.0971 4.1045 6.125 4.0708 4.0843
161 5.9789 4.7235 4.72 4.5845 3.3453 3.354 4.5809 3.3454 3.3449
142 NA 99.0337 NA 71.453 71.3168 68.3887 71.9432 78.0394 70.5849
536 5.6797 4.3812 4.3781 4.3437 3.1135 3.1092 4.3433 3.1132 3.1081
315 5.4574 3.5593 3.5582 4.403 2.488 2.4835 4.4078 2.487 2.4758
262 22.676 18.9568 18.9022 21.9083 17.7349 17.686 21.5228 17.7286 19.5027
469 33.3859 29.0439 27.858 15.2692 10.5982 10.601 15.2652 10.596 10.5001
143 8.1661 5.2417 5.2447 6.7615 3.8626 3.862 6.7631 3.8629 3.8493
537 7.9873 6.2218 6.2046 6.4495 4.6935 4.6873 6.4492 4.6926 4.6809
144 5.0063 4.2199 4.2156 4.3473 3.5312 3.5477 4.347 3.531 3.516
263 12.4959 4.85 4.8396 11.6367 4.1071 4.1037 11.5402 4.0781 4.0752
227 252.6323 239.7154 385.5837 367.1099 176.0533 437.292 118.9161 366.2829 244.6532
228 9.7685 7.8229 7.8265 7.462 5.541 5.5375 7.4515 5.5412 5.5491
229 6.2308 4.1402 4.1387 5.1839 3.108 3.1083 5.1854 3.1124 3.1131
"x"
"1" "== degree of freedom:  2 =="
350 2.1498 1.6283 1.6284 1.7238 1.1966 1.1968 1.7235 1.1965 1.1948
59 2.5742 1.7183 1.7181 2.0972 1.2371 1.2363 2.0978 1.2372 1.2366
42 2.0811 1.6092 1.6087 1.5877 1.1173 1.1176 1.5876 1.1173 1.1171
145 2.1663 1.6214 1.6224 1.5982 1.0547 1.0552 1.5978 1.0546 1.0549
333 2.4381 1.9424 1.9442 1.8178 1.3242 1.3252 1.8175 1.3241 1.324
93 2.2825 1.5842 1.584 1.7226 1.0314 1.0307 1.7237 1.0313 1.0312
470 2.5765 1.818 1.8179 2.024 1.2648 1.2654 2.024 1.2648 1.2658
487 1.8838 1.451 1.4516 1.443 1.0122 1.0122 1.4408 1.0114 1.0122
435 2.271 1.7035 1.7035 1.6448 1.0772 1.077 1.6448 1.0772 1.076
128 1.8393 1.461 1.4599 1.3944 1.014 1.0131 1.3944 1.0139 1.0135
213 2.4725 1.6453 1.6455 1.9829 1.1628 1.1613 1.9829 1.1628 1.1628
111 2.2409 1.6581 1.6585 1.6283 1.0433 1.0427 1.6282 1.0433 1.0433
418 2.5727 1.8172 1.8173 1.8637 1.1076 1.1084 1.8633 1.1081 1.108
162 3.0474 2.2623 2.263 2.1807 1.3928 1.3935 2.1805 1.393 1.3937
146 2.7799 2.1357 2.1357 2.0343 1.387 1.3875 2.0338 1.3868 1.3869
94 2.0399 1.5522 1.5535 1.5442 1.052 1.0535 1.5442 1.052 1.0534
25 2.581 1.8506 1.8514 1.9532 1.2232 1.2233 1.9534 1.223 1.2219
230 2.4221 1.8024 1.8027 1.7741 1.1178 1.1183 1.7739 1.119 1.1187
384 2.4029 1.6161 1.6169 1.874 1.1082 1.1074 1.8702 1.1082 1.1069
453 2.5001 1.8672 1.8669 1.8406 1.1977 1.1978 1.8392 1.1982 1.2007
264 2.375 1.6343 1.6329 1.9021 1.1674 1.1673 1.9017 1.1673 1.1666
316 2.4465 1.9077 1.8945 1.6627 1.1287 1.1293 1.6628 1.1276 1.1288
351 2.1915 1.7046 1.7049 1.5951 1.111 1.112 1.5948 1.1106 1.1111
471 2.2366 1.7451 1.7449 1.6568 1.1669 1.1657 1.6527 1.1666 1.165
436 2.6327 2.0095 2.0084 1.8265 1.1802 1.1802 1.8265 1.1802 1.1805
247 2.0767 1.4907 1.4917 1.6658 1.0774 1.0795 1.6658 1.0775 1.0786
401 2.4638 1.9756 1.9765 1.8285 1.3466 1.347 1.8288 1.3446 1.347
299 2.3452 1.6704 1.67 1.8406 1.1597 1.1578 1.8407 1.1598 1.1581
214 1.9067 1.5253 1.5257 1.4316 1.0515 1.0518 1.4318 1.0511 1.0504
76 2.1169 1.56 1.5615 1.7307 1.1662 1.1687 1.7302 1.1664 1.1656
26 2.1765 1.5566 1.5562 1.6544 1.038 1.037 1.6544 1.0377 1.0371
385 2.7716 1.6836 1.6811 2.3693 1.2809 1.2801 2.3693 1.2809 1.2805
454 2.3232 1.598 1.5997 1.756 1.0356 1.0377 1.7561 1.0356 1.0376
282 2.4734 1.8316 1.8326 1.8178 1.1958 1.1958 1.8178 1.1916 1.1957
163 2.6036 1.906 1.9057 2.0495 1.3369 1.3368 2.0491 1.3369 1.3359
179 2.2487 1.6784 1.6796 1.6937 1.1194 1.1207 1.6935 1.1192 1.1207
8 2.7453 2.0342 2.0346 2.0893 1.3839 1.3836 2.0862 1.3822 1.383
112 2.6248 1.7869 1.7864 2.0266 1.1789 1.1792 2.0268 1.1784 1.1786
196 2.1079 1.6517 1.652 1.6687 1.2093 1.2103 1.6685 1.2088 1.209
521 2.2102 1.5997 1.5969 1.7974 1.1884 1.1861 1.7969 1.1884 1.1849
265 2.0567 1.634 1.6346 1.5755 1.153 1.1532 1.5757 1.1534 1.1527
129 2.9554 2.2942 2.2958 2.1381 1.4717 1.4727 2.1381 1.471 1.4716
402 1.9528 1.5036 1.5045 1.4807 1.0243 1.0252 1.4807 1.0246 1.0253
317 2.4325 1.7158 1.7117 1.906 1.1849 1.1845 1.906 1.1848 1.1856
419 3.1392 1.9741 1.9739 2.5658 1.4005 1.4003 2.5516 1.4004 1.3998
231 2.5444 1.8459 1.845 1.9005 1.2074 1.2091 1.9003 1.2079 1.2077
367 2.7449 1.7154 1.7168 2.3522 1.3461 1.3471 2.3572 1.3466 1.3505
147 1.9024 1.5444 1.5448 1.399 1.0459 1.0458 1.3989 1.0457 1.046
9 2.4086 1.676 1.6818 1.8519 1.126 1.1269 1.8518 1.1259 1.1259
488 1.9442 1.5776 1.578 1.4994 1.1332 1.1334 1.4993 1.1326 1.1327
472 2.0501 1.4315 1.4314 1.6494 1.0311 1.0314 1.6493 1.0311 1.0302
522 2.2428 1.5043 1.5049 1.8476 1.1275 1.1275 1.8474 1.1274 1.1276
197 2.9752 2.0116 2.0111 2.2566 1.3067 1.3072 2.2556 1.3068 1.3066
504 2.385 1.5938 1.5945 2.0353 1.2435 1.2462 2.0294 1.2432 1.2486
318 2.1997 1.7014 1.7014 1.7821 1.2832 1.2832 1.7816 1.2796 1.2833
95 2.6946 2.048 2.0401 2.2283 1.5733 1.5658 2.228 1.5733 1.565
403 2.1255 1.6199 1.6205 1.6132 1.1108 1.1101 1.6132 1.1107 1.111
27 1.9828 1.4714 1.4744 1.7022 1.1957 1.1961 1.7022 1.1959 1.1927
352 2.1786 1.6107 1.6122 1.7123 1.1451 1.1462 1.7119 1.1452 1.146
164 2.3966 1.781 1.7823 1.851 1.2373 1.2395 1.851 1.2373 1.2381
437 2.3173 1.7781 1.7786 1.9448 1.4038 1.4043 1.9448 1.4011 1.4
43 2.4914 1.6698 1.6691 1.9432 1.1322 1.13 1.9431 1.1323 1.1323
334 4.4615 3.3268 3.328 3.7563 2.6366 2.6397 3.7562 2.6322 2.6477
10 2.3781 1.9547 1.9553 1.6869 1.2588 1.2586 1.6868 1.2588 1.2586
489 2.7332 1.8023 1.8017 2.2271 1.2928 1.2929 2.2272 1.2928 1.2929
266 2.2725 1.6475 1.6476 1.8155 1.1921 1.1927 1.8151 1.1921 1.1921
215 2.344 1.7155 1.7164 1.8163 1.1923 1.1925 1.8163 1.1923 1.1918
248 2.5506 1.7522 1.7526 2.0209 1.2253 1.2256 2.0237 1.2255 1.2248
148 2.042 1.5598 1.5594 1.5658 1.0937 1.0935 1.5662 1.0938 1.0937
300 1.8953 1.3844 1.3852 1.4994 0.9905 0.9908 1.4995 0.9902 0.9889
77 2.0303 1.5347 1.5331 1.6616 1.1601 1.1605 1.6611 1.1601 1.1574
60 1.9457 1.5109 1.5109 1.4267 0.9937 0.9959 1.4266 1.0001 0.9957
113 2.1151 1.5531 1.5528 1.7323 1.1729 1.173 1.7322 1.1728 1.1726
368 2.096 1.5561 1.5557 1.5864 1.0439 1.044 1.5851 1.044 1.0437
386 3.4328 2.4161 2.4126 2.8989 1.8863 1.8861 2.8995 1.8863 1.8719
198 1.9798 1.4867 1.4881 1.6074 1.1116 1.1115 1.6073 1.1116 1.1117
283 2.104 1.5939 1.5944 1.6609 1.15 1.1503 1.6595 1.1537 1.1501
404 2.1721 1.6061 1.6073 1.7711 1.2005 1.2011 1.7712 1.2007 1.2008
180 2.2006 1.5897 1.5937 1.604 0.9973 0.9974 1.6039 0.9972 0.9984
420 3.0551 2.1634 2.1619 2.5629 1.6855 1.6858 2.5612 1.6882 1.676
232 3.2958 2.4852 2.5373 2.2259 1.4435 1.4467 2.226 1.4431 1.4476
438 2.2683 1.73 1.7301 1.816 1.2814 1.2819 1.8153 1.2811 1.2814
335 2.8495 1.9848 1.9847 2.2924 1.4365 1.4375 2.2924 1.4365 1.4365
505 2.1529 1.6083 1.6078 1.7077 1.1597 1.1592 1.7077 1.1574 1.159
44 2.6627 2.0258 2.0248 2.118 1.482 1.4815 2.1181 1.4818 1.4821
11 2.3916 1.7205 1.7201 1.8945 1.2197 1.2206 1.8943 1.2193 1.2199
319 2.2894 1.6426 1.6427 1.7066 1.0891 1.0876 1.7066 1.0889 1.0893
455 1.9147 1.3609 1.3606 1.5967 1.0461 1.0449 1.5965 1.0462 1.0461
78 2.4992 1.961 1.9605 1.8146 1.281 1.281 1.8146 1.2808 1.2811
149 2.0741 1.5139 1.5138 1.7262 1.1641 1.1645 1.7263 1.1643 1.1649
523 2.752 1.8597 1.8607 2.2518 1.3499 1.3515 2.2518 1.3497 1.3503
301 2.1184 1.5897 1.5898 1.6911 1.1592 1.1591 1.6915 1.1592 1.1594
473 2.7787 1.9763 1.9753 2.106 1.3062 1.306 2.106 1.3053 1.3052
130 2.422 1.7481 1.7474 1.8504 1.182 1.1822 1.8504 1.182 1.1804
284 2.1384 1.5147 1.5143 1.7651 1.1423 1.1424 1.7652 1.1423 1.1428
405 2.449 1.8241 1.8238 1.7532 1.1307 1.1313 1.7536 1.1307 1.131
353 2.401 1.9358 1.9384 1.8058 1.3302 1.3342 1.8057 1.3302 1.3289
181 2.2419 1.5933 1.5932 1.79 1.1437 1.1441 1.7903 1.1437 1.1441
421 2.0872 1.6702 1.6676 1.5494 1.1315 1.1317 1.5493 1.1316 1.1323
216 2.2025 1.5611 1.5678 1.7069 1.0657 1.0693 1.7069 1.0658 1.0681
28 2.8994 2.029 2.0281 2.2721 1.4102 1.4106 2.2711 1.4106 1.4115
249 2.4232 1.6422 1.6416 1.9274 1.159 1.1596 1.9243 1.1589 1.1589
387 1.9309 1.4147 1.415 1.4449 0.9307 0.931 1.4446 0.9304 0.9304
131 2.735 2.1249 2.1265 2.2429 1.6448 1.6467 2.242 1.6448 1.6449
524 2.1385 1.7132 1.7132 1.6767 1.2501 1.2501 1.6766 1.2502 1.25
267 2.3333 1.618 1.6174 1.7851 1.0749 1.0736 1.7859 1.0751 1.0726
320 2.5151 1.6734 1.6742 2.0147 1.1665 1.1667 2.0147 1.1671 1.1665
61 2.8735 1.8885 1.8908 2.3536 1.364 1.3646 2.3543 1.3644 1.371
285 2.0413 1.4887 1.4884 1.6432 1.0902 1.0904 1.6432 1.0902 1.0899
302 2.4629 1.7429 1.7436 1.8472 1.1315 1.1322 1.8465 1.1319 1.1315
114 2.5281 2.0558 2.055 1.6967 1.2296 1.2305 1.6967 1.2286 1.2307
439 2.2918 1.7491 1.7478 1.6592 1.1229 1.123 1.659 1.1231 1.1227
490 2.5221 1.985 1.9833 1.8545 1.3317 1.3314 1.8539 1.3322 1.3317
182 2.0603 1.5289 1.5289 1.6599 1.1302 1.1303 1.6599 1.1301 1.1304
233 1.9244 1.4648 1.4652 1.487 1.0257 1.0262 1.4868 1.0258 1.0233
45 2.8948 2.0222 2.0217 2.0847 1.2159 1.2168 2.0841 1.2156 1.2161
474 2.2967 1.6139 1.6115 1.7062 1.0393 1.0394 1.7063 1.0381 1.0399
132 2.2234 1.6573 1.6571 1.6795 1.1148 1.1143 1.6795 1.1142 1.1158
250 2.3476 1.6902 1.6903 1.6513 0.9977 0.9982 1.6514 0.9977 1.002
199 1.9508 1.4436 1.4433 1.544 1.0385 1.0381 1.544 1.0384 1.0364
303 2.3893 1.7338 1.7335 1.8954 1.2376 1.2384 1.8954 1.2373 1.2377
183 2.2852 1.6186 1.6175 1.8206 1.1504 1.151 1.8203 1.1504 1.1499
506 2.9377 2.1374 2.1372 2.1133 1.3258 1.3267 2.1147 1.3256 1.3246
115 2.1527 1.6792 1.6791 1.5846 1.1135 1.1134 1.5845 1.1132 1.1108
491 2.2747 1.6264 1.6267 1.7366 1.1017 1.1019 1.7365 1.1014 1.1034
12 2.3851 1.7546 1.7551 1.8882 1.2774 1.2765 1.888 1.2739 1.2781
62 2.0659 1.623 1.6235 1.523 1.0818 1.0817 1.5228 1.0818 1.082
96 2.2105 1.5861 1.5863 1.7627 1.1375 1.1313 1.7597 1.1375 1.1333
440 2.8858 2.2843 2.2767 1.9503 1.3393 1.3395 1.9501 1.3387 1.3403
456 3.1978 2.5312 2.5308 2.2745 1.5877 1.5878 2.2744 1.5877 1.585
29 2.9218 2.1325 2.1339 2.2352 1.4468 1.4483 2.2355 1.4476 1.4451
321 2.3285 1.637 1.6374 1.8738 1.186 1.186 1.8738 1.1859 1.1857
336 2.0008 1.5397 1.5393 1.504 1.0531 1.0544 1.5041 1.0539 1.0526
388 2.315 1.7585 1.7582 1.8004 1.2511 1.2504 1.8006 1.2512 1.2508
46 1.9863 1.5319 1.532 1.4505 0.9998 1 1.4505 0.9997 1.0001
525 2.8073 1.93 1.93 2.147 1.2664 1.266 2.1455 1.2664 1.2743
217 2.1052 1.6476 1.6483 1.6386 1.1788 1.1732 1.6383 1.1789 1.1755
251 2.2417 1.4919 1.4926 1.781 1.034 1.0337 1.7802 1.034 1.0334
457 2.3545 1.6877 1.6874 1.8692 1.2053 1.2052 1.8692 1.2051 1.2061
422 2.065 1.514 1.5172 1.504 0.9498 0.9536 1.5036 0.9498 0.9535
184 2.0755 1.6113 1.6109 1.5422 1.0723 1.0722 1.5421 1.0722 1.0722
304 2.229 1.5777 1.5782 1.7246 1.0714 1.0714 1.7243 1.0714 1.0707
200 2.4116 1.7086 1.709 1.8541 1.1529 1.1525 1.854 1.1529 1.1523
150 2.4899 1.7083 1.7108 1.9736 1.2058 1.206 1.9702 1.2053 1.2055
492 2.8383 2.0651 2.0656 2.133 1.3569 1.3581 2.1331 1.3569 1.3576
441 2.3496 1.7434 1.7429 1.6992 1.0903 1.0908 1.6995 1.0905 1.0917
165 2.9593 2.4314 2.4229 2.7045 2.1897 2.1725 2.7051 2.1895 2.2371
286 3.2274 1.7982 1.797 2.7146 1.2963 1.2995 2.7146 1.2963 1.2977
133 2.5039 1.6849 1.6843 2.0277 1.2054 1.2045 2.0257 1.2063 1.2042
406 2.664 2.0283 2.0284 1.9656 1.3268 1.3252 1.9656 1.3251 1.3255
116 2.3213 1.6342 1.6333 1.8529 1.1752 1.1726 1.853 1.1749 1.1736
268 3.195 2.5366 2.5374 2.4298 1.7696 1.7697 2.4284 1.7699 1.7689
234 2.0955 1.589 1.5971 1.7335 1.2289 1.2299 1.7332 1.2273 1.2256
13 2.3032 1.5707 1.5697 1.8406 1.1093 1.1092 1.8396 1.1091 1.1098
354 3.7939 1.8744 1.8735 3.1867 1.3051 1.2981 3.2011 1.313 1.3001
507 2.3065 1.7364 1.7356 1.9468 1.3638 1.363 1.9438 1.3639 1.3636
322 2.6567 1.7629 1.7628 2.1478 1.2493 1.2516 2.1465 1.2487 1.2503
47 2.5821 1.706 1.7051 2.1373 1.2696 1.2686 2.1373 1.2695 1.2688
151 2.1224 1.621 1.6208 1.7035 1.1988 1.1987 1.7035 1.1988 1.1983
458 3.0269 1.9374 1.9329 2.3814 1.2923 1.2884 2.3814 1.2919 1.2887
389 2.4511 1.8078 1.8046 1.7145 1.0802 1.0762 1.7142 1.0801 1.079
185 1.8124 1.2342 1.2346 1.5307 0.9527 0.9528 1.5307 0.9527 0.9526
369 4.2903 3.4219 3.5057 2.165 1.6119 1.5974 2.1652 1.6134 1.5992
269 2.0364 1.5033 1.5037 1.5967 1.0601 1.0603 1.5967 1.0606 1.0604
493 2.6725 1.9518 1.9521 2.0127 1.2946 1.2919 2.0119 1.2895 1.2903
475 2.1024 1.5173 1.5173 1.6333 1.0479 1.0485 1.6333 1.0477 1.0479
305 2.1957 1.7024 1.7023 1.6535 1.1686 1.1686 1.6565 1.1684 1.1686
63 2.5987 2.1903 2.1907 1.7288 1.345 1.3488 1.7283 1.3442 1.3454
218 2.2119 1.6813 1.6811 1.6485 1.1163 1.1178 1.6483 1.1148 1.116
30 3.1204 2.2786 2.2688 2.2161 1.3649 1.3647 2.2161 1.3649 1.3642
97 2.2692 1.7947 1.7897 1.7023 1.2215 1.2214 1.7024 1.2203 1.2215
252 1.9425 1.4073 1.4074 1.5791 1.05 1.0505 1.5791 1.05 1.0501
337 2.1874 1.7006 1.7003 1.6923 1.2095 1.2095 1.6919 1.2072 1.2068
134 2.9 2.1788 2.1751 2.3567 1.6452 1.6475 2.3567 1.6429 1.6464
459 2.3501 1.5583 1.558 1.923 1.1317 1.1313 1.9229 1.1316 1.1315
79 6.2125 3.5434 3.5341 5.5071 2.8038 2.7925 5.5045 2.8037 2.7258
526 2.2895 1.4572 1.4572 1.9191 1.0881 1.088 1.919 1.0879 1.0877
235 1.9605 1.4931 1.4939 1.4702 1.0028 1.0026 1.4701 1.0028 1.0017
14 1.9791 1.569 1.5698 1.578 1.1653 1.1653 1.578 1.1638 1.1654
508 2.8719 2.1058 2.1065 2.0428 1.2798 1.2778 2.0429 1.2796 1.2796
407 3.5002 2.7331 2.7319 2.5405 1.7667 1.7641 2.539 1.7686 1.7612
201 2.2832 1.6796 1.6797 1.7348 1.1455 1.1464 1.735 1.1448 1.1454
117 2.4604 1.6867 1.6864 1.9808 1.2158 1.2148 1.981 1.2157 1.2155
355 2.2344 1.8206 1.8217 1.5362 1.1225 1.1225 1.5362 1.1224 1.1225
152 2.2203 1.5158 1.5162 1.8304 1.1285 1.129 1.8288 1.1289 1.1289
423 2.3807 1.7952 1.7931 1.9268 1.3412 1.3393 1.9271 1.3412 1.3413
460 2.0374 1.3955 1.3957 1.7052 1.0657 1.0655 1.7052 1.0657 1.0665
236 2.0064 1.3634 1.3623 1.6735 1.0288 1.0285 1.6735 1.0286 1.0283
287 2.8058 2.2907 2.2907 2.0384 1.5223 1.5231 2.0384 1.5223 1.5222
186 1.8943 1.4083 1.4078 1.4844 1.0005 0.9984 1.4845 1.0007 0.9983
494 3.224 2.1901 2.1884 2.2049 1.2068 1.2067 2.2048 1.2067 1.2074
48 1.929 1.3504 1.3504 1.6267 1.0514 1.0503 1.6268 1.0503 1.0506
370 1.9833 1.5611 1.5628 1.4166 0.9973 0.9992 1.4165 0.9974 0.999
338 1.8939 1.4661 1.466 1.4307 1.0016 1.0024 1.4308 1.0009 1.0012
442 2.1897 1.5237 1.5264 1.8081 1.1429 1.1453 1.8083 1.1428 1.1435
153 2.3223 1.7075 1.7071 1.8976 1.2856 1.2855 1.8968 1.2857 1.2874
166 2.4803 1.8013 1.8008 1.9727 1.2907 1.2904 1.9725 1.2909 1.2933
476 2.0536 1.4925 1.4923 1.6679 1.1064 1.1044 1.6687 1.1064 1.1076
509 2.3037 1.8296 1.8298 1.8107 1.3381 1.3383 1.8115 1.3381 1.3384
64 2.2233 1.5817 1.5815 1.7419 1.1049 1.1043 1.7416 1.1035 1.1051
323 2.2641 1.6071 1.6075 1.8273 1.1715 1.1695 1.8272 1.1717 1.1705
31 2.261 1.6267 1.6266 1.8331 1.1997 1.1992 1.8328 1.1997 1.199
237 2.0282 1.405 1.405 1.7107 1.0873 1.0868 1.7108 1.0875 1.0877
390 2.566 1.736 1.7352 2.1494 1.3205 1.3189 2.1491 1.3205 1.3191
202 2.4209 1.7698 1.7723 1.7857 1.13 1.1322 1.7882 1.1301 1.1303
118 2.6627 2.1526 2.1555 1.8166 1.3097 1.3096 1.8167 1.3098 1.3102
135 1.8006 1.3284 1.3308 1.4679 0.9963 0.9982 1.4679 0.9964 0.9971
15 2.0583 1.4471 1.445 1.6772 1.0598 1.0595 1.6772 1.0597 1.0603
80 2.326 1.5578 1.5579 1.8949 1.1207 1.1246 1.8949 1.1204 1.1227
219 2.3264 1.4841 1.486 1.9367 1.1011 1.1071 1.9331 1.1017 1.1039
356 2.4163 1.6799 1.6798 1.9069 1.1691 1.1691 1.9065 1.1691 1.168
253 2.1824 1.7033 1.6985 1.5702 1.0971 1.0988 1.5699 1.0971 1.0973
288 2.1012 1.6315 1.6317 1.6552 1.1814 1.1818 1.6551 1.1813 1.1819
187 2.2856 1.5713 1.5716 1.8516 1.136 1.1364 1.8507 1.136 1.1343
443 2.543 1.8523 1.8526 1.9827 1.2916 1.2919 1.9817 1.2915 1.2923
119 2.1375 1.5755 1.5758 1.687 1.1294 1.1294 1.6873 1.1294 1.1292
408 1.9216 1.376 1.3725 1.6301 1.0862 1.0838 1.631 1.0862 1.0836
270 2.8511 1.7185 1.7219 2.3963 1.2787 1.2778 2.391 1.2787 1.2764
461 1.9331 1.4702 1.4693 1.5663 1.1038 1.1018 1.5662 1.1037 1.1021
371 2.3435 1.7926 1.7929 1.7272 1.1726 1.1726 1.7276 1.1726 1.1727
32 2.3268 1.6735 1.6732 1.8701 1.2264 1.2262 1.87 1.2256 1.2263
98 2.1181 1.6424 1.6402 1.5359 1.0582 1.0578 1.5349 1.0574 1.0572
510 2.382 1.7691 1.7684 1.7651 1.1499 1.1493 1.7655 1.1504 1.1495
238 1.9379 1.4175 1.4181 1.5315 1.0103 1.0103 1.5313 1.0147 1.0107
81 2.3182 1.7533 1.7526 1.6064 1.0311 1.0321 1.6063 1.0312 1.031
154 1.8929 1.2351 1.236 1.6419 0.9841 0.985 1.6419 0.9844 0.9849
220 2.5131 1.9875 1.9862 1.9933 1.4293 1.4298 1.9933 1.429 1.4293
495 2.4297 1.8838 1.8837 1.8119 1.266 1.2642 1.812 1.2645 1.2681
49 2.3696 1.7645 1.7662 1.7847 1.1714 1.1731 1.7845 1.1715 1.1717
444 2.3161 1.7043 1.7043 1.7216 1.117 1.1181 1.7216 1.1169 1.1182
424 2.8283 1.8933 1.8936 2.3006 1.3644 1.3654 2.3012 1.3626 1.3655
306 2.1757 1.6032 1.6028 1.7682 1.1942 1.1944 1.7671 1.1917 1.2003
527 2.5747 1.7218 1.7202 2.1065 1.2482 1.2483 2.1044 1.245 1.2478
167 2.5805 1.686 1.685 1.9847 1.0968 1.0947 1.9846 1.0965 1.0941
477 2.0591 1.5777 1.5781 1.5389 1.0593 1.0591 1.5389 1.0595 1.0582
339 4.1569 2.3013 2.3153 3.6584 1.7814 1.7924 3.6551 1.78 1.7988
33 2.2736 1.6415 1.6417 1.7574 1.1286 1.1283 1.756 1.1286 1.1284
221 2.3191 1.8675 1.8661 1.7246 1.2619 1.262 1.7246 1.2619 1.2614
372 2.0765 1.6307 1.6314 1.54 1.0888 1.0888 1.5398 1.0888 1.0891
188 2.147 1.6009 1.6 1.7039 1.1543 1.1543 1.704 1.1544 1.1546
409 2.2279 1.569 1.5685 1.781 1.1253 1.1259 1.7811 1.1254 1.1249
120 2.3812 1.6499 1.6501 2.007 1.2719 1.2724 2.0066 1.2719 1.2715
239 2.5552 1.7792 1.7798 1.9675 1.1916 1.1927 1.9681 1.1915 1.1916
511 1.782 1.2842 1.2732 1.5322 1.027 1.0265 1.5322 1.0269 1.0267
357 2.8869 1.861 1.8608 2.3894 1.3703 1.3704 2.3874 1.3707 1.3697
307 2.3215 1.7299 1.7311 1.8558 1.2632 1.2665 1.8556 1.2632 1.2659
203 2.648 1.8748 1.8748 2.0073 1.2372 1.2373 2.0059 1.2374 1.2361
391 2.723 1.8242 1.8307 2.2474 1.3438 1.343 2.2465 1.3437 1.3421
462 2.057 1.6507 1.6504 1.6498 1.2436 1.2434 1.6499 1.2437 1.2435
155 2.7041 1.9578 1.9587 2.2621 1.5091 1.5102 2.262 1.5083 1.509
271 2.8365 1.886 1.8855 2.2666 1.3059 1.307 2.2669 1.3054 1.3059
496 2.305 1.5209 1.521 1.8058 1.0279 1.0279 1.8057 1.0254 1.0273
99 2.3482 1.537 1.5385 1.9105 1.1061 1.1071 1.9101 1.1061 1.1067
65 2.4888 1.7316 1.7332 1.937 1.1716 1.1732 1.9374 1.1718 1.1714
136 2.6726 1.9387 1.9734 1.9674 1.2766 1.2805 1.9673 1.2766 1.2764
16 1.9953 1.4825 1.4829 1.5569 1.0471 1.0473 1.555 1.0462 1.0455
324 2.6802 1.734 1.7318 2.1562 1.2125 1.212 2.1546 1.2124 1.2106
34 2.7858 1.9781 1.9785 2.0641 1.2615 1.2616 2.0639 1.2616 1.2617
50 2.2171 1.6796 1.6795 1.6987 1.1568 1.1574 1.7006 1.1566 1.1567
254 2.6456 1.9332 1.9333 1.8807 1.1681 1.1681 1.8806 1.1682 1.168
373 2.4293 1.9162 1.9164 1.907 1.3879 1.3882 1.9064 1.3877 1.3881
289 2.3702 1.6447 1.6445 1.8889 1.1647 1.1664 1.887 1.1649 1.1633
222 2.3025 1.6688 1.6684 1.6091 0.9791 0.9795 1.6087 0.9794 0.9802
478 2.3703 1.6998 1.6995 1.826 1.149 1.1491 1.8261 1.149 1.1493
82 2.3208 1.7291 1.726 1.7758 1.1766 1.1743 1.7768 1.1765 1.1755
100 2.4205 1.6993 1.6991 1.754 1.0339 1.034 1.7556 1.034 1.034
392 2.4775 1.824 1.825 1.8366 1.1819 1.1825 1.8371 1.1818 1.1823
463 2.2623 1.6945 1.6945 1.8103 1.2469 1.247 1.8104 1.2469 1.2475
410 1.9294 1.3874 1.3873 1.5565 1.0166 1.0242 1.5567 1.0168 1.0175
204 2.3433 1.7386 1.7389 1.9118 1.3063 1.3065 1.9118 1.3063 1.3061
425 2.3446 1.6904 1.6909 1.8037 1.1596 1.1599 1.8041 1.1597 1.1594
497 1.9317 1.5137 1.5134 1.4076 0.9898 0.9899 1.4126 0.9898 0.9898
358 2.067 1.5926 1.593 1.4845 1.004 1.0039 1.4841 1.0038 1.0045
156 2.3618 1.7598 1.7583 1.7633 1.1501 1.1504 1.7632 1.15 1.1509
374 1.7609 1.3795 1.3796 1.396 1.0131 1.013 1.3968 1.0131 1.0133
240 2.0016 1.4701 1.4701 1.6797 1.1469 1.1487 1.6796 1.1468 1.1457
189 2.1326 1.5116 1.5115 1.6949 1.0746 1.0746 1.6947 1.0746 1.0736
66 2.0959 1.6087 1.6082 1.6021 1.1141 1.1138 1.6023 1.114 1.1147
35 2.0406 1.3857 1.3926 1.6313 0.9791 0.9792 1.6317 0.9792 0.9814
255 2.3225 1.6426 1.6431 1.7871 1.1063 1.1064 1.7871 1.1059 1.1062
168 1.928 1.4391 1.4386 1.4453 0.9594 0.9597 1.4452 0.9594 0.9581
445 2.6057 1.9534 1.9345 1.9548 1.2857 1.2875 1.9546 1.2853 1.285
308 1.9241 1.4131 1.4127 1.485 0.9799 0.9811 1.485 0.9799 0.9804
325 2.327 1.6392 1.6387 1.8233 1.1479 1.1475 1.823 1.1478 1.1492
101 2.6547 1.7879 1.7869 2.0016 1.1271 1.128 2.0014 1.1271 1.128
426 2.3018 1.5936 1.5954 1.7949 1.0868 1.0884 1.7949 1.0868 1.0868
121 2.0237 1.4923 1.4933 1.5631 1.0363 1.0375 1.5629 1.041 1.0369
67 2.1915 1.7764 1.7765 1.6563 1.2444 1.2444 1.6563 1.2444 1.244
205 2.0503 1.4159 1.4132 1.6726 1.0374 1.0361 1.6728 1.0376 1.0343
223 2.6063 1.7818 1.7837 2.1049 1.2863 1.2859 2.1053 1.2863 1.2873
464 1.8764 1.3366 1.3367 1.5252 0.9849 0.9847 1.5253 0.9851 0.9883
51 3.0802 1.9362 1.9343 2.4294 1.2838 1.283 2.4285 1.2838 1.2839
479 2.4265 1.9727 1.9721 1.8489 1.3856 1.3847 1.8489 1.3856 1.3854
190 2.5547 1.7601 1.7597 1.9768 1.1764 1.1764 1.977 1.1763 1.176
340 2.0471 1.6565 1.6553 1.5344 1.1468 1.147 1.5344 1.147 1.1462
528 2.3234 1.7253 1.7252 1.7307 1.1437 1.144 1.7306 1.1439 1.1435
512 2.2911 1.6517 1.6515 1.7947 1.1616 1.1616 1.7947 1.1594 1.1566
102 2.3557 1.6505 1.6506 1.8297 1.1205 1.1204 1.8297 1.1204 1.1205
272 3.6361 2.4172 2.4185 2.5859 1.3808 1.3807 2.5855 1.38 1.3788
375 2.1209 1.494 1.4929 1.6732 1.0492 1.0494 1.6735 1.0484 1.0494
411 2.3055 1.8843 1.8834 1.6855 1.2595 1.2602 1.6855 1.2593 1.2592
17 2.241 1.6627 1.6635 1.7058 1.1327 1.1322 1.7062 1.1323 1.1344
83 2.0302 1.435 1.4352 1.6027 1.0067 1.0083 1.6029 1.0067 1.0058
169 2.0538 1.6164 1.6172 1.6508 1.2128 1.213 1.6508 1.2127 1.2134
290 1.6494 1.1674 1.1651 1.3178 0.834 0.8341 1.3177 0.8339 0.834
309 2.6253 1.9465 1.9512 1.9451 1.2581 1.2612 1.9452 1.2581 1.2579
359 2.1006 1.5441 1.5436 1.6919 1.1334 1.1355 1.6919 1.1334 1.1334
224 2.1822 1.7799 1.7796 1.6646 1.2647 1.2647 1.6648 1.2647 1.2644
68 1.9196 1.3212 1.3212 1.5567 0.9545 0.9552 1.5566 0.9546 0.9544
241 1.9446 1.4921 1.4925 1.4508 1.0005 1.0016 1.4507 1.0003 1.0008
273 2.1625 1.5371 1.5377 1.6961 1.0726 1.0725 1.696 1.0728 1.0739
157 2.873 2.1873 2.1868 2.3523 1.6479 1.65 2.3519 1.6483 1.6463
376 2.2988 1.716 1.7155 1.7739 1.1848 1.1843 1.7738 1.1848 1.1848
498 2.8966 2.0768 2.0754 2.317 1.4887 1.4893 2.3171 1.4884 1.4855
513 2.257 1.8103 1.8103 1.6036 1.1581 1.1556 1.6036 1.1553 1.1576
84 1.9287 1.3932 1.3931 1.5581 1.0212 1.0224 1.5583 1.021 1.0221
137 2.5116 1.8298 1.8301 2.0023 1.321 1.3217 2.001 1.3201 1.3197
341 2.221 1.8265 1.8271 1.6254 1.2283 1.2298 1.6252 1.2283 1.228
191 2.1647 1.6651 1.665 1.6323 1.13 1.1299 1.6321 1.1303 1.1302
480 1.9862 1.5763 1.5763 1.3702 0.9622 0.9623 1.3704 0.9613 0.9622
465 2.2164 1.7413 1.7415 1.6101 1.1414 1.143 1.6092 1.1409 1.1419
52 2.4833 1.809 1.8108 1.9447 1.2722 1.2734 1.9441 1.2717 1.2736
69 2.1562 1.6873 1.6879 1.6103 1.1406 1.1407 1.6105 1.1406 1.1405
529 2.185 1.5912 1.5913 1.708 1.1079 1.1073 1.7073 1.1079 1.1077
446 2.6054 2.0965 2.0968 2.1608 1.6464 1.6459 2.1604 1.6465 1.6452
103 2.1949 1.6855 1.6837 1.7167 1.2007 1.1988 1.7168 1.2007 1.2015
412 2.5821 1.6061 1.6069 2.1859 1.206 1.2076 2.1857 1.2061 1.2056
310 2.0715 1.5922 1.593 1.6195 1.1482 1.1479 1.6195 1.1482 1.1481
170 2.0256 1.461 1.4617 1.6259 1.0642 1.0641 1.6259 1.0639 1.0602
206 2.01 1.5664 1.5664 1.5296 1.0774 1.0782 1.5296 1.0776 1.0763
393 2.6045 1.841 1.8408 2.0878 1.3189 1.3176 2.0873 1.3173 1.3187
326 2.3278 1.5711 1.5686 1.8257 1.0886 1.0867 1.8262 1.0881 1.0911
291 2.8545 2.1505 2.1534 2.2397 1.5198 1.5212 2.2394 1.5196 1.5211
138 2.1243 1.6572 1.6577 1.6525 1.1812 1.1811 1.6513 1.1766 1.1769
377 2.0796 1.7409 1.7358 1.4167 1.072 1.0721 1.4167 1.0718 1.0725
256 2.2595 1.6456 1.6459 1.7836 1.1686 1.1701 1.7801 1.1695 1.1681
70 2.8872 1.9454 1.9467 2.3356 1.4017 1.4019 2.336 1.4017 1.4021
171 1.8833 1.3653 1.3672 1.594 1.0792 1.0822 1.5936 1.0793 1.0811
225 2.3298 1.5635 1.564 1.8452 1.0799 1.0802 1.8453 1.0811 1.0801
427 2.3935 1.6353 1.6355 1.9296 1.1835 1.1794 1.9299 1.1834 1.1842
514 2.2023 1.7803 1.7758 1.5993 1.1876 1.1836 1.5995 1.1875 1.1845
207 2.351 1.8838 1.884 1.7816 1.3034 1.3037 1.7811 1.3033 1.3034
18 2.2027 1.7107 1.7113 1.7527 1.2663 1.2662 1.7528 1.2675 1.2665
242 2.5865 1.7283 1.729 2.1606 1.3022 1.3038 2.1608 1.3023 1.3013
158 2.8339 2.1878 2.1856 2.1184 1.4712 1.4688 2.1184 1.4714 1.4688
122 2.1894 1.5746 1.575 1.6683 1.0497 1.0509 1.6654 1.0517 1.0514
360 2.1931 1.549 1.5484 1.6522 1.0062 1.0061 1.6555 1.0065 1.0048
447 2.1944 1.5379 1.5385 1.7243 1.0757 1.0757 1.7244 1.0758 1.0757
311 2.3999 1.7346 1.734 1.7733 1.1102 1.1109 1.7732 1.1101 1.1102
36 3.3473 2.6278 2.6314 2.5304 1.7902 1.7871 2.5242 1.791 1.7884
327 2.3127 1.8512 1.8523 1.6466 1.1899 1.1918 1.6464 1.1899 1.1901
481 2.187 1.7454 1.7501 1.7365 1.2984 1.2987 1.7363 1.2985 1.2971
85 2.7149 2.0005 2.0005 2.042 1.3202 1.3202 2.0419 1.3201 1.3187
342 2.2804 1.741 1.7419 1.7336 1.201 1.2069 1.7335 1.2009 1.2023
104 2.1084 1.5784 1.5787 1.5308 1.0197 1.0198 1.5308 1.0198 1.0198
530 2.3271 1.6716 1.6711 1.7802 1.1251 1.1248 1.7789 1.1251 1.125
378 2.3077 1.5535 1.5529 1.8397 1.0785 1.0781 1.8403 1.0785 1.0783
499 2.377 1.8238 1.8214 1.8055 1.2362 1.233 1.8054 1.2352 1.2302
71 2.6292 1.8355 1.8346 2.1501 1.3481 1.3488 2.1503 1.3481 1.3477
53 2.5908 1.7629 1.7621 2.0218 1.1709 1.1704 2.0195 1.1708 1.1697
515 2.2007 1.5889 1.5894 1.7511 1.1397 1.1402 1.751 1.1379 1.1399
192 2.0566 1.3423 1.3429 1.7756 1.0585 1.0563 1.7755 1.0586 1.0566
226 2.635 1.9336 1.9337 1.905 1.1998 1.2012 1.9049 1.1996 1.1995
208 2.4587 1.8128 1.8137 1.8183 1.1729 1.1733 1.8182 1.1729 1.175
343 2.6436 1.8211 1.821 2.1898 1.3698 1.3698 2.1898 1.3694 1.3695
37 2.7147 1.9659 1.969 2.1185 1.3741 1.3759 2.1184 1.3742 1.3753
413 2.5106 1.8287 1.828 1.8766 1.2008 1.2001 1.8765 1.2005 1.1996
257 2.3317 1.8402 1.8426 1.7675 1.2761 1.2792 1.7676 1.2751 1.277
312 1.9675 1.419 1.4182 1.5608 1.0101 1.0101 1.5607 1.01 1.0101
448 2.2129 1.715 1.7145 1.7174 1.2094 1.2094 1.7173 1.2094 1.209
19 2.2654 1.6905 1.6911 1.7135 1.138 1.1379 1.7136 1.1369 1.138
428 1.9611 1.487 1.4885 1.5756 1.1037 1.1057 1.5756 1.1026 1.1025
292 2.2661 1.5771 1.5734 1.7107 1.0211 1.018 1.71 1.0213 1.0189
193 2.3182 1.6866 1.6868 1.789 1.1665 1.1669 1.7892 1.1666 1.1668
361 2.9382 2.0025 2.0027 2.2993 1.3747 1.3751 2.2957 1.3747 1.3727
243 2.1445 1.5025 1.5021 1.7375 1.0933 1.0935 1.7381 1.0928 1.0922
313 2.1903 1.7672 1.7675 1.6055 1.191 1.1931 1.6055 1.1909 1.1907
105 2.2577 1.7019 1.701 1.759 1.2015 1.2003 1.7586 1.2015 1.2007
139 2.7642 1.9568 1.9618 2.2389 1.4581 1.456 2.2401 1.4577 1.4587
379 2.5061 1.9913 1.991 1.7313 1.217 1.217 1.7306 1.2169 1.2169
54 2.8918 1.8094 1.8095 2.4896 1.4055 1.4063 2.4886 1.405 1.4058
394 2.7522 1.8346 1.8367 2.0992 1.1779 1.1797 2.0991 1.1779 1.1828
500 2.6804 1.7748 1.7745 2.2508 1.3461 1.3461 2.2505 1.3462 1.3425
72 2.9784 2.2583 2.2583 2.2415 1.5256 1.5264 2.2415 1.5259 1.5253
20 2.2404 1.5117 1.5119 1.818 1.0898 1.0905 1.818 1.0897 1.0902
274 2.5221 1.9511 1.951 1.9262 1.366 1.3671 1.9261 1.3632 1.3635
516 2.8508 1.862 1.862 2.0863 1.1028 1.1018 2.0853 1.1028 1.102
209 1.8564 1.3142 1.3144 1.5909 1.0527 1.0532 1.5907 1.0527 1.0533
172 2.0762 1.6024 1.59 1.5355 1.0627 1.0599 1.5355 1.0627 1.0571
86 2.129 1.5155 1.5149 1.6916 1.0749 1.0758 1.6918 1.0749 1.074
258 1.7182 1.2667 1.2646 1.4881 1.0354 1.0348 1.4886 1.0355 1.0337
466 2.2131 1.4218 1.4232 1.8391 1.0539 1.0537 1.8389 1.0532 1.0535
482 1.7335 1.2882 1.2872 1.4139 0.9668 0.9675 1.4144 0.9656 0.9667
293 1.8489 1.3879 1.3887 1.4915 1.0342 1.0369 1.4916 1.0342 1.036
123 2.2257 1.5838 1.5836 1.6803 1.0489 1.0478 1.6807 1.0488 1.0466
531 2.4088 1.6592 1.6596 1.8704 1.1228 1.1236 1.8701 1.1222 1.1235
159 2.8953 1.9558 1.9553 2.4885 1.5441 1.5414 2.4893 1.5431 1.5442
38 2.3643 1.8089 1.8072 1.7953 1.2427 1.2413 1.7954 1.2422 1.2422
106 2.088 1.4753 1.4764 1.6821 1.0752 1.0763 1.682 1.0752 1.0749
395 2.2561 1.7466 1.7464 1.7423 1.2255 1.2249 1.7422 1.2256 1.2246
314 3.0827 2.0167 2.0162 2.4971 1.461 1.4598 2.4975 1.4607 1.4596
414 2.3387 1.7786 1.7778 1.6931 1.1341 1.1338 1.6931 1.1339 1.1347
380 2.043 1.6575 1.6582 1.5532 1.1654 1.1654 1.5534 1.1657 1.165
173 1.7162 1.4335 1.4325 1.3041 1.0205 1.0181 1.304 1.0211 1.0188
449 2.1141 1.6498 1.6505 1.5468 1.082 1.0811 1.5472 1.082 1.0802
140 2.3782 1.7276 1.7296 1.9744 1.3175 1.3205 1.9743 1.3174 1.32
87 1.9391 1.5845 1.5946 1.4715 1.1157 1.1163 1.4715 1.1139 1.1158
429 2.6076 1.7493 1.7488 2.0719 1.2029 1.2058 2.0718 1.2029 1.2028
362 2.6788 2.0532 2.0529 1.8102 1.1989 1.1975 1.8102 1.1989 1.199
124 2.0681 1.655 1.6558 1.4603 1.0516 1.0529 1.4603 1.0516 1.0522
194 2.2698 1.7477 1.7487 1.718 1.1989 1.1984 1.7179 1.198 1.1986
328 2.7158 1.8039 1.8038 2.2094 1.2905 1.2899 2.2094 1.2904 1.2927
227 2.8692 1.8729 1.8739 2.2972 1.2997 1.301 2.2979 1.2998 1.2993
160 1.6608 1.2609 1.261 1.3577 0.9588 0.9586 1.3577 0.9589 0.9589
107 2.0032 1.4563 1.4565 1.5641 1.0153 1.0158 1.5641 1.0153 1.0156
259 2.3859 1.7469 1.7475 1.8922 1.2452 1.2454 1.8922 1.2453 1.2455
210 2.2326 1.5052 1.5062 1.8267 1.1021 1.105 1.8267 1.1028 1.101
532 2.1277 1.5106 1.5106 1.7868 1.1697 1.1698 1.7859 1.1697 1.1696
244 2.6344 2.0958 2.0976 2.0163 1.4758 1.477 2.0162 1.4755 1.4738
275 2.5625 1.7972 1.7965 2.1466 1.3754 1.3755 2.1464 1.3756 1.3741
174 2.2852 1.7427 1.7434 1.6702 1.1245 1.1246 1.6701 1.1245 1.1255
501 1.8468 1.2921 1.2921 1.573 1.019 1.0175 1.5729 1.019 1.0191
21 2.4783 1.8837 1.8931 1.7723 1.1913 1.1907 1.7721 1.1913 1.1901
344 2.8039 1.9874 1.9869 2.0943 1.2805 1.2749 2.0926 1.2802 1.2762
294 2.8324 2.2168 2.2154 2.1235 1.4924 1.4931 2.1236 1.4908 1.4922
55 2.3057 1.7353 1.7351 1.6275 1.0618 1.0617 1.6273 1.0621 1.0627
39 2.5373 1.8364 1.8367 1.9323 1.2297 1.2297 1.9327 1.2282 1.2291
73 2.0405 1.4908 1.4912 1.6695 1.1141 1.1128 1.6697 1.1128 1.1099
108 2.0337 1.5106 1.5093 1.5685 1.0461 1.0466 1.5684 1.0462 1.0463
125 1.9239 1.3353 1.3357 1.6 1.0113 1.0124 1.6002 1.0112 1.0118
450 3.5023 2.5702 2.5705 2.6881 1.7297 1.7294 2.6875 1.7297 1.7296
88 2.7431 1.6935 1.694 2.1758 1.1331 1.1332 2.1754 1.1331 1.1331
381 2.472 1.971 1.9708 1.7014 1.1975 1.1974 1.7012 1.1972 1.197
430 2.1354 1.4619 1.4624 1.7126 1.0495 1.0495 1.7126 1.049 1.0469
161 2.1793 1.5792 1.5788 1.7082 1.1092 1.111 1.7081 1.1094 1.1113
195 2.1605 1.6842 1.6853 1.6614 1.1879 1.1889 1.6614 1.1879 1.1889
211 2.4514 1.8545 1.8545 1.8645 1.2652 1.2651 1.8611 1.2645 1.2635
502 2.0092 1.4163 1.417 1.6763 1.0828 1.0821 1.6762 1.0828 1.0823
345 2.6436 2.0344 2.0467 1.8841 1.286 1.2859 1.884 1.2859 1.2864
415 2.2782 1.8185 1.8179 1.6911 1.2381 1.2376 1.6903 1.2379 1.2379
56 2.1094 1.5337 1.5308 1.6319 1.0498 1.0499 1.6319 1.0497 1.0495
141 2.0689 1.4369 1.438 1.7368 1.1051 1.1064 1.7366 1.1049 1.1064
260 2.0462 1.5508 1.5506 1.6195 1.127 1.1279 1.6195 1.1269 1.1274
40 2.091 1.5505 1.5515 1.6944 1.1423 1.1447 1.6945 1.1421 1.1426
245 2.0943 1.6641 1.6645 1.6265 1.1981 1.1985 1.6272 1.1981 1.1984
451 1.8766 1.4883 1.4883 1.3356 0.9504 0.95 1.3355 0.9503 0.95
517 2.5782 1.7519 1.7555 2.096 1.2708 1.267 2.0956 1.2693 1.2725
467 2.3539 1.5381 1.5381 1.8854 1.0718 1.0718 1.8865 1.0724 1.0678
363 2.4941 2.0357 2.0341 1.5222 1.0524 1.0526 1.5225 1.0524 1.0524
276 2.4138 1.8604 1.8602 1.8009 1.252 1.2525 1.8008 1.2504 1.2529
329 1.9847 1.5174 1.5185 1.5819 1.1244 1.124 1.5817 1.1271 1.1245
89 2.4193 1.7451 1.7458 2.0284 1.3546 1.3549 2.0284 1.3546 1.3529
431 2.4839 1.7003 1.7023 2.0086 1.2197 1.2215 2.0087 1.2193 1.222
483 2.5511 2.0676 2.0746 1.8952 1.4099 1.4013 1.8953 1.4086 1.4067
382 2.6429 1.9249 1.9211 2.0361 1.3079 1.3075 2.0432 1.3075 1.3142
74 2.1121 1.653 1.6523 1.6357 1.1717 1.1723 1.6357 1.1716 1.1722
175 2.0309 1.5147 1.5144 1.679 1.1621 1.1618 1.6787 1.1619 1.1571
315 2.2228 1.7757 1.7742 1.6719 1.2218 1.2204 1.6718 1.2184 1.2193
503 2.41 1.7793 1.7799 1.9027 1.2668 1.2671 1.9026 1.2654 1.2663
295 2.2414 1.6824 1.68 1.7196 1.1526 1.1537 1.717 1.1525 1.1494
533 2.412 1.8012 1.8193 1.8147 1.2027 1.2037 1.8142 1.2027 1.2044
57 2.2144 1.678 1.6766 1.6675 1.1261 1.1255 1.6678 1.1264 1.126
518 3.073 2.1327 2.1321 2.323 1.3869 1.3855 2.3228 1.3869 1.386
41 1.9325 1.4677 1.4682 1.4661 1.001 1.0021 1.4662 1.001 1.0012
109 2.4126 1.8144 1.8131 1.7503 1.1481 1.1487 1.7494 1.1481 1.1494
142 2.5025 1.8666 1.8686 1.9463 1.3154 1.3167 1.9461 1.3154 1.3159
416 1.8915 1.4858 1.4862 1.5416 1.1352 1.1355 1.5414 1.1354 1.136
228 3.2994 2.3243 2.3231 2.3476 1.3463 1.3444 2.3456 1.3462 1.3468
468 2.0933 1.4457 1.4459 1.7069 1.0567 1.0567 1.7069 1.0564 1.0579
396 2.4124 1.7374 1.7433 2.0744 1.4084 1.4142 2.0736 1.4063 1.4078
330 2.0166 1.6347 1.634 1.4697 1.0868 1.0868 1.4698 1.0867 1.0868
212 2.1715 1.5207 1.5217 1.7563 1.108 1.1082 1.7562 1.1078 1.1079
176 2.0057 1.6408 1.6408 1.5025 1.1371 1.1373 1.5025 1.1369 1.1371
22 2.5078 1.8567 1.8596 1.888 1.2406 1.2412 1.888 1.238 1.2407
364 2.1629 1.5636 1.5643 1.7484 1.1593 1.159 1.7485 1.1593 1.1599
143 2.2187 1.4808 1.4814 1.8104 1.0733 1.0735 1.8101 1.0733 1.0732
246 2.0969 1.6317 1.6317 1.6365 1.1646 1.1623 1.6363 1.1646 1.1623
277 2.5121 1.7255 1.7256 1.936 1.149 1.1489 1.936 1.1492 1.1476
452 2.4856 1.7304 1.7288 2.063 1.3099 1.3109 2.0634 1.3092 1.3098
296 2.0725 1.5202 1.5203 1.7243 1.1603 1.1592 1.7242 1.1603 1.1603
484 2.1676 1.5723 1.5754 1.7338 1.1382 1.1389 1.7334 1.1356 1.1387
397 2.1182 1.5651 1.5655 1.7065 1.1535 1.1544 1.7061 1.154 1.1536
58 1.8711 1.4447 1.4439 1.5353 1.1112 1.1106 1.5353 1.1113 1.1118
229 2.6192 1.7882 1.7885 2.0518 1.2307 1.231 2.051 1.2314 1.2306
417 2.3826 1.6307 1.6307 1.8824 1.1253 1.1254 1.8821 1.1246 1.1247
75 2.3021 1.7295 1.7295 1.7954 1.2218 1.2214 1.7929 1.223 1.2211
398 2.3516 1.7452 1.7455 1.7452 1.1345 1.135 1.7453 1.1343 1.1345
346 2.2348 1.5069 1.5071 1.8969 1.17 1.1674 1.8959 1.1697 1.1671
534 2.4415 1.6481 1.6482 1.9782 1.1884 1.1875 1.9782 1.1888 1.1868
90 3.2292 2.6355 2.6351 2.4808 1.9054 1.9113 2.482 1.9053 1.9079
110 2.635 1.7463 1.7472 2.0764 1.1961 1.1968 2.0763 1.196 1.1954
383 2.577 1.9276 1.9272 2.0546 1.432 1.4323 2.0546 1.4272 1.4314
297 2.6693 1.9862 1.9871 2.047 1.3543 1.3543 2.0463 1.3543 1.3544
469 1.9919 1.4463 1.4462 1.5643 1.0239 1.0258 1.5642 1.0238 1.0241
432 2.5591 1.8855 1.8865 2.0195 1.3437 1.3432 2.0189 1.3438 1.3414
519 2.3858 1.6618 1.6614 1.8495 1.1223 1.1221 1.8496 1.1224 1.1223
23 2.3899 1.7339 1.7338 1.8278 1.1696 1.1696 1.827 1.1667 1.1696
261 2.4626 1.872 1.8721 1.7932 1.2089 1.2101 1.7934 1.2052 1.2054
399 2.0392 1.5094 1.5096 1.6722 1.1374 1.1374 1.6722 1.1375 1.1374
347 2.4098 1.5553 1.555 1.9466 1.0889 1.0898 1.9467 1.0889 1.0889
485 3.7796 2.9004 2.8995 2.5116 1.6232 1.6229 2.5104 1.623 1.6238
535 2.6127 2.0289 2.0308 2.0307 1.4463 1.4472 2.0307 1.4464 1.4469
331 2.4623 1.8344 1.8371 1.9118 1.2762 1.2786 1.9122 1.2757 1.2767
144 2.6089 2.0004 1.9991 1.981 1.354 1.3556 1.9849 1.354 1.3542
278 2.4869 1.6779 1.6785 1.9297 1.1224 1.1225 1.9297 1.1225 1.1216
520 2.4752 1.864 1.8642 1.7269 1.1114 1.1114 1.7269 1.1084 1.1098
365 2.8931 2.0199 2.0199 2.1553 1.2962 1.2955 2.1554 1.2961 1.2944
126 2.6151 1.883 1.8833 2.0596 1.3304 1.3322 2.0592 1.3325 1.3291
177 2.2585 1.8276 1.828 1.592 1.1655 1.1657 1.5921 1.1656 1.1695
298 2.3835 1.693 1.692 1.8734 1.1868 1.1852 1.8736 1.1871 1.1862
486 1.7877 1.3637 1.3641 1.4066 0.9827 0.9835 1.4058 0.9827 0.9834
332 2.0051 1.531 1.5316 1.5922 1.1162 1.1159 1.5922 1.1163 1.1162
262 2.2678 1.5516 1.5518 1.771 1.0524 1.0521 1.771 1.0524 1.0522
24 2.179 1.6312 1.631 1.7251 1.1797 1.1798 1.7249 1.1797 1.1795
279 2.2443 1.6699 1.6699 1.7555 1.1818 1.1817 1.7552 1.1818 1.1817
178 2.2651 1.4799 1.4806 1.8303 1.0517 1.0521 1.8303 1.0517 1.0519
348 2.1173 1.5589 1.5595 1.6476 1.0866 1.0859 1.6476 1.0857 1.0866
366 2.5724 1.9541 1.955 1.8576 1.2526 1.2524 1.8596 1.2527 1.2549
536 2.431 1.8766 1.8782 1.7677 1.2184 1.2195 1.7678 1.2182 1.22
400 2.4114 1.6967 1.6972 1.9589 1.2435 1.2414 1.9587 1.2432 1.2412
433 2.287 1.5259 1.5258 1.898 1.1394 1.1394 1.8979 1.1374 1.1374
91 3.3643 2.8193 2.8342 2.2596 1.6797 1.6794 2.258 1.6796 1.6795
127 2.8188 1.9656 1.9639 2.2156 1.3607 1.361 2.2152 1.357 1.3573
280 2.267 1.6659 1.6659 1.7298 1.133 1.1332 1.7301 1.1328 1.132
263 2.1008 1.6533 1.6531 1.5805 1.1343 1.1343 1.5805 1.1392 1.1338
92 2.7738 1.7532 1.7543 2.2121 1.1851 1.1856 2.2092 1.1854 1.1852
537 2.194 1.4336 1.4342 1.7548 0.9917 0.993 1.7541 0.9902 0.9936
434 2.3992 1.7418 1.7405 1.8443 1.2036 1.2037 1.8445 1.2037 1.1969
349 2.0483 1.424 1.4231 1.737 1.1125 1.1134 1.7366 1.1125 1.1114
281 2.2734 1.5201 1.5186 1.983 1.2326 1.2295 1.9831 1.2326 1.2318
