"x"
"1" "Generate from t distribution. Repeat 530 times. The variance of residual is 0.04"
"x"
"1" "== degree of freedom:  2 =="
413 3.6041 1.9419 1.9388 2.1503 0.4814 0.4831 2.1504 0.4814 0.4827
85 2.5243 1.1571 1.1575 1.7729 0.4285 0.4291 1.7729 0.4283 0.4292
268 3.4493 2.223 2.2099 2.0612 0.7467 0.7468 2.0605 0.7468 0.7471
230 3.2562 2.079 2.0725 2.0496 0.8654 0.8646 2.0498 0.8737 0.8599
461 2.2189 1.3739 1.3727 1.3465 0.4722 0.4722 1.3458 0.4722 0.4729
393 3.8918 2.1385 2.139 2.1454 0.4046 0.4054 2.1452 0.4042 0.4034
355 2.5258 1.3777 1.3744 1.5194 0.3571 0.3567 1.5194 0.3565 0.3547
471 3.0047 1.1938 1.1947 2.0847 0.3015 0.3021 2.0847 0.3036 0.3012
384 1.4589 0.7881 0.7887 0.9607 0.2788 0.2774 0.9581 0.2788 0.2784
27 4.639 2.8585 2.8579 2.3028 0.5783 0.5784 2.302 0.5785 0.5762
326 5.4408 1.5804 1.5814 4.5349 0.656 0.6519 4.5306 0.6644 0.6549
133 3.5033 1.455 1.4527 2.4998 0.4841 0.4842 2.4996 0.4845 0.4905
499 1.8257 0.948 0.9477 1.148 0.2915 0.2914 1.1484 0.2915 0.291
143 3.6999 2.6828 2.6822 1.7212 0.6951 0.6979 1.7211 0.6946 0.6992
442 1.8079 1.0774 1.0789 1.1245 0.4171 0.4236 1.1246 0.4171 0.4171
220 3.0646 1.3683 1.368 2.1427 0.4367 0.4358 2.1427 0.4367 0.4348
104 3.0732 2.04 2.0393 1.5617 0.5194 0.5185 1.56 0.5193 0.517
56 1.7034 0.7752 0.7744 1.2267 0.2956 0.2957 1.2265 0.2965 0.2951
432 2.8031 1.2249 1.225 1.9125 0.343 0.3442 1.9124 0.3429 0.3445
307 9.0883 3.5897 3.5901 6.2025 0.721 0.723 6.2026 0.7259 0.7212
259 7.1528 5.7755 5.772 3.4377 1.1501 1.1518 3.4377 1.1532 1.1352
374 3.943 1.5275 1.5242 2.9146 0.5113 0.5029 2.9146 0.5113 0.4998
528 6.9784 3.2664 3.2557 4.7067 0.9934 0.9923 4.7063 0.993 0.9902
509 4.5159 2.3044 2.3061 3.349 1.095 1.0951 3.3479 1.0948 1.1172
480 4.9361 3.3223 3.2917 2.3417 0.5908 0.5908 2.3416 0.5909 0.5878
37 13.7462 11.9251 11.8017 6.7022 5.1717 5.1573 6.7013 5.1529 5.146
8 2.0857 0.7461 0.7343 1.614 0.2913 0.2955 1.6135 0.2919 0.2911
124 3.7022 1.8382 1.8387 2.4224 0.4985 0.499 2.4213 0.4983 0.4969
75 2.3139 1.2759 1.2752 1.3737 0.3881 0.3877 1.373 0.3906 0.386
297 1.4718 0.7741 0.7851 0.9665 0.2887 0.2876 0.9648 0.2913 0.2912
114 16.2737 8.1433 8.1457 9.828 1.1904 1.1821 9.8287 1.1724 1.1781
249 3.6784 2.8206 2.8132 1.3023 0.3964 0.3943 1.3023 0.4003 0.3942
172 4.9124 3.4607 3.4517 2.1462 0.719 0.719 2.1453 0.7184 0.7144
239 2.8764 1.6425 1.6437 1.6381 0.3765 0.3779 1.6382 0.3756 0.3757
210 3.137 1.4544 1.4499 2.0135 0.3582 0.3568 2.0106 0.3587 0.3568
365 2.5525 1.6425 1.6386 1.4011 0.4955 0.4922 1.4013 0.4954 0.4913
153 12.7804 8.0637 8.0429 4.7539 0.6717 0.6717 4.691 0.6681 0.6686
336 4.8758 2.9802 2.9725 2.5812 0.6783 0.683 2.581 0.6783 0.6698
47 7.4005 1.4078 1.4007 6.7921 0.8053 0.8029 6.72 0.7944 0.7803
95 13.1145 11.2827 11.2246 3.4392 1.1345 1.0657 3.4393 1.1204 1.0891
451 3.8037 2.5254 2.524 1.9405 0.644 0.6418 1.9387 0.644 0.6427
191 2.9463 2.222 2.2006 1.2068 0.502 0.4929 1.2065 0.4886 0.5339
181 11.7187 5.7894 5.7653 7.3897 1.1302 1.1273 7.3806 1.1302 1.1274
356 4.8618 1.8031 1.8039 3.6567 0.5699 0.57 3.6568 0.5706 0.5699
422 4.0809 2.8016 2.8272 2.2159 0.7335 0.7214 2.2158 0.722 0.7411
66 4.5016 2.9892 3.0073 2.2071 0.6404 0.6391 2.2071 0.6389 0.6391
269 2.4525 1.1908 1.1909 1.6229 0.3582 0.3587 1.6233 0.3582 0.3608
125 2.0478 1.148 1.1483 1.2036 0.3223 0.3221 1.2036 0.3223 0.3204
519 2.6701 1.2317 1.2319 1.9173 0.4612 0.459 1.9186 0.46 0.4608
287 5.3961 2.3841 2.3814 3.8636 0.7475 0.7435 3.8636 0.7459 0.7463
231 4.5446 3.3996 3.4003 1.9274 0.5021 0.502 1.9274 0.5021 0.5019
18 20.0357 14.3392 13.841 5.9968 1.4102 1.3975 6.0467 1.3862 1.377
403 14.9019 3.1639 3.1626 12.5711 0.9383 0.9377 12.4477 0.9373 0.94
394 2.8034 1.654 1.6552 1.5847 0.4899 0.4894 1.5845 0.4892 0.4891
201 1.9643 1.1196 1.1198 1.1961 0.3597 0.3607 1.1965 0.3581 0.3583
86 4.6542 2.1731 2.1711 3.256 0.6344 0.6338 3.2573 0.6339 0.6344
345 10.3901 6.0505 6.0315 5.3724 1.1535 1.132 5.3849 1.1363 1.1186
28 2.7711 1.3215 1.3215 1.7286 0.2967 0.2997 1.7278 0.2967 0.2971
278 7.0075 3.3781 3.3743 4.4009 0.8955 0.898 4.4004 0.902 0.9137
316 11.4661 6.1919 6.2434 10.3019 4.6078 4.5436 10.3239 4.5721 4.5166
308 4.5143 3.6028 3.5988 1.7571 0.6493 0.647 1.7534 0.6493 0.6501
500 2.4213 1.7591 1.7567 1.0018 0.3081 0.3082 1.0017 0.3087 0.3119
162 2.3371 1.4125 1.4482 1.3321 0.3651 0.3653 1.3321 0.3604 0.3591
221 6.8834 4.5007 4.5289 4.8427 2.5027 2.5007 4.8429 2.5022 2.5104
19 2.4663 1.3556 1.3565 1.44 0.3689 0.3689 1.4397 0.3689 0.3694
472 3.8464 1.4774 1.4784 2.8261 0.4406 0.4402 2.8261 0.438 0.441
57 2.978 1.9311 1.9261 1.6205 0.4446 0.4493 1.6212 0.4401 0.4409
462 2.6667 1.6341 1.6336 1.4477 0.4106 0.4089 1.4474 0.4108 0.409
270 3.1735 1.3111 1.3097 2.2841 0.452 0.4518 2.2842 0.4521 0.4519
327 5.0209 2.169 2.1698 3.5068 0.6867 0.6879 3.5082 0.684 0.6841
357 3.6039 2.3279 2.3259 1.6394 0.3865 0.3862 1.6396 0.3865 0.3876
115 5.2857 3.297 3.299 2.5882 0.6401 0.6365 2.5884 0.64 0.6369
375 3.9329 1.499 1.4936 2.8559 0.4625 0.4623 2.8563 0.4624 0.4618
105 11.6894 3.7784 3.7867 8.7992 0.8931 0.8892 8.794 0.883 0.8745
443 2.2305 1.0629 1.063 1.4952 0.3744 0.3745 1.4948 0.3743 0.374
260 3.0199 2.0074 2.0156 1.5272 0.474 0.4722 1.5236 0.4757 0.4731
529 3.9739 1.9916 1.9921 2.6906 0.7068 0.7051 2.6613 0.7039 0.6975
490 72.1716 68.8478 57.4269 15.349 15.6007 17.7774 13.8993 13.9674 15.3921
76 5.5922 3.1791 3.1803 3.6909 1.4059 1.4045 3.6874 1.4068 1.3904
433 5.0185 3.5293 3.5244 2.2332 0.5772 0.5761 2.2335 0.5772 0.5751
414 5.1071 2.1099 2.1066 3.6405 0.6414 0.6476 3.3898 0.6414 0.6389
288 2.1537 1.3679 1.3703 1.0416 0.2669 0.2682 1.0416 0.2664 0.2646
96 3.8325 1.9849 1.9837 2.4902 0.6469 0.6457 2.4765 0.6471 0.6433
211 3.6093 1.446 1.4459 2.6328 0.5066 0.5071 2.6298 0.5157 0.5058
192 1.9354 1.3865 1.3863 0.8045 0.262 0.2616 0.8035 0.262 0.2622
337 2.309 1.2468 1.2463 1.3156 0.2437 0.2439 1.3124 0.2436 0.2443
182 5.4225 3.0788 3.0787 3.0207 0.6584 0.6581 3.0207 0.6554 0.6546
134 13.6357 9.5178 9.5113 4.9206 0.9285 0.9261 5.0244 0.9262 0.916
38 5.0995 1.5041 1.5037 4.0745 0.5006 0.4999 4.0749 0.5019 0.5015
48 14.0756 12.6282 12.6866 2.5553 0.9324 0.9211 2.5553 0.964 0.9214
232 3.7569 1.9136 1.9139 2.4836 0.6394 0.6361 2.483 0.6392 0.6355
144 4.041 1.5783 1.5766 3.1999 0.6348 0.6303 3.1843 0.6335 0.6308
404 4.8711 2.178 2.1722 2.8679 0.3699 0.3701 2.8681 0.3704 0.3683
366 4.9479 3.5466 3.55 2.3171 0.7487 0.7469 2.317 0.7451 0.746
395 7.7585 3.258 3.2575 5.08 0.5673 0.5655 5.08 0.5674 0.5628
520 4.2088 1.4525 1.4513 3.3328 0.5662 0.5692 3.3332 0.5596 0.5693
240 3.2953 1.466 1.466 2.3097 0.4846 0.4823 2.3094 0.4911 0.4819
250 2.5938 1.6295 1.6298 1.661 0.6607 0.659 1.6607 0.6607 0.6605
202 4.1017 3.0924 3.0421 2.0482 0.7821 0.7819 2.0482 0.784 0.7885
126 10.5128 4.1215 4.1069 7.7055 1.4822 1.4728 7.7298 1.4822 1.4509
510 7.4708 5.4569 5.5279 5.0526 2.8332 3.0086 5.0128 2.8332 2.8279
317 3.159 1.7037 1.7037 2.0191 0.5929 0.5943 2.0183 0.5958 0.5967
501 3.8304 1.7757 1.7751 2.7373 0.6493 0.6495 2.7419 0.6482 0.6465
9 4.331 1.5069 1.5 3.2114 0.4344 0.4328 3.2124 0.4302 0.4322
530 5.3645 3.0335 3.06 2.999 0.5323 0.5311 2.999 0.5322 0.531
222 1.696 0.6862 0.686 1.2475 0.2666 0.2662 1.2475 0.2674 0.2654
154 3.0353 1.4747 1.4757 2.2024 0.6424 0.6457 2.2024 0.6409 0.6402
20 3.0074 1.4977 1.4971 1.9372 0.4132 0.4145 1.9372 0.4128 0.4108
298 5.3808 3.5717 3.5673 2.7226 0.917 0.9081 2.7226 0.9105 0.9067
58 1.8807 1.0745 1.0751 1.1758 0.3718 0.3715 1.1758 0.3718 0.3715
481 7.023 5.2979 5.2669 2.9394 1.1761 1.1639 2.934 1.1665 1.1654
452 3.1971 1.744 1.7443 1.882 0.4583 0.4582 1.8785 0.4541 0.4572
67 3.4169 2.2432 2.2433 1.8828 0.6774 0.6819 1.884 0.6742 0.6755
385 25.9573 10.9124 15.3526 16.9923 3.8055 3.9236 16.4896 3.7803 3.97
328 2.6943 1.1168 1.1116 1.9248 0.3221 0.3238 1.925 0.3221 0.324
423 4.697 3.3799 3.3762 1.7944 0.5121 0.5103 1.7937 0.5108 0.51
87 2.5652 1.4267 1.4204 1.6486 0.3523 0.3507 1.6481 0.3563 0.3533
97 2.8125 1.6389 1.6396 1.6663 0.4973 0.498 1.6663 0.496 0.4949
271 3.5613 2.7634 2.7661 1.6911 0.8828 0.8826 1.6891 0.8817 0.8727
279 1.9788 1.1581 1.1515 1.0993 0.2558 0.2573 1.0996 0.2553 0.2543
173 17.9933 16.6243 16.0881 6.5519 4.3709 4.3549 6.4614 4.3158 4.3938
116 3.7356 2.0865 2.1193 2.0873 0.4394 0.4392 2.0861 0.4379 0.4409
473 2.8813 1.6976 1.6969 1.62 0.4454 0.4454 1.62 0.4454 0.4436
358 5.715 3.8473 3.8536 4.2163 2.1555 2.163 4.2162 2.1554 2.1466
309 5.0183 2.3447 2.3425 3.4037 0.724 0.7195 3.4012 0.7187 0.7225
502 3.2345 2.014 2.0139 1.4949 0.3165 0.3158 1.4949 0.3165 0.3156
106 2.211 1.5376 1.5391 1.0594 0.3936 0.3936 1.0593 0.3936 0.3933
49 5.493 2.5683 2.5692 3.4338 0.5052 0.5058 3.4339 0.502 0.516
346 3.0335 1.6898 1.69 1.7425 0.3685 0.3677 1.7402 0.3697 0.3686
233 2.4606 1.1884 1.1883 1.544 0.3088 0.3084 1.5469 0.3088 0.3082
135 2.5629 1.3481 1.3437 1.4265 0.3624 0.3619 1.422 0.3624 0.3615
463 3.3269 2.4386 2.4363 1.4243 0.5141 0.5145 1.4229 0.5126 0.5107
183 2.9134 2.002 2.0001 1.2486 0.3771 0.3766 1.2495 0.3773 0.3804
272 2.9822 1.8806 1.8806 1.7665 0.6465 0.6463 1.7666 0.6465 0.6465
376 3.0378 1.8375 1.8229 1.6775 0.4727 0.4726 1.6753 0.4707 0.4695
29 5.2917 3.2522 3.2319 2.7376 0.7139 0.7136 2.7369 0.7044 0.7118
203 2.8574 1.3123 1.3138 1.8677 0.4094 0.4112 1.868 0.4091 0.4096
434 1.608 0.9407 0.9378 0.9636 0.2823 0.2823 0.9638 0.2822 0.2822
444 9.6404 6.8997 6.8961 3.4328 0.9932 0.9883 3.4329 0.9931 0.9863
163 2.2728 1.1841 1.1873 1.4336 0.3507 0.3507 1.4335 0.3458 0.3454
521 10.1859 4.5291 4.5232 6.3633 0.5686 0.5674 6.1758 0.5689 0.6054
453 5.9452 2.7112 2.7168 3.6127 0.6337 0.6501 3.6134 0.6337 0.647
145 1.9528 0.856 0.8543 1.3544 0.2546 0.2555 1.3544 0.2532 0.2533
39 2.2813 1.1652 1.1638 1.4339 0.3209 0.3204 1.4333 0.3208 0.3194
367 2.1402 1.1979 1.1979 1.2995 0.3741 0.3752 1.2993 0.3752 0.3732
77 2.7555 1.7488 1.7387 1.7148 0.667 0.6736 1.7159 0.6653 0.6678
21 4.3707 1.6872 1.6868 3.2271 0.5598 0.5573 3.2269 0.5548 0.5565
491 10.76 6.7787 6.8703 7.19 3.111 3.0989 7.1678 3.3062 3.426
241 5.7041 3.5346 3.5291 3.478 1.2021 1.1997 3.4723 1.2021 1.2028
396 3.0752 2.2322 2.2317 1.2662 0.4449 0.4443 1.2661 0.4436 0.4435
193 3.7111 1.6592 1.6582 2.7356 0.6771 0.6731 2.7315 0.6749 0.6726
424 2.7875 1.5895 1.5929 1.6413 0.4005 0.4002 1.6413 0.4006 0.3999
531 2.5568 1.2067 1.2002 1.7433 0.5249 0.5257 1.7599 0.5215 0.5228
318 2.6162 1.7366 1.7364 1.3401 0.4489 0.4461 1.3399 0.4418 0.4448
10 4.0432 1.9079 1.9083 2.9195 0.7513 0.7466 2.9203 0.7512 0.7595
377 4.2384 1.6376 1.637 3.1869 0.6135 0.6136 3.187 0.6136 0.6125
59 1.864 1.2461 1.2484 0.8517 0.2427 0.2422 0.8524 0.2431 0.2431
511 2.393 1.8229 1.8228 1.0213 0.428 0.4278 1.0214 0.4256 0.4248
261 3.2483 1.6453 1.6432 2.3264 0.7586 0.7597 2.3203 0.7697 0.7587
127 2.6988 1.6069 1.6074 1.4846 0.5339 0.5341 1.4844 0.5279 0.5336
289 2.8459 1.4792 1.4769 1.7705 0.4316 0.4311 1.7696 0.4308 0.4329
415 8.1901 4.7543 4.7364 6.1078 2.5893 2.6201 6.1207 2.5874 2.622
174 5.0259 3.1731 3.172 2.5013 0.6395 0.6352 2.5032 0.6388 0.6353
212 24.0151 21.9043 22.4318 2.378 0.917 0.9038 2.3792 0.9124 0.9353
329 10.5866 5.8851 5.8835 6.2391 1.4963 1.4901 6.1971 1.4878 1.4864
299 3.8212 2.3956 2.3548 2.0411 0.5825 0.5878 2.041 0.581 0.5926
503 3.5868 1.7895 1.7658 2.4006 0.6284 0.6212 2.4007 0.6273 0.6215
347 4.0739 1.4253 1.4242 3.168 0.5204 0.5205 3.1672 0.5155 0.5191
474 4.0011 1.8506 1.841 2.9339 0.6401 0.6409 2.9267 0.6407 0.6376
251 15.0894 14.3384 14.2885 2.5631 1.5464 1.5482 2.5621 1.544 1.5448
223 3.6764 1.7059 1.7071 2.3531 0.3889 0.3935 2.3504 0.3884 0.3878
338 18.2334 3.3752 3.3895 17.877 1.8304 1.8457 17.9618 1.8396 1.8534
155 3.3271 1.922 1.9209 1.8299 0.3619 0.3642 1.8314 0.3581 0.3572
482 2.8066 1.8703 1.8713 1.4476 0.4195 0.4204 1.448 0.4195 0.4192
280 11.1022 8.2045 8.2162 5.2822 2.2963 2.2954 5.2812 2.2821 2.2752
40 3.3787 2.3341 2.3649 1.3685 0.368 0.3681 1.3684 0.368 0.3679
242 2.109 1.2913 1.2915 1.2171 0.4422 0.4424 1.2169 0.4423 0.4463
492 5.1985 1.6992 1.6998 4.2338 0.6741 0.6745 4.2337 0.6781 0.6687
194 3.1989 1.4979 1.4942 2.0177 0.3375 0.3333 2.018 0.3375 0.3361
405 4.7597 3.4505 3.4451 1.8753 0.5812 0.5812 1.8709 0.5779 0.5819
359 8.319 1.9664 1.9827 7.7262 1.4872 1.4917 7.7212 1.4809 1.5048
68 5.8101 4.1058 4.2009 2.0948 0.4888 0.4877 2.0953 0.4869 0.4863
184 4.0802 2.0825 2.0811 2.7618 0.4913 0.4904 2.7143 0.4794 0.4835
435 8.2211 3.2941 3.2539 5.3729 0.4888 0.4831 5.3727 0.4884 0.4833
136 62.8693 113.1696 80.233 43.1821 16.2906 25.0865 312.66 132.8912 27.3303
386 17.1627 9.5331 9.1366 8.7919 1.1257 1.1264 8.7919 1.153 1.1211
522 18.4283 4.9574 4.9509 15.5628 2.0499 2.0543 15.5433 2.0611 1.9931
273 3.2084 1.1656 1.1658 2.5162 0.4539 0.4543 2.5071 0.4533 0.4535
117 10.5553 4.2678 4.3788 6.9661 0.9527 0.9746 6.9758 0.9525 1.0129
512 3.8316 1.422 1.421 2.8876 0.3904 0.3908 2.8876 0.3898 0.3955
319 6.5492 3.8408 3.8353 3.7717 0.9678 0.9667 3.7688 0.9678 0.973
368 5.3827 3.6123 3.6122 2.4721 0.704 0.7058 2.4734 0.7038 0.7118
98 5.5521 3.5669 3.5717 2.5859 0.6267 0.6351 2.5802 0.6361 0.6247
234 13.8464 6.6588 6.7146 10.1382 2.5818 2.5598 10.0732 2.5827 2.5347
50 8.0313 1.8982 1.9014 6.6774 0.5804 0.5808 6.7507 0.58 0.5817
88 8.0857 4.4512 4.4396 4.5051 0.796 0.7902 4.5173 0.7883 0.7904
107 3.5665 2.0039 2.0073 1.9901 0.3933 0.3935 1.99 0.3915 0.3931
30 8.4714 4.0627 4.0662 4.976 0.5447 0.5418 4.976 0.5425 0.5368
22 5.5334 3.2621 3.2631 3.0301 0.7348 0.7354 3.0285 0.7334 0.7349
78 20.2344 5.1236 5.127 15.9301 1.5672 1.561 15.8472 1.5466 1.5356
164 4.4521 1.3542 1.3522 3.6511 0.6175 0.6163 3.6509 0.6173 0.6199
262 6.4137 4.5178 4.5209 2.7282 0.6829 0.6807 2.7282 0.6812 0.6796
175 10.0899 3.4562 3.4556 7.0098 0.7143 0.7123 7.0104 0.7132 0.7087
310 2.4666 1.3914 1.3921 1.5537 0.4757 0.4784 1.5529 0.4751 0.4739
156 3.3741 1.6539 1.6425 2.2523 0.5217 0.5141 2.2517 0.5218 0.5132
532 2.7412 1.7785 1.7787 1.4871 0.5207 0.5207 1.4865 0.5198 0.5201
416 2.4409 1.3195 1.3197 1.4808 0.3004 0.3 1.4775 0.2996 0.3029
213 3.064 1.327 1.3277 2.1783 0.4512 0.451 2.1771 0.4508 0.4493
454 12.3417 6.69 6.7952 8.2976 2.4207 2.4179 8.3108 2.4212 2.4184
146 7.6886 3.09 3.0832 5.8403 1.186 1.155 5.8402 1.1821 1.1932
290 6.4971 1.5066 1.5013 5.6304 0.6746 0.6763 5.6204 0.6726 0.6695
378 3.5307 1.5533 1.5528 2.5334 0.5143 0.5132 2.5333 0.5127 0.5124
464 3.9729 2.1741 2.1739 2.3441 0.5385 0.5384 2.3441 0.5367 0.5392
11 7.2811 3.13 3.1224 4.7615 0.6231 0.6227 4.7142 0.6255 0.6197
397 2.7154 2.1082 2.1007 1.308 0.5895 0.5761 1.3083 0.5865 0.5745
41 3.2603 2.0407 2.0419 1.8212 0.5537 0.5544 1.8212 0.5537 0.5505
243 4.204 2.0278 2.0239 2.5088 0.497 0.497 2.5081 0.4951 0.4947
31 1.6356 1.024 1.0236 0.8227 0.2333 0.2336 0.8222 0.2328 0.2333
252 3.3136 1.5078 1.5079 2.3249 0.4749 0.4755 2.3249 0.4734 0.4733
128 2.6236 1.1367 1.1386 2.0165 0.4236 0.4276 2.0157 0.4234 0.4222
425 5.6081 3.1444 3.137 3.1552 0.8119 0.7997 3.1547 0.8115 0.8057
69 7.1463 2.2398 2.0639 5.6122 0.8562 0.8422 5.6087 0.83 0.8355
360 2.105 1.293 1.3078 1.3422 0.4915 0.488 1.3422 0.4852 0.4831
195 3.3777 2.4934 2.4934 2.1919 1.3013 1.3017 2.1919 1.2622 1.2965
493 5.5477 3.0418 3.0407 3.0961 0.7344 0.7329 3.094 0.7234 0.7321
60 5.5087 3.7444 4.4826 1.8965 0.6467 0.6465 1.8979 0.6467 0.6461
137 1.8301 0.892 0.8919 1.2164 0.2861 0.286 1.2168 0.2861 0.2855
504 4.3911 1.7042 1.7041 3.5249 0.8728 0.8675 3.5124 0.8726 0.8667
445 148.2651 55.0972 38.6457 106.7682 14.1823 14.4574 106.9677 14.9936 23.7313
483 3.8469 2.1211 2.1283 2.4623 0.7571 0.7633 2.4625 0.7587 0.7598
204 3.1857 1.9131 1.9131 1.6424 0.3966 0.3958 1.6427 0.3963 0.3959
235 3.6758 1.6853 1.6724 2.4098 0.4637 0.4619 2.4093 0.4641 0.4631
523 3.2841 2.3217 2.3218 1.3195 0.3601 0.3602 1.3194 0.3579 0.3573
185 3.0534 1.8107 1.8107 1.7525 0.5628 0.5626 1.7561 0.5624 0.556
281 35.6976 8.6194 8.8435 36.9349 6.0773 6.5846 37.3071 10.1288 8.5718
23 1.7273 0.8298 0.8302 1.2149 0.3218 0.3212 1.2149 0.3218 0.322
89 4.8159 2.4713 2.4677 2.9352 0.5975 0.5934 2.9352 0.5975 0.5934
330 4.1574 2.7438 2.7448 2.6892 1.1313 1.1324 2.6894 1.1289 1.1259
436 5.564 3.7325 3.7327 3.1151 1.1607 1.1589 3.1132 1.1621 1.1768
339 6.5509 3.4741 3.4835 3.658 0.6142 0.6145 3.6577 0.6132 0.615
475 7.7033 2.2852 2.2992 5.9435 0.6942 0.688 5.9426 0.6945 0.6874
157 2.7091 1.3961 1.3971 1.7499 0.4309 0.4296 1.7493 0.4306 0.4281
224 27.0488 17.1214 17.1133 10.4698 2.2175 2.1738 10.4677 2.2029 2.1362
387 6.0383 4.2362 4.2417 3.1427 1.3431 1.3477 3.1432 1.3374 1.3382
348 10.6117 6.1489 6.0512 9.1803 3.4437 3.2653 9.1518 3.4917 3.447
513 3.2615 2.1566 2.1575 2.0743 0.9265 0.9246 2.0756 0.9264 0.9266
406 3.1643 1.3257 1.3276 2.2114 0.4673 0.471 2.2089 0.4672 0.4703
417 3.6282 2.3466 2.3474 1.9958 0.7086 0.7046 1.9897 0.7074 0.7039
320 5.6091 2.9379 2.9351 3.4153 0.7718 0.7714 3.4673 0.7719 0.772
455 1.6596 0.962 0.964 1.0153 0.3255 0.325 1.0167 0.3255 0.3243
533 3.3149 1.4064 1.4054 2.2945 0.4016 0.4015 2.2931 0.4018 0.3983
300 2.243 1.2136 1.2138 1.3021 0.2849 0.2834 1.3022 0.2838 0.2837
118 21.9721 16.1045 15.6609 7.392 2.4731 2.4433 7.37 2.5036 2.4568
263 3.1471 1.8773 1.8705 1.6616 0.3997 0.3988 1.6616 0.3997 0.3985
176 2.7199 1.367 1.3831 1.8087 0.4517 0.4512 1.8086 0.4474 0.4474
274 19.1881 9.3885 9.3895 16.4706 6.5913 6.5892 16.5337 6.5904 6.6276
369 5.5622 2.5849 2.5865 4.3592 1.392 1.3921 4.3599 1.3706 1.3999
70 3.0943 1.7109 1.7108 1.7801 0.4235 0.4235 1.7802 0.4235 0.4222
108 10.4657 9.1344 9.1339 2.0661 0.7183 0.7113 2.067 0.718 0.7134
311 6.7017 4.4631 4.4614 2.9923 0.7443 0.744 2.9922 0.7443 0.7371
379 7.5167 5.8316 5.8664 3.3052 1.767 1.8349 3.3091 1.7675 1.8096
253 2.6631 1.5132 1.5114 1.5179 0.3721 0.3689 1.5167 0.3719 0.3741
524 3.0138 2.0577 2.0581 1.4095 0.4564 0.4543 1.4111 0.4566 0.4504
196 3.95 2.2697 2.2691 2.334 0.7058 0.7082 2.3342 0.7062 0.7074
361 3.8626 2.288 2.2911 2.0854 0.477 0.4788 2.0857 0.4765 0.4771
291 3.8592 2.0281 2.0262 2.3221 0.4659 0.4659 2.3203 0.4652 0.4657
244 5.614 2.4078 2.435 3.6118 0.5949 0.5925 3.6109 0.5918 0.6009
42 6.1039 2.6007 2.6012 4.2386 0.7261 0.7234 4.2388 0.7251 0.7455
446 3.9942 1.5948 1.595 2.8888 0.5221 0.5222 2.8886 0.5241 0.5133
32 3.4379 1.8846 1.8841 2.0981 0.5198 0.5198 2.0977 0.5199 0.5206
426 2.1503 1.0558 1.0552 1.485 0.3724 0.3734 1.485 0.3737 0.3727
236 367.1871 278.2276 334.3224 NA 12.2213 66.0055 424.4069 48.9404 266.2184
79 5.8265 4.5296 5.1275 3.1787 2.1912 2.1882 3.1777 2.1344 2.1275
349 1.725 0.9613 0.9632 1.0994 0.3412 0.342 1.0929 0.3412 0.3421
99 4.4535 2.4757 2.4747 2.391 0.3892 0.3894 2.3918 0.3824 0.3819
380 2.8359 1.4078 1.4011 1.8366 0.4373 0.4385 1.836 0.4377 0.4368
407 3.3553 1.6759 1.6669 2.2158 0.5327 0.5325 2.2159 0.5327 0.5326
484 2.8216 1.3856 1.3834 2.0599 0.5302 0.5294 2.0599 0.5297 0.5284
398 9.1067 5.66 5.1133 4.6776 0.9403 0.9376 4.6484 0.9426 0.9396
147 3.3926 2.1102 2.1044 1.8648 0.6663 0.6516 1.855 0.685 0.6513
51 12.7933 9.5008 9.4974 4.8999 1.6079 1.5676 4.899 1.5433 1.5554
90 3.6541 2.258 2.2569 1.9285 0.5379 0.5363 1.9288 0.537 0.536
119 2.3405 1.1034 1.1045 1.6068 0.3246 0.3221 1.6089 0.3238 0.3229
494 2.2143 1.0928 1.0884 1.3772 0.2841 0.2865 1.3772 0.284 0.2842
465 12.6367 6.9947 7.3956 9.1922 3.997 3.8124 9.1756 3.792 3.7608
388 9.1039 4.9873 5.1795 5.7633 1.4599 1.4534 5.7626 1.4412 1.4323
158 10.4192 1.6507 1.6471 8.4325 0.8324 0.826 8.2696 0.8242 0.8247
138 8.6162 5.2097 5.1951 4.5116 1.2 1.1717 4.5102 1.2246 1.2019
214 4.1109 1.8992 1.9161 2.5526 0.4327 0.4311 2.5551 0.4322 0.4318
205 3.5578 1.887 1.8878 2.0527 0.3828 0.3834 2.0527 0.3826 0.3831
12 7.5783 3.7069 3.7135 4.6673 0.7161 0.7234 4.6678 0.7312 0.7253
165 8.4721 2.8402 2.8336 6.5878 1.1894 1.1934 6.5984 1.1585 1.1603
177 4.284 3.0159 3.0137 2.1894 0.8869 0.8896 2.1895 0.8869 0.8867
340 5.6156 3.8706 3.8589 2.1718 0.5163 0.5229 2.1786 0.5156 0.513
71 3.0659 1.7106 1.7098 1.8435 0.4176 0.4176 1.8434 0.4179 0.4181
418 4.966 2.0604 2.0604 3.6071 0.7184 0.7196 3.6078 0.7182 0.7182
312 2.3827 1.2912 1.2911 1.4671 0.3876 0.3874 1.467 0.3876 0.3874
197 3.1652 1.6341 1.6341 2.1508 0.6394 0.6398 2.151 0.6394 0.6376
476 4.3844 2.4673 2.4491 2.4113 0.4862 0.487 2.4078 0.4806 0.493
514 2.9477 1.3643 1.3427 1.9978 0.4143 0.3933 1.9979 0.4126 0.3959
362 3.771 1.7421 1.7359 2.7591 0.7214 0.7218 2.7685 0.7214 0.7189
456 5.3648 3.9925 3.9919 2.2238 0.7071 0.7034 2.2197 0.7066 0.706
505 5.7238 3.3146 3.3148 2.7308 0.5607 0.5601 2.7335 0.558 0.5584
24 4.5445 2.891 2.8913 2.6211 0.9526 0.952 2.6211 0.9509 0.9529
43 3.9782 1.9998 2.0019 2.4678 0.5127 0.5111 2.4678 0.512 0.5094
264 5.0448 1.7442 1.7494 3.7704 0.5723 0.5839 3.7705 0.5724 0.5795
129 11.08 5.024 5.0103 9.1287 3.0649 3.125 9.1342 3.088 3.0876
301 1.7996 1.1893 1.1895 0.9357 0.2975 0.2978 0.9353 0.2973 0.2979
186 8.5456 3.9418 3.9212 5.827 1.5737 1.5327 5.9627 1.6467 1.5446
33 1.5403 0.9612 0.9617 0.8583 0.2824 0.2848 0.8582 0.2844 0.2827
534 3.062 1.532 1.5323 2.0031 0.4914 0.4908 2.0028 0.4896 0.4897
254 2.0433 1.0334 1.0327 1.3187 0.3135 0.313 1.3187 0.3131 0.3124
331 6.3061 4.2669 4.2678 2.8378 0.8232 0.8255 2.835 0.824 0.8185
437 3.4693 1.9393 1.9302 2.2137 0.6008 0.6038 2.2099 0.6036 0.603
225 3.8622 2.1767 2.1741 2.3665 0.5279 0.5258 2.4358 0.5499 0.5237
275 4.2796 2.5233 2.517 2.3141 0.6005 0.6001 2.3118 0.6004 0.597
389 2.6487 1.6323 1.6325 1.4236 0.4122 0.4123 1.4236 0.4107 0.4107
525 NA 96.8261 100.9666 94.3924 49.8525 47.7206 91.07 51.129 53.1725
120 5.3854 4.0046 3.9948 2.212 0.714 0.7111 2.2053 0.714 0.7107
91 2.144 1.3109 1.3105 1.0566 0.2314 0.2314 1.0563 0.2307 0.2311
408 7.8913 3.376 3.3739 4.8619 1.2841 1.2637 4.8621 1.2984 1.2897
381 6.4806 2.5062 2.4839 4.489 0.7515 0.7337 4.489 0.7532 0.7406
109 3.6371 2.4079 2.3968 1.8498 0.6175 0.6114 1.8351 0.6134 0.6126
61 1.8778 1.2323 1.2325 0.9614 0.3433 0.3449 0.9632 0.3442 0.3434
370 4.3487 2.5261 2.5258 2.2003 0.4184 0.4125 2.2018 0.4122 0.4317
313 3.5208 1.7609 1.7608 2.3396 0.5606 0.5603 2.3395 0.5606 0.5595
72 2.5295 1.2718 1.2719 1.6195 0.369 0.3681 1.6195 0.3682 0.3682
282 33.5057 7.1164 7.263 28.508 3.0383 2.8989 28.4556 2.8736 3.0269
399 5.7943 2.2553 2.2503 4.2348 0.7247 0.7244 4.2342 0.7247 0.7186
80 11.7214 4.6814 4.6791 7.5832 1.4532 1.4455 7.5975 1.4405 1.5175
350 5.7111 3.5268 3.5269 3.2442 1.0123 1.0077 3.2443 1.0185 1.0148
321 49.7377 15.4169 15.4879 35.6669 1.6565 1.6502 34.6478 1.6568 1.6553
427 3.3353 1.8291 1.8293 1.8831 0.3679 0.3653 1.8831 0.3671 0.3696
52 4.5854 2.4084 2.4084 2.6762 0.5259 0.5261 2.672 0.5251 0.5247
292 10.3713 4.7915 4.7638 6.8521 1.1228 1.1044 6.8535 1.1176 1.1088
237 4.6879 2.7792 2.7727 2.3648 0.5739 0.5712 2.3661 0.5717 0.5747
206 4.4805 2.8718 2.8709 2.2312 0.6104 0.6092 2.2317 0.6105 0.6072
25 3.4553 1.6693 1.6695 2.3757 0.5048 0.5049 2.3004 0.5084 0.5072
302 3.0222 1.5935 1.5934 1.8393 0.4205 0.4201 1.8395 0.4202 0.4185
166 2.7269 1.2862 1.2864 1.7844 0.3387 0.3386 1.7874 0.3386 0.3379
265 3.4534 2.3651 2.3652 1.7377 0.6297 0.6297 1.7376 0.63 0.6284
477 2.8608 1.6732 1.6726 1.4584 0.3302 0.3303 1.4585 0.3303 0.3281
159 2.7481 1.9608 1.9581 1.1961 0.4357 0.4368 1.1987 0.4314 0.4326
466 5.2624 2.5156 2.5139 3.2407 0.4793 0.4791 3.2401 0.479 0.4788
457 2.8182 1.5039 1.5025 1.6925 0.3462 0.3445 1.6926 0.3455 0.3434
100 25.7374 7.9098 9.0865 20.4782 3.215 3.2021 20.4775 3.2032 3.25
245 6.5439 4.2555 4.2435 4.7462 2.1342 2.1022 4.7448 2.1571 2.4198
447 6.8651 4.9425 4.9235 3.8902 1.8227 1.8167 3.8894 1.8192 1.8117
255 3.6623 1.7733 1.7618 2.3383 0.4232 0.423 2.3383 0.4231 0.4231
341 3.875 1.7102 1.7024 2.5216 0.4233 0.4227 2.5209 0.4231 0.4233
121 2.5883 1.49 1.4905 1.4581 0.3654 0.365 1.4581 0.3654 0.3651
485 25.5788 27.0919 27.0895 3.9863 2.6383 2.632 3.9838 2.6255 2.6213
198 6.1027 2.0715 2.069 4.7895 0.7438 0.7368 4.7895 0.7438 0.7203
13 4.1559 2.9824 3.0001 1.6156 0.472 0.4752 1.6122 0.4721 0.4735
92 2.9987 1.2723 1.2725 2.1009 0.3638 0.3635 2.1007 0.3628 0.3636
526 5.6243 0.9582 0.9588 5.0999 0.4143 0.4142 5.0991 0.4143 0.4076
178 10.4768 5.9329 5.9329 6.1355 1.3885 1.3848 6.1351 1.382 1.3834
506 6.7108 2.9563 2.9639 4.403 0.9095 0.9088 4.403 0.9096 0.9047
535 18.5855 7.133 7.201 17.3336 4.5874 4.5935 17.3249 4.5692 4.587
139 4.3855 2.2483 2.2413 2.6207 0.4175 0.4184 2.6205 0.4162 0.4172
130 3.7451 1.9024 1.8929 2.2634 0.485 0.4849 2.2634 0.4853 0.483
419 58.2477 2.6781 9.7252 58.3555 2.2157 2.061 58.3558 9.607 2.0456
293 3.4954 1.6077 1.6747 2.2189 0.337 0.3359 2.219 0.3368 0.3341
390 2.8662 1.6357 1.6387 1.8051 0.4963 0.4943 1.8066 0.4963 0.4922
371 3.3462 2.019 2.0192 1.8984 0.6501 0.6516 1.9039 0.6501 0.6497
351 2.6159 1.6284 1.6281 1.4582 0.4219 0.422 1.4582 0.4219 0.4196
148 6.918 3.7711 3.7398 3.5353 0.5325 0.534 3.4934 0.533 0.5292
26 2.738 1.8429 1.8421 1.2526 0.4206 0.4204 1.2514 0.4205 0.4206
363 157.0995 151.0715 141.8434 13.2122 9.1311 10.5148 13.5155 8.966 9.4238
382 2.2076 1.2596 1.2598 1.3843 0.4018 0.409 1.3842 0.4021 0.4073
438 6.3082 3.7544 3.7481 3.2367 1.0151 1.014 3.2398 1.0155 1.0397
101 2.3167 1.1451 1.1414 1.4791 0.3123 0.3126 1.4771 0.312 0.312
215 3.1649 2.0624 2.0629 1.589 0.4882 0.4886 1.5891 0.4877 0.4874
332 2.42 1.0284 1.026 1.7899 0.3727 0.3721 1.7899 0.3744 0.3724
400 10.1907 5.4327 5.4565 5.9544 1.1473 1.1687 5.9501 1.1478 1.1632
428 4.8635 3.202 3.1784 2.2396 0.5149 0.5153 2.2396 0.5162 0.5153
515 2.8405 1.2834 1.2839 1.8769 0.3164 0.3166 1.8769 0.3164 0.3176
495 13.9657 6.2146 6.2198 9.1294 2.8964 2.8694 9.2716 2.867 2.8407
44 3.0269 1.5232 1.5196 1.9169 0.5295 0.529 1.9169 0.5295 0.5281
73 7.6586 3.6643 3.6663 5.0415 1.1091 1.1087 5.0129 1.1236 1.1004
478 2.7637 1.7523 1.7537 1.609 0.5943 0.5946 1.609 0.5943 0.591
409 7.6601 3.548 3.5492 4.7332 0.7831 0.7831 4.728 0.7933 0.7884
187 3.4748 2.3575 2.3599 1.8413 0.6362 0.6369 1.8354 0.6352 0.6341
81 3.4661 1.9111 1.9101 1.9249 0.3654 0.3655 1.9075 0.3651 0.3664
110 4.4359 3.1031 3.0951 1.7248 0.5276 0.5193 1.7298 0.5206 0.5289
314 4.228 2.2224 2.2232 2.8939 0.8708 0.8652 2.8939 0.8695 0.8702
62 9.2554 2.4571 2.4578 8.27 1.4473 1.4475 8.27 1.4363 1.4429
207 2.3784 1.425 1.4125 1.2332 0.3218 0.3207 1.2314 0.3238 0.3256
256 3.4022 1.736 1.724 2.0621 0.3283 0.3283 2.0621 0.3283 0.3275
283 3.697 1.6485 1.7026 2.4592 0.4409 0.4404 2.4588 0.4409 0.4405
322 2.7806 1.1196 1.1196 1.938 0.3051 0.3082 1.9379 0.3045 0.3043
238 3.1043 1.7143 1.7145 1.8947 0.5295 0.5329 1.8904 0.527 0.5336
507 14.8051 7.9905 7.9911 8.4656 1.6188 1.6367 8.4663 1.6186 1.637
179 5.8057 1.7458 1.7471 4.7432 0.7097 0.7108 4.739 0.7095 0.7097
266 5.5427 1.6461 1.6506 4.7982 0.5041 0.5028 4.8011 0.5015 0.5004
391 3.8943 1.6344 1.6345 2.6524 0.4064 0.4054 2.6524 0.4059 0.4062
486 4.3067 1.8498 1.8501 3.2174 0.7231 0.723 3.2161 0.7085 0.7042
93 3.0976 1.9926 1.9903 1.6069 0.5248 0.5244 1.6069 0.5278 0.5207
246 3.7046 1.8836 1.9245 2.4149 0.6988 0.6948 2.4245 0.6941 0.7026
53 12.9291 7.0914 7.0554 7.4767 1.726 1.6962 7.4629 1.7138 1.6992
420 3.9057 1.4554 1.4555 2.9456 0.4802 0.4801 2.9367 0.4818 0.4794
527 3.8514 2.0162 2.013 2.5234 0.6603 0.6489 2.5193 0.6601 0.6525
536 4.181 1.7544 1.7441 3.1275 0.6227 0.6198 3.1278 0.6202 0.6186
372 4.0583 2.3297 2.3298 2.2206 0.456 0.4554 2.2206 0.4552 0.4548
226 13.7882 9.4922 9.4904 5.5017 1.6219 1.6244 5.5278 1.5905 1.6506
467 3.4751 2.5611 2.5558 1.8656 0.532 0.5251 1.8661 0.5314 0.5255
122 8.9888 3.8084 3.8138 5.787 0.7508 0.7768 5.7855 0.7476 0.7512
448 2.5388 1.2842 1.2816 1.6795 0.372 0.3737 1.6797 0.3713 0.3731
149 1.8748 1.0696 1.0697 1.1568 0.3462 0.3459 1.1565 0.3452 0.345
167 2.4432 1.0397 1.0397 1.7753 0.3636 0.3642 1.7755 0.3629 0.3637
333 11.1419 3.8309 3.835 8.1064 1.4187 1.4191 8.1063 1.4189 1.4908
342 1.6963 1.0353 1.0371 0.958 0.3055 0.3055 0.9594 0.3053 0.3052
439 2.8409 1.5068 1.5063 1.7066 0.4138 0.4132 1.7062 0.4139 0.4179
276 2.7806 1.897 1.8946 1.3507 0.4011 0.4006 1.3397 0.3989 0.3998
216 3.0799 1.6327 1.632 2.0384 0.5727 0.571 2.0384 0.5876 0.5709
160 15.7018 8.9551 8.9621 5.6156 1.0309 1.0553 5.7375 1.0291 1.0263
74 2.2013 1.3666 1.3638 1.2501 0.4174 0.42 1.2517 0.42 0.4204
383 4.9634 3.2532 3.2551 2.2932 0.4983 0.4983 2.2954 0.4977 0.4983
323 1.695 0.9212 0.9216 1.0639 0.2938 0.294 1.0639 0.2934 0.2947
14 2.169 1.2217 1.2209 1.2252 0.315 0.3157 1.2252 0.3147 0.3155
199 3.0791 1.8259 1.8213 1.7008 0.4039 0.4042 1.7008 0.4039 0.4102
479 3.2877 2.2045 2.2028 1.4498 0.3644 0.3643 1.4436 0.3634 0.3665
131 2.507 1.5685 1.5658 1.2937 0.3639 0.3608 1.2933 0.3651 0.3649
303 14.4772 7.957 7.902 7.8113 1.42 1.3906 7.809 1.3972 1.4072
82 2.7607 1.9145 1.912 1.4186 0.5785 0.5835 1.4187 0.5785 0.5805
34 5.1412 3.4874 3.4769 2.1634 0.5395 0.5408 2.1572 0.5431 0.5395
458 5.7934 4.4266 4.3989 1.9798 0.5059 0.5139 1.98 0.5034 0.507
315 3.3878 1.6349 1.6348 2.3043 0.5187 0.5188 2.3037 0.5181 0.5177
487 3.0061 1.4485 1.447 1.9914 0.4111 0.4111 1.9937 0.4106 0.4109
294 3.6134 2.1678 2.166 2.242 0.8249 0.825 2.2419 0.8244 0.8221
401 1.8929 0.9494 0.9491 1.207 0.2421 0.2408 1.2024 0.2423 0.242
410 6.0082 1.7564 1.7776 4.7583 0.4065 0.4062 4.7583 0.4065 0.405
429 15.9321 9.27 9.2771 9.8604 2.7682 2.7706 9.6991 2.7963 2.7581
227 4.4226 1.9356 1.9331 3.1721 0.6991 0.7 3.1721 0.6984 0.7008
217 2.7536 1.891 1.886 1.3066 0.3665 0.3653 1.3075 0.3665 0.365
63 2.5343 1.0155 1.0158 1.8396 0.3162 0.3171 1.8397 0.3163 0.3172
352 5.7854 3.5223 3.5097 3.0757 1.0277 1.0042 3.066 1.1311 0.9935
111 1.3706 0.7956 0.797 0.8231 0.2561 0.2562 0.8226 0.2561 0.256
188 5.3935 4.1648 4.1549 1.961 0.7123 0.7105 1.961 0.7123 0.7089
496 10.047 1.5975 1.5639 8.3685 0.5074 0.5059 8.0908 0.5051 0.5145
208 4.9291 3.0126 3.0248 2.8717 1.0995 1.0943 2.8721 1.0958 1.0994
140 5.511 1.3258 1.3188 4.6115 0.4058 0.404 4.6121 0.4035 0.403
392 9.6755 2.7945 2.7989 8.2343 1.4416 1.4144 8.2326 1.4422 1.4401
83 2.2203 1.253 1.2534 1.2386 0.3154 0.3156 1.2384 0.3131 0.315
102 21.3343 14.9008 14.7567 9.8163 2.0336 2.1225 9.815 2.0099 2.0862
54 4.9596 1.8657 1.8638 3.5146 0.529 0.5294 3.4998 0.529 0.5247
94 3.8195 2.463 2.4593 1.8624 0.6625 0.6562 1.8615 0.6617 0.6597
35 2.0421 1.0781 1.0777 1.1604 0.2157 0.2162 1.1601 0.2156 0.2155
373 3.47 2.3492 2.39 1.5523 0.4099 0.4106 1.5529 0.4106 0.4098
45 3.7485 2.1013 2.1043 2.0776 0.4138 0.4143 2.0776 0.4118 0.4123
267 3.5839 1.8556 1.8681 2.3014 0.6043 0.5954 2.3017 0.6043 0.5942
516 17.3896 7.1063 7.1313 10.5557 1.0271 1.0215 10.5873 0.9565 0.9503
247 2.0578 0.9108 0.911 1.3938 0.2881 0.2878 1.3945 0.29 0.2879
411 3.547 1.6221 1.6239 2.8217 0.8314 0.8331 2.8217 0.8314 0.8331
218 6.9981 4.2046 4.1994 3.2298 0.5252 0.5254 3.242 0.5251 0.5239
180 8.3233 2.4953 2.4961 6.7843 0.8799 0.8938 6.7963 0.8925 0.893
508 6.4163 2.2819 2.2785 5.2686 0.8868 0.8849 5.2142 0.8727 0.8844
334 6.5901 4.4396 4.4901 2.5905 0.6828 0.6823 2.5905 0.6816 0.6804
132 4.1927 2.4696 2.4703 2.6844 0.8188 0.8167 2.6845 0.8187 0.8146
257 20.3699 4.2746 4.2136 14.6068 1.4888 1.4907 14.6315 1.4888 1.4605
284 9.4761 2.9937 2.9701 7.4557 1.229 1.2331 7.4559 1.2155 1.2286
488 2.9764 1.3885 1.3893 2.0261 0.429 0.429 2.0166 0.4261 0.4321
304 2.2952 1.3628 1.3583 1.3534 0.4041 0.4041 1.3534 0.4038 0.4041
277 3.29 1.7651 1.7671 2.0221 0.5097 0.5102 2.023 0.5076 0.5095
15 5.1363 3.9239 3.9133 1.5434 0.4154 0.4134 1.5434 0.4154 0.41
421 3.6682 2.3957 2.3903 1.9386 0.5985 0.5917 1.9415 0.599 0.5921
123 4.975 2.8456 2.8459 2.7704 0.6663 0.6606 2.7694 0.664 0.6753
468 7.5754 4.0581 4.0114 4.1321 0.5508 0.5496 4.1321 0.5473 0.5499
449 5.3048 3.4485 3.4455 2.2372 0.7218 0.7221 2.2301 0.7106 0.7306
364 12.5656 9.4941 8.22 4.0586 7.0571 7.0604 4.0426 6.9945 5.6856
209 1.9072 0.9612 0.9616 1.1723 0.2252 0.2251 1.1723 0.2251 0.2261
353 4.9865 1.9911 2.0033 3.783 0.7635 0.7659 3.7664 0.7643 0.7892
150 8.4958 4.8545 4.9083 3.972 0.7309 0.7301 3.9619 0.7304 0.7355
459 4.0095 1.6132 1.6119 2.9121 0.5504 0.5471 2.912 0.5522 0.54
440 4.7822 3.1378 3.1427 2.5137 0.9664 0.965 2.5051 0.9665 0.9633
324 2.8435 1.4474 1.4447 1.9153 0.4706 0.4717 1.9102 0.4711 0.4654
168 4.2867 1.2517 1.2516 3.6053 0.5692 0.5681 3.603 0.5686 0.5679
430 3.0721 1.6388 1.6554 1.8958 0.4848 0.4844 1.8982 0.4848 0.4903
161 6.539 3.0283 3.0255 4.1959 0.7557 0.7543 4.1894 0.7549 0.7544
36 1.8042 0.913 0.9118 1.1574 0.3257 0.3253 1.1576 0.3273 0.3292
295 2.2627 0.918 0.9187 1.7849 0.4435 0.4438 1.7849 0.4434 0.4422
200 2.5911 1.0295 1.0286 1.6735 0.3458 0.3438 1.6707 0.3458 0.3428
537 7.4447 5.0429 5.0458 3.5356 1.1027 1.0937 3.5366 1.1081 1.0988
112 3.9489 2.4667 2.4645 2.1115 0.6905 0.6838 2.1115 0.6921 0.6924
84 2.5301 1.6478 1.6471 1.2475 0.3483 0.3469 1.2474 0.3479 0.3468
64 2.8618 1.424 1.4207 1.775 0.4226 0.4197 1.775 0.421 0.4153
189 2.4032 1.4001 1.4026 1.4247 0.3968 0.3995 1.4278 0.3969 0.3944
305 2.2685 1.1703 1.171 1.451 0.3996 0.3994 1.451 0.4006 0.3988
16 2.8294 1.8095 1.8091 1.472 0.4688 0.469 1.472 0.469 0.4657
402 4.2934 2.5414 2.5492 2.3833 0.6591 0.6767 2.3833 0.6589 0.6551
248 5.64 2.768 2.7666 3.5323 0.6981 0.6877 3.5383 0.6895 0.6717
343 10.236 6.8776 6.8708 4.5227 1.2866 1.2841 4.5221 1.2696 1.297
285 5.3194 3.6512 3.6477 3.3435 1.7269 1.7266 3.3433 1.7267 1.7167
460 3.0252 1.7068 1.705 1.6846 0.3572 0.3574 1.6848 0.3572 0.3573
517 3.852 1.9731 1.9741 2.4949 0.6239 0.6253 2.4949 0.6239 0.6237
441 2.922 1.4125 1.4117 1.9233 0.4458 0.4467 1.9334 0.4457 0.4447
141 3.9749 1.9138 1.9104 2.7211 0.5746 0.5863 2.7042 0.5747 0.5794
469 3.6781 2.4958 2.4951 2.2695 0.8848 0.8902 2.2683 0.8886 0.8816
103 5.4573 3.9443 3.9767 2.6613 1.1571 1.1556 2.6596 1.1535 1.1493
335 5.0695 1.7482 1.7496 4.1083 0.6864 0.7063 4.1112 0.7006 0.7027
219 4.708 2.1623 2.162 3.1024 0.5194 0.5249 3.1034 0.5226 0.5227
228 6.8552 3.56 3.5534 4.3059 0.9555 0.948 4.3218 0.9637 0.9471
296 3.103 1.8396 1.8303 1.6116 0.3292 0.3257 1.6115 0.3282 0.3271
489 4.6504 2.0599 2.0589 3.166 0.529 0.529 3.1657 0.529 0.5273
55 14.7482 3.7093 3.6676 12.5119 1.0676 1.0675 12.4552 1.0618 1.0871
325 10.4487 3.0747 3.0684 9.0645 1.6766 1.668 9.0755 1.7007 1.6384
412 3.3156 2.085 2.0851 1.6613 0.4558 0.4552 1.6595 0.456 0.4564
497 10.6696 4.4557 4.4259 9.6897 2.7575 2.7359 9.7321 2.6312 2.6733
169 3.4732 2.0016 2.003 2.0022 0.5256 0.5251 2.1044 0.5254 0.5259
258 3.8131 1.8285 1.8223 2.4916 0.6242 0.6305 2.5011 0.6142 0.6174
450 5.0804 3.0832 3.087 2.955 0.9226 0.9434 2.9549 0.9228 0.9443
306 1.6376 0.8823 0.8823 1.0701 0.3138 0.3139 1.0701 0.3137 0.3134
431 4.9396 3.7726 3.7654 2.3289 1.2084 1.2116 2.3286 1.2036 1.2004
151 6.2217 4.0871 4.0948 2.6053 0.7263 0.7171 2.6063 0.7245 0.7199
17 15.6111 13.7285 13.7094 3.1688 0.9848 0.9813 3.1896 0.9832 0.999
113 5.2392 2.8576 2.8569 3.3098 0.7923 0.7846 3.3084 0.7914 0.789
344 1.6794 1.0322 1.0321 0.945 0.283 0.2856 0.9449 0.2825 0.2825
354 18.0935 11.5426 11.6358 10.5638 2.8312 2.8156 10.2016 2.8243 2.8311
142 3.532 2.0514 2.051 2.0179 0.5262 0.5263 2.022 0.526 0.5244
46 11.3452 5.1952 5.1762 8.3336 2.2619 2.1746 8.3271 2.2651 2.172
286 3.7395 2.3721 2.37 2.1597 0.7393 0.7351 2.1597 0.7378 0.735
65 4.499 2.8937 2.897 2.1342 0.5351 0.5365 2.1332 0.5367 0.5333
518 29.8365 11.8634 12.0683 22.1165 3.3274 3.3031 20.9246 3.3706 3.2488
229 2.4774 1.7145 1.7144 1.3483 0.4555 0.4524 1.3481 0.4525 0.4708
190 4.0192 2.6629 2.662 1.8669 0.5504 0.5573 1.8676 0.5472 0.5451
498 5.6368 3.52 3.469 2.7592 0.8087 0.7879 2.7601 0.8088 0.8005
470 9.6193 7.6755 7.7005 2.7411 1.0183 1.0172 2.7289 1.0204 1.0113
170 5.3345 2.5614 2.5609 3.6603 0.9648 0.9585 3.6585 0.9651 0.9645
152 3.2206 2.4813 2.4628 1.1474 0.4356 0.4346 1.1474 0.4356 0.4377
171 4.0334 2.1976 2.2001 2.3671 0.5688 0.573 2.3674 0.5687 0.5718
"x"
"1" "== degree of freedom:  5 =="
37 0.1718 0.0951 0.095 0.1026 0.0252 0.0252 0.1025 0.0252 0.0252
210 0.2203 0.1006 0.1007 0.1523 0.0342 0.0341 0.1523 0.0343 0.034
191 0.2081 0.1101 0.1101 0.1274 0.0291 0.0294 0.1276 0.0291 0.0293
393 0.17 0.086 0.0858 0.1051 0.0211 0.0211 0.1051 0.0211 0.021
519 0.1803 0.1072 0.1075 0.0974 0.0249 0.0248 0.0973 0.0249 0.0249
442 0.1542 0.0778 0.0779 0.0972 0.0204 0.0204 0.0972 0.0205 0.0205
143 0.162 0.0911 0.0911 0.0955 0.0241 0.0241 0.0948 0.0242 0.0241
27 0.2014 0.0919 0.092 0.1376 0.0293 0.0293 0.1374 0.0293 0.0293
239 0.1852 0.103 0.1022 0.1053 0.0256 0.0255 0.1053 0.0258 0.0257
268 0.2152 0.0996 0.0997 0.1413 0.0264 0.0263 0.1415 0.0264 0.0263
230 0.1929 0.1079 0.1068 0.1067 0.0226 0.0226 0.1068 0.0226 0.0229
66 0.2044 0.1013 0.1013 0.1269 0.0244 0.0244 0.1268 0.0244 0.0244
220 0.1894 0.1116 0.1116 0.1032 0.0257 0.0257 0.1033 0.0256 0.0257
297 0.1722 0.1119 0.1126 0.0832 0.0242 0.0242 0.0829 0.0243 0.0242
38 0.182 0.1024 0.1024 0.1067 0.0271 0.0271 0.1068 0.0272 0.0272
114 0.1705 0.0884 0.0885 0.107 0.0249 0.0251 0.1069 0.0251 0.0251
56 0.1828 0.0837 0.0835 0.1214 0.0243 0.0243 0.1216 0.0245 0.0245
422 0.2586 0.1373 0.1379 0.1532 0.0313 0.0312 0.1531 0.0313 0.0313
133 0.2623 0.1267 0.1268 0.1636 0.0291 0.0291 0.1637 0.0291 0.0291
374 0.1836 0.0852 0.0852 0.122 0.0238 0.0239 0.122 0.0239 0.0239
384 0.1691 0.0813 0.0813 0.1086 0.0207 0.0207 0.1088 0.0207 0.0207
413 0.1605 0.0775 0.0775 0.1049 0.0222 0.0223 0.1044 0.0223 0.0223
8 0.1524 0.0665 0.0666 0.1071 0.0219 0.0219 0.1068 0.0219 0.0219
18 0.2035 0.1206 0.1223 0.1048 0.0259 0.0259 0.1047 0.0259 0.026
249 0.1883 0.0878 0.0879 0.1252 0.0237 0.0237 0.1245 0.0237 0.0237
365 0.2409 0.0978 0.0975 0.1636 0.0295 0.0295 0.1631 0.0295 0.0294
201 0.2098 0.1182 0.1196 0.1164 0.0257 0.0257 0.1168 0.0257 0.0257
172 0.1789 0.1106 0.1104 0.0958 0.0245 0.0246 0.0957 0.0245 0.0248
104 0.1666 0.1032 0.1029 0.0902 0.0274 0.0274 0.0896 0.0273 0.0273
181 0.2209 0.1144 0.1145 0.1238 0.0234 0.0234 0.1242 0.0234 0.0234
278 0.2628 0.1271 0.1266 0.1616 0.0282 0.0282 0.1617 0.0282 0.0282
509 0.1859 0.114 0.1145 0.0991 0.0246 0.0246 0.099 0.0247 0.0248
336 0.2357 0.1426 0.1429 0.127 0.0318 0.0319 0.126 0.0318 0.0318
490 0.2452 0.1204 0.1203 0.1525 0.0282 0.0281 0.1525 0.0281 0.0281
85 0.1348 0.0836 0.0835 0.0751 0.023 0.023 0.0751 0.0231 0.0231
95 0.1946 0.1053 0.1079 0.1164 0.0266 0.0265 0.1162 0.0266 0.0265
471 0.205 0.1121 0.1121 0.1155 0.0234 0.0234 0.1155 0.0234 0.0234
287 0.2643 0.1432 0.1433 0.1425 0.0231 0.0236 0.143 0.0231 0.0232
355 0.1657 0.094 0.0939 0.1005 0.0292 0.0292 0.1004 0.0291 0.0291
162 0.2033 0.1111 0.1116 0.1191 0.0268 0.0268 0.1192 0.027 0.0269
316 0.198 0.1195 0.1194 0.1073 0.0272 0.0272 0.1072 0.0275 0.0272
124 0.2478 0.1288 0.1289 0.146 0.0287 0.0287 0.1461 0.0288 0.0286
259 0.1583 0.0988 0.1001 0.0857 0.0279 0.028 0.0857 0.0281 0.0279
432 0.2018 0.1041 0.1041 0.1247 0.0262 0.0263 0.1239 0.0262 0.0262
499 0.1494 0.085 0.0849 0.0882 0.0242 0.0242 0.0882 0.0242 0.0242
461 0.1962 0.1058 0.1054 0.1169 0.0256 0.0256 0.117 0.0256 0.0255
451 0.2515 0.1567 0.1567 0.1226 0.0283 0.0283 0.1226 0.0282 0.0282
153 0.2544 0.1577 0.1582 0.1279 0.0315 0.0314 0.1263 0.0315 0.0314
403 0.2049 0.1155 0.1151 0.1149 0.0265 0.0267 0.1151 0.0265 0.0268
520 0.2088 0.1139 0.1143 0.1247 0.0265 0.0265 0.1247 0.0265 0.0265
394 0.1678 0.0827 0.0826 0.1062 0.0223 0.0223 0.1062 0.0223 0.0223
326 0.1686 0.0723 0.0723 0.1166 0.0211 0.0212 0.1138 0.0212 0.0211
528 0.1961 0.1029 0.103 0.1176 0.0251 0.025 0.1173 0.025 0.025
47 0.1987 0.0986 0.0981 0.1233 0.0228 0.0228 0.1233 0.0228 0.0228
480 0.1452 0.0853 0.0853 0.0842 0.0243 0.0244 0.0843 0.0243 0.0243
307 0.2237 0.1023 0.1023 0.1487 0.0269 0.0267 0.1484 0.0268 0.0268
75 0.1699 0.0973 0.0969 0.0988 0.0249 0.0249 0.0988 0.0249 0.0249
260 0.2995 0.1576 0.1578 0.1789 0.0392 0.0392 0.1784 0.0392 0.0392
115 0.2231 0.1173 0.1177 0.1306 0.0251 0.0251 0.1303 0.0254 0.0254
211 0.2164 0.1276 0.1255 0.1175 0.0274 0.0274 0.117 0.0273 0.0275
345 0.2382 0.1137 0.1135 0.1543 0.0291 0.029 0.1548 0.029 0.029
173 0.2317 0.1085 0.1085 0.1537 0.0291 0.0291 0.1535 0.0288 0.029
443 0.1302 0.0675 0.0676 0.0835 0.0211 0.0213 0.0834 0.0212 0.0212
510 0.192 0.1037 0.1027 0.1109 0.0249 0.0249 0.1108 0.0249 0.0248
154 0.3053 0.2027 0.203 0.1515 0.0484 0.0484 0.152 0.0482 0.0481
337 0.2104 0.0876 0.0873 0.1463 0.0246 0.0248 0.1454 0.0247 0.0248
231 0.2571 0.1362 0.1361 0.1503 0.0302 0.0303 0.1508 0.0303 0.0304
57 0.169 0.0891 0.0886 0.1012 0.021 0.021 0.1008 0.021 0.0211
202 0.2114 0.1268 0.1267 0.1135 0.0279 0.0279 0.1136 0.0281 0.028
356 0.1818 0.0946 0.0946 0.1109 0.023 0.023 0.1109 0.0231 0.023
182 0.219 0.1085 0.1085 0.1411 0.032 0.032 0.1412 0.0321 0.0319
28 0.1664 0.0869 0.0869 0.1035 0.0237 0.0237 0.1034 0.0237 0.0239
125 0.1746 0.084 0.084 0.1177 0.0267 0.0267 0.1176 0.0267 0.0268
366 0.187 0.0913 0.0913 0.1246 0.0278 0.0278 0.1247 0.0278 0.0278
375 0.2544 0.0785 0.0784 0.2064 0.0318 0.0318 0.2068 0.0317 0.0319
39 0.1937 0.1084 0.1098 0.1087 0.0258 0.0258 0.1088 0.0258 0.0259
279 0.1431 0.0764 0.0763 0.0876 0.0234 0.0234 0.0876 0.0234 0.0234
192 0.1413 0.0829 0.0832 0.0795 0.0201 0.0201 0.0795 0.0202 0.0202
163 0.202 0.1016 0.1038 0.1214 0.0239 0.0239 0.1217 0.0242 0.0242
134 0.1653 0.086 0.0868 0.1002 0.022 0.0221 0.1001 0.022 0.0222
269 0.2398 0.1127 0.1127 0.1558 0.0284 0.0284 0.1557 0.0283 0.0283
385 0.1727 0.0881 0.0879 0.1112 0.025 0.025 0.1112 0.025 0.025
433 0.1807 0.1041 0.104 0.102 0.0251 0.0252 0.102 0.0252 0.025
221 0.1933 0.1173 0.1173 0.101 0.0263 0.0263 0.101 0.0262 0.0262
423 0.2881 0.1688 0.1696 0.1524 0.0367 0.0366 0.1522 0.0366 0.0369
414 0.2013 0.1257 0.1257 0.0982 0.0235 0.0236 0.0981 0.0235 0.0235
491 0.2251 0.134 0.134 0.1176 0.0258 0.0258 0.1167 0.0257 0.0258
144 0.2447 0.195 0.1975 0.0836 0.0322 0.0316 0.0838 0.032 0.0321
521 0.1593 0.084 0.0825 0.102 0.0263 0.0261 0.1019 0.0264 0.0264
240 0.1909 0.1173 0.1154 0.1021 0.0283 0.0283 0.1019 0.0282 0.0284
250 0.3055 0.0868 0.0868 0.2491 0.0302 0.0303 0.2479 0.0305 0.0304
67 0.2537 0.1609 0.1608 0.1191 0.0284 0.0283 0.1191 0.0283 0.0283
529 0.1497 0.0727 0.0727 0.1007 0.0241 0.0241 0.1007 0.0241 0.0241
48 0.1921 0.0872 0.0878 0.126 0.0233 0.0235 0.126 0.0233 0.0234
9 0.1418 0.0682 0.0682 0.0941 0.0207 0.0207 0.094 0.0207 0.0207
462 0.195 0.1092 0.1092 0.1163 0.0285 0.0285 0.1165 0.0285 0.0286
452 0.1796 0.1033 0.1032 0.1026 0.0262 0.0263 0.103 0.0263 0.0263
86 0.1634 0.1003 0.1004 0.0868 0.0254 0.0254 0.0868 0.0253 0.0254
19 0.2116 0.0783 0.0782 0.1594 0.0259 0.026 0.1582 0.0258 0.0261
395 0.2576 0.1296 0.1297 0.158 0.0297 0.0297 0.1581 0.0297 0.0296
288 0.2385 0.1188 0.1185 0.145 0.0254 0.0253 0.145 0.0253 0.0253
40 0.1624 0.0848 0.0848 0.1023 0.0256 0.0256 0.1023 0.0256 0.0257
317 0.1727 0.0983 0.0969 0.0983 0.0228 0.0228 0.0981 0.0228 0.0228
472 0.1911 0.0988 0.0993 0.1125 0.0217 0.0217 0.1116 0.0217 0.0217
346 0.1423 0.0676 0.0676 0.0952 0.021 0.021 0.0952 0.021 0.021
367 0.256 0.1486 0.1483 0.1198 0.0289 0.0288 0.1203 0.0289 0.0288
298 0.2723 0.1444 0.1477 0.1553 0.0296 0.0296 0.1554 0.0296 0.0297
76 0.1825 0.0923 0.0926 0.1166 0.0266 0.0266 0.1166 0.0266 0.0266
444 0.166 0.0826 0.0831 0.1052 0.0237 0.0238 0.1054 0.0238 0.0239
327 0.1676 0.0829 0.0829 0.1091 0.0229 0.0228 0.1084 0.0228 0.0229
174 0.2097 0.1133 0.1127 0.1226 0.0259 0.0259 0.1229 0.0259 0.026
155 0.1591 0.0805 0.0803 0.0997 0.0224 0.0224 0.0998 0.0224 0.0224
280 0.2036 0.0893 0.0892 0.1418 0.028 0.0281 0.1419 0.028 0.028
386 0.1782 0.078 0.078 0.1239 0.0236 0.0235 0.1238 0.0236 0.0238
357 0.2011 0.122 0.1224 0.1042 0.0266 0.0266 0.1042 0.0266 0.0266
404 0.1823 0.1009 0.1009 0.1134 0.0283 0.0285 0.1134 0.0284 0.0283
338 0.1793 0.0946 0.093 0.1118 0.0264 0.0264 0.1117 0.0264 0.0264
308 0.2316 0.12 0.12 0.1379 0.0259 0.0259 0.1381 0.0258 0.0259
116 0.232 0.0912 0.0915 0.1654 0.0249 0.0249 0.1654 0.025 0.0249
145 0.1523 0.0701 0.0701 0.1068 0.0244 0.0244 0.1068 0.0244 0.0244
29 0.158 0.0987 0.0987 0.0817 0.0231 0.0231 0.0817 0.0232 0.0231
193 0.1685 0.083 0.0831 0.1086 0.023 0.0231 0.1074 0.0231 0.023
203 0.1409 0.0777 0.0779 0.0866 0.0227 0.0227 0.0866 0.0227 0.0227
241 0.1603 0.0816 0.0816 0.1012 0.0234 0.0233 0.1012 0.0234 0.0234
96 0.1748 0.0935 0.0937 0.1117 0.0281 0.0281 0.1118 0.0281 0.0281
232 0.1807 0.0984 0.0981 0.1106 0.0278 0.0277 0.1106 0.0277 0.0278
105 0.2261 0.1264 0.129 0.1234 0.0248 0.0249 0.1235 0.0248 0.0248
270 0.1377 0.0741 0.0741 0.0856 0.0215 0.0215 0.0856 0.0214 0.0214
10 0.1804 0.1088 0.1084 0.095 0.0229 0.0228 0.0952 0.0229 0.0229
500 0.1885 0.1208 0.1207 0.0985 0.0299 0.0299 0.0985 0.0299 0.0298
289 0.1761 0.0926 0.0928 0.1016 0.0203 0.0203 0.103 0.0204 0.0204
58 0.2933 0.1517 0.152 0.1855 0.0484 0.0484 0.1854 0.0485 0.0481
492 0.1836 0.1256 0.1258 0.0795 0.026 0.026 0.0794 0.026 0.026
328 0.1704 0.0917 0.0918 0.1028 0.0248 0.0248 0.1028 0.0248 0.0248
222 0.208 0.0996 0.099 0.1304 0.0221 0.022 0.129 0.0222 0.0221
481 0.1792 0.0713 0.072 0.1322 0.0246 0.0246 0.1319 0.0246 0.0246
511 0.1532 0.0768 0.0763 0.1057 0.0288 0.0288 0.1057 0.0286 0.0291
396 0.288 0.1852 0.185 0.1333 0.0328 0.0328 0.1333 0.0328 0.0328
164 0.1807 0.0853 0.0852 0.1157 0.0244 0.0244 0.1158 0.0245 0.0243
434 0.1771 0.1003 0.1004 0.1009 0.0245 0.0245 0.1009 0.0245 0.0245
183 0.1911 0.1053 0.1043 0.1086 0.0252 0.0253 0.1086 0.0254 0.0252
68 0.1463 0.0828 0.0814 0.081 0.0201 0.0201 0.0812 0.0201 0.0201
463 0.1555 0.0857 0.0858 0.0987 0.0279 0.028 0.0985 0.0276 0.0278
530 0.2007 0.1142 0.1145 0.1204 0.0345 0.0346 0.1204 0.0347 0.0345
415 0.1566 0.0866 0.0865 0.0917 0.0222 0.0223 0.0916 0.0223 0.0223
117 0.1648 0.1004 0.1003 0.0858 0.0218 0.0218 0.0857 0.0218 0.0218
126 0.2929 0.1445 0.1454 0.1783 0.029 0.029 0.1787 0.0289 0.0288
212 0.1856 0.0976 0.0975 0.1143 0.0259 0.026 0.1146 0.0259 0.026
20 0.1998 0.0903 0.0902 0.1302 0.0224 0.0224 0.1304 0.0225 0.0224
135 0.1728 0.0952 0.0952 0.1032 0.0251 0.0251 0.1032 0.0252 0.0252
445 0.2696 0.1442 0.1436 0.1581 0.0322 0.0323 0.1582 0.0323 0.0323
501 0.1394 0.0852 0.0852 0.0787 0.0245 0.0246 0.0785 0.0246 0.0246
368 0.175 0.0973 0.0974 0.1003 0.0248 0.0248 0.1006 0.0248 0.0251
97 0.1885 0.108 0.108 0.1084 0.0264 0.0264 0.1085 0.0264 0.0264
299 0.1952 0.0937 0.0936 0.1258 0.0233 0.0233 0.1257 0.0233 0.0233
473 0.1957 0.082 0.0819 0.1431 0.0279 0.0279 0.1433 0.0279 0.0283
194 0.1979 0.1108 0.1112 0.1111 0.0247 0.0246 0.1112 0.0246 0.0247
146 0.2015 0.114 0.1139 0.1119 0.0253 0.0254 0.1119 0.0253 0.0253
424 0.1791 0.0854 0.0854 0.1162 0.0234 0.0233 0.1164 0.0233 0.0233
204 0.1735 0.104 0.104 0.0956 0.0275 0.0275 0.0956 0.0275 0.0274
30 0.2254 0.1254 0.1254 0.127 0.0274 0.0274 0.1269 0.0274 0.0274
87 0.1404 0.0737 0.074 0.0879 0.0216 0.0217 0.0879 0.0217 0.0216
290 0.1597 0.0983 0.0982 0.0823 0.0203 0.0203 0.0823 0.0203 0.0205
251 0.1653 0.1001 0.1 0.0908 0.0254 0.0254 0.0908 0.0254 0.0255
175 0.221 0.1212 0.1211 0.1295 0.0294 0.0296 0.1296 0.0296 0.0294
261 0.2215 0.1228 0.1232 0.1226 0.0262 0.0263 0.1227 0.0263 0.0263
522 0.1938 0.0867 0.0865 0.1282 0.0225 0.0225 0.1282 0.0225 0.0224
376 0.4105 0.2452 0.2753 0.1939 0.0431 0.0425 0.1997 0.0429 0.043
405 0.1958 0.1088 0.1087 0.1136 0.0241 0.0241 0.1136 0.0242 0.0241
156 0.1958 0.0755 0.0757 0.1437 0.0238 0.0238 0.1438 0.0239 0.0238
281 0.2561 0.1388 0.1388 0.1504 0.0362 0.0362 0.1488 0.0361 0.0362
387 0.1714 0.096 0.0957 0.0964 0.0227 0.0226 0.0967 0.0228 0.0226
318 0.2418 0.1198 0.1198 0.1504 0.0272 0.0272 0.1505 0.0272 0.0271
233 0.1691 0.0823 0.0824 0.1094 0.0234 0.0234 0.1096 0.0233 0.0234
77 0.2225 0.1271 0.1272 0.1237 0.0255 0.0256 0.1225 0.0256 0.0254
453 0.2102 0.1231 0.1232 0.1151 0.0278 0.028 0.1151 0.0277 0.0276
493 0.2708 0.1364 0.1358 0.1652 0.0277 0.0278 0.165 0.0277 0.0277
309 0.1613 0.099 0.0993 0.0911 0.0279 0.0278 0.0914 0.0279 0.028
271 0.1789 0.1121 0.112 0.0895 0.0239 0.0238 0.0894 0.0239 0.024
464 0.1527 0.0802 0.0801 0.0945 0.0225 0.0225 0.0945 0.0225 0.0224
347 0.1825 0.0879 0.088 0.1195 0.0234 0.0234 0.1189 0.0234 0.0233
127 0.1906 0.107 0.1061 0.1072 0.0265 0.0266 0.1072 0.0265 0.0265
59 0.3011 0.1837 0.1841 0.1805 0.0496 0.0498 0.1786 0.0492 0.0493
435 0.2215 0.1078 0.1078 0.1387 0.0285 0.0285 0.1387 0.0286 0.0286
242 0.183 0.1079 0.1079 0.0997 0.0255 0.0255 0.0997 0.0255 0.0255
482 0.1375 0.0802 0.0793 0.0797 0.0235 0.0234 0.0797 0.0234 0.0236
474 0.2155 0.1289 0.129 0.1054 0.0246 0.0246 0.1053 0.0246 0.0246
49 0.1587 0.0779 0.0778 0.1052 0.0262 0.0263 0.1059 0.0262 0.0263
339 0.268 0.1571 0.1572 0.1482 0.0362 0.036 0.1478 0.0366 0.0361
11 0.3297 0.1255 0.1256 0.2202 0.0334 0.0334 0.2172 0.034 0.0333
369 0.1888 0.1076 0.1075 0.1051 0.0231 0.0232 0.1042 0.0231 0.0231
397 0.1592 0.0883 0.0883 0.0936 0.0236 0.0236 0.0934 0.0235 0.0236
21 0.1735 0.0962 0.0963 0.0997 0.0226 0.0225 0.0997 0.0227 0.0225
184 0.1892 0.086 0.0857 0.1305 0.0232 0.0231 0.1283 0.0233 0.0234
106 0.1712 0.0826 0.0827 0.112 0.0244 0.0243 0.112 0.0243 0.0245
118 0.1969 0.1353 0.1363 0.0802 0.0253 0.0253 0.0805 0.0254 0.0254
147 0.1879 0.1135 0.1135 0.108 0.0342 0.0346 0.1086 0.0341 0.0348
88 0.2142 0.09 0.0913 0.1554 0.0279 0.0278 0.1547 0.0277 0.028
446 0.2134 0.1279 0.1279 0.1148 0.0311 0.0311 0.1144 0.0311 0.0312
136 0.2387 0.1165 0.1169 0.1502 0.0299 0.0299 0.1497 0.0299 0.0299
41 0.2168 0.1259 0.1258 0.1192 0.0289 0.0289 0.1193 0.0289 0.0288
213 0.209 0.1137 0.1137 0.1245 0.0299 0.0299 0.1244 0.0299 0.0299
425 0.1848 0.1119 0.1117 0.1008 0.0283 0.0283 0.1008 0.0283 0.0284
223 0.1635 0.1005 0.0993 0.0842 0.0209 0.0209 0.0842 0.0211 0.0209
69 0.1871 0.1022 0.102 0.1071 0.0227 0.0227 0.1068 0.0228 0.0227
512 0.1444 0.0893 0.0891 0.0778 0.0222 0.0222 0.0778 0.0222 0.0223
358 0.1979 0.1192 0.1186 0.1029 0.0238 0.0237 0.1033 0.0238 0.0237
98 0.1859 0.1038 0.1038 0.1071 0.025 0.025 0.1069 0.025 0.0251
329 0.1948 0.1005 0.1004 0.1212 0.0264 0.0264 0.1213 0.0265 0.0265
406 0.2452 0.1431 0.1418 0.1252 0.0314 0.0315 0.1252 0.0315 0.0314
185 0.1916 0.0996 0.1002 0.118 0.0276 0.0276 0.1181 0.0276 0.0276
416 0.181 0.1019 0.1019 0.107 0.0277 0.0277 0.1076 0.028 0.0277
502 0.2101 0.0993 0.1013 0.1401 0.028 0.0282 0.1388 0.0281 0.0282
195 0.1871 0.0894 0.0877 0.1223 0.0245 0.0245 0.1222 0.0245 0.0247
22 0.1556 0.0993 0.0989 0.0807 0.0226 0.0226 0.0808 0.0226 0.0226
262 0.1542 0.092 0.0919 0.0846 0.022 0.022 0.0846 0.022 0.0222
282 0.2107 0.1338 0.1339 0.0989 0.0232 0.0231 0.0989 0.0233 0.023
165 0.2288 0.1428 0.1409 0.1101 0.023 0.023 0.1095 0.023 0.023
157 0.1572 0.0917 0.0917 0.092 0.0266 0.0266 0.0918 0.0265 0.0266
300 0.2091 0.121 0.1233 0.1149 0.0267 0.0267 0.1152 0.0268 0.0267
176 0.2623 0.174 0.1538 0.1148 0.0271 0.0272 0.1142 0.0271 0.0272
531 0.2945 0.1456 0.1616 0.1719 0.0317 0.0315 0.1719 0.0317 0.0318
310 0.2225 0.1078 0.108 0.138 0.0239 0.0239 0.138 0.0239 0.0239
31 0.175 0.0856 0.0856 0.1152 0.0259 0.0259 0.1144 0.0259 0.026
252 0.1476 0.0871 0.0871 0.0826 0.022 0.022 0.0826 0.022 0.022
78 0.2082 0.1092 0.1095 0.1214 0.0247 0.0248 0.1217 0.0249 0.0248
388 0.1832 0.0975 0.0974 0.1203 0.0332 0.0332 0.12 0.0331 0.0332
398 0.2138 0.1039 0.1027 0.1348 0.0247 0.0247 0.1349 0.0247 0.0249
205 0.1815 0.093 0.0927 0.1161 0.0266 0.0265 0.1164 0.0267 0.0265
319 0.196 0.1192 0.1188 0.1013 0.0248 0.0248 0.1015 0.0251 0.025
107 0.1499 0.0729 0.0729 0.1051 0.0284 0.0284 0.1048 0.0284 0.0284
454 0.202 0.1002 0.1002 0.1259 0.023 0.023 0.126 0.0229 0.0229
377 0.2052 0.1304 0.1308 0.098 0.0244 0.0244 0.098 0.0245 0.0245
523 0.2093 0.1377 0.1371 0.0928 0.0229 0.0229 0.0928 0.0229 0.0229
291 0.1902 0.1021 0.1027 0.1138 0.0249 0.0251 0.1117 0.0249 0.0249
436 0.1705 0.0951 0.0961 0.0998 0.0254 0.0254 0.0999 0.0255 0.0255
128 0.1908 0.1182 0.1222 0.0977 0.0258 0.0258 0.0976 0.0258 0.0258
475 0.1988 0.1288 0.1289 0.0929 0.0238 0.0239 0.093 0.0239 0.0239
234 0.1925 0.131 0.1322 0.0861 0.0262 0.0263 0.086 0.0262 0.0263
272 0.2401 0.124 0.1236 0.1482 0.0336 0.0335 0.1436 0.0337 0.0346
532 0.2072 0.1143 0.1142 0.115 0.0262 0.027 0.1152 0.0262 0.0262
137 0.2652 0.1177 0.1161 0.1809 0.0317 0.031 0.181 0.0309 0.031
60 0.1614 0.0877 0.0877 0.0964 0.0223 0.0223 0.0959 0.0223 0.0225
263 0.1369 0.0847 0.0847 0.0725 0.0213 0.0213 0.0725 0.0214 0.0213
70 0.2452 0.1248 0.1246 0.1551 0.0329 0.0328 0.1541 0.0329 0.0328
503 0.186 0.1025 0.1023 0.1088 0.0257 0.0257 0.1089 0.0258 0.0259
214 0.2112 0.1023 0.1022 0.1368 0.028 0.0279 0.1362 0.0281 0.0279
483 0.2492 0.1103 0.1124 0.1672 0.029 0.029 0.1672 0.029 0.029
158 0.1625 0.0861 0.0864 0.1008 0.0232 0.0232 0.1008 0.0233 0.0233
12 0.1618 0.0926 0.0929 0.0976 0.0287 0.0288 0.0973 0.0287 0.0287
243 0.1717 0.1017 0.1015 0.0898 0.0227 0.0227 0.0897 0.0227 0.0227
301 0.2068 0.0997 0.0997 0.1311 0.028 0.028 0.1312 0.028 0.028
494 0.1328 0.0816 0.0816 0.0742 0.0236 0.0235 0.0742 0.0237 0.0235
359 0.2168 0.1313 0.1312 0.1146 0.0277 0.0277 0.1144 0.0277 0.0277
196 0.2055 0.1016 0.1017 0.1265 0.0238 0.0239 0.1266 0.0239 0.0239
32 0.2826 0.1619 0.1618 0.156 0.0341 0.0341 0.1556 0.0341 0.0343
513 0.2239 0.1149 0.1141 0.1412 0.0321 0.0323 0.1418 0.0321 0.0321
340 0.1828 0.0852 0.0853 0.1233 0.0254 0.0257 0.123 0.0254 0.0255
370 0.2731 0.1336 0.1338 0.1621 0.0245 0.0245 0.1589 0.0247 0.0245
407 0.2006 0.1103 0.1101 0.1151 0.0262 0.0262 0.1151 0.0261 0.0261
186 0.1909 0.0969 0.0969 0.123 0.0294 0.0295 0.1229 0.0293 0.0291
348 0.2538 0.1379 0.1354 0.1495 0.0302 0.0301 0.1487 0.0303 0.0302
330 0.1724 0.087 0.0869 0.1068 0.025 0.025 0.1076 0.025 0.0251
389 0.2461 0.1155 0.1156 0.1722 0.0378 0.0379 0.1699 0.0382 0.0378
177 0.1602 0.0749 0.0749 0.1084 0.0236 0.0236 0.1083 0.0236 0.0236
50 0.2295 0.1163 0.1169 0.1388 0.0249 0.0249 0.1361 0.0249 0.025
378 0.1756 0.0987 0.0996 0.1026 0.0252 0.0252 0.1024 0.0252 0.0252
79 0.2145 0.1048 0.1037 0.1328 0.0229 0.0229 0.13 0.0229 0.0228
320 0.2213 0.1065 0.1064 0.1411 0.0273 0.0274 0.1404 0.0273 0.0273
283 0.2141 0.0872 0.0873 0.149 0.0227 0.0227 0.1491 0.0227 0.0228
465 0.182 0.1007 0.1004 0.1066 0.0266 0.0266 0.1066 0.0266 0.0265
417 0.1806 0.0813 0.0814 0.1278 0.0283 0.0281 0.1278 0.0283 0.0284
89 0.4103 0.0885 0.089 0.3503 0.0298 0.0297 0.3506 0.0298 0.03
99 0.1666 0.0808 0.0809 0.1084 0.0235 0.0235 0.1082 0.0235 0.0234
23 0.1737 0.1105 0.1142 0.0889 0.0276 0.0277 0.0889 0.0276 0.0276
166 0.2392 0.1098 0.1098 0.1552 0.0288 0.029 0.1516 0.0288 0.0287
311 0.1788 0.111 0.1109 0.0918 0.0256 0.0257 0.0918 0.0256 0.0258
129 0.2389 0.127 0.1267 0.1438 0.0279 0.0279 0.1428 0.0279 0.0279
224 0.2491 0.1225 0.1225 0.1561 0.0302 0.0301 0.156 0.0302 0.0302
42 0.2497 0.1286 0.1285 0.1459 0.0298 0.03 0.1462 0.0298 0.0298
206 0.1436 0.0909 0.0909 0.0753 0.022 0.022 0.0753 0.0219 0.0219
197 0.1969 0.0941 0.0943 0.1326 0.0275 0.0275 0.1326 0.0276 0.0276
292 0.1571 0.09 0.0908 0.0944 0.0269 0.0271 0.0944 0.0272 0.0269
426 0.3221 0.1526 0.1489 0.2027 0.0373 0.0371 0.2004 0.0372 0.0369
476 0.1486 0.0886 0.0885 0.0812 0.0218 0.0219 0.0813 0.0219 0.0219
264 0.1576 0.0719 0.0719 0.1079 0.0231 0.0232 0.108 0.0231 0.0231
253 0.1815 0.107 0.1065 0.0963 0.0238 0.0237 0.0962 0.0238 0.0239
455 0.1585 0.1128 0.1129 0.0691 0.0233 0.0233 0.0692 0.0233 0.0235
484 0.2231 0.104 0.1052 0.1398 0.0222 0.0223 0.1399 0.0222 0.0223
119 0.1852 0.1281 0.129 0.1006 0.0343 0.0345 0.1005 0.0343 0.0341
148 0.1869 0.0956 0.0957 0.1147 0.0224 0.0224 0.1131 0.0224 0.0224
447 0.1953 0.1022 0.1023 0.1133 0.0237 0.0237 0.1141 0.0236 0.0239
138 0.1462 0.0701 0.0701 0.0991 0.0241 0.0241 0.0991 0.0241 0.0244
533 0.158 0.0806 0.0806 0.1009 0.0238 0.0238 0.1004 0.0241 0.0239
524 0.2184 0.1087 0.1089 0.1315 0.0252 0.0252 0.1314 0.0252 0.0252
130 0.1762 0.0833 0.0833 0.1161 0.021 0.021 0.1161 0.021 0.021
244 0.1901 0.1143 0.1148 0.104 0.028 0.028 0.104 0.0281 0.028
61 0.2024 0.1174 0.1181 0.1081 0.0257 0.0258 0.1084 0.0256 0.0257
504 0.1495 0.0886 0.0878 0.0845 0.0218 0.0218 0.0846 0.0218 0.0219
495 0.2469 0.1284 0.1281 0.1413 0.0268 0.0268 0.1397 0.0268 0.0267
235 0.3074 0.1938 0.1937 0.1487 0.0316 0.0317 0.1488 0.0316 0.0316
399 0.1572 0.0893 0.0894 0.0927 0.0237 0.0236 0.093 0.0237 0.0237
159 0.1294 0.0747 0.0747 0.0792 0.025 0.025 0.0793 0.0251 0.0251
273 0.1209 0.0674 0.0674 0.0762 0.0225 0.0226 0.0762 0.0225 0.0225
437 0.2464 0.1395 0.1396 0.14 0.0321 0.032 0.1392 0.032 0.0323
331 0.1997 0.1106 0.1106 0.1119 0.0254 0.0254 0.1119 0.0254 0.0255
312 0.2406 0.1059 0.1058 0.1677 0.0322 0.0322 0.1674 0.0322 0.0322
302 0.1726 0.0898 0.0904 0.1096 0.0281 0.0281 0.1095 0.0281 0.028
187 0.2725 0.112 0.1126 0.1913 0.0298 0.0299 0.1913 0.0298 0.0298
71 0.2116 0.1064 0.1065 0.13 0.0238 0.0238 0.1299 0.0238 0.024
178 0.163 0.0992 0.0993 0.086 0.0223 0.0225 0.0861 0.0223 0.0224
33 0.2 0.1064 0.1063 0.1151 0.0231 0.0231 0.1133 0.0232 0.0232
514 0.2066 0.1209 0.1248 0.1113 0.0247 0.0246 0.1108 0.0247 0.0248
43 0.179 0.0874 0.0874 0.1139 0.0209 0.021 0.1138 0.021 0.021
371 0.1971 0.0945 0.0944 0.1272 0.0244 0.0244 0.1289 0.0244 0.0243
408 0.1948 0.0957 0.0957 0.1193 0.0247 0.0247 0.1192 0.0247 0.0248
215 0.1807 0.085 0.0846 0.1214 0.0284 0.0283 0.1214 0.0284 0.0285
379 0.1869 0.1052 0.1052 0.1066 0.0253 0.0253 0.1065 0.0253 0.0253
349 0.1641 0.0835 0.0835 0.1035 0.0239 0.0239 0.103 0.0239 0.0239
418 0.1788 0.0916 0.0917 0.112 0.0263 0.0263 0.1117 0.0263 0.0263
390 0.2032 0.1026 0.1025 0.1214 0.0233 0.0233 0.1215 0.0233 0.0233
207 0.1813 0.0936 0.0944 0.1122 0.025 0.025 0.1122 0.0249 0.025
62 0.1499 0.0753 0.0753 0.0962 0.0229 0.0229 0.0966 0.023 0.0229
284 0.224 0.1262 0.1261 0.1225 0.0233 0.0233 0.1229 0.0233 0.0234
13 0.1426 0.0804 0.0803 0.083 0.0207 0.0207 0.083 0.0207 0.0208
360 0.1911 0.0977 0.0985 0.1146 0.0228 0.0228 0.114 0.0228 0.0229
100 0.1661 0.1017 0.1017 0.0878 0.0235 0.0234 0.0879 0.0235 0.0234
160 0.1714 0.0878 0.0877 0.1028 0.021 0.021 0.1029 0.0209 0.0209
131 0.1608 0.0796 0.0796 0.105 0.0247 0.0247 0.1023 0.0247 0.0247
466 0.1938 0.1093 0.1091 0.1093 0.0258 0.0258 0.1094 0.0257 0.0258
321 0.171 0.0919 0.0919 0.1 0.0196 0.0195 0.1002 0.0196 0.0196
534 0.2145 0.1316 0.1296 0.1071 0.0257 0.0256 0.1071 0.0257 0.0257
51 0.2007 0.118 0.118 0.1048 0.0238 0.0238 0.1048 0.024 0.0241
236 0.1445 0.0858 0.0858 0.086 0.0265 0.0265 0.0857 0.0265 0.0265
108 0.1971 0.1047 0.1047 0.1237 0.032 0.0319 0.1236 0.032 0.0319
505 0.1394 0.0811 0.081 0.0799 0.0231 0.0231 0.08 0.0231 0.0231
167 0.234 0.1473 0.1474 0.1146 0.0261 0.026 0.1147 0.0261 0.0261
225 0.1451 0.0835 0.0836 0.0853 0.0248 0.0248 0.0851 0.0249 0.0248
265 0.1503 0.0789 0.079 0.0947 0.0236 0.0236 0.0949 0.0236 0.0236
303 0.157 0.0843 0.0848 0.0956 0.0247 0.0247 0.0957 0.0247 0.0246
293 0.1923 0.0874 0.0873 0.1249 0.0216 0.0216 0.1249 0.0216 0.0217
120 0.1563 0.0873 0.0872 0.094 0.0232 0.0232 0.0938 0.0232 0.0232
456 0.2267 0.1105 0.1106 0.1457 0.0288 0.0288 0.1456 0.029 0.0291
341 0.2028 0.1063 0.1061 0.1307 0.0335 0.0334 0.131 0.0336 0.0333
80 0.1732 0.0984 0.0982 0.0997 0.0255 0.0255 0.0996 0.0255 0.0254
254 0.1932 0.1034 0.1034 0.115 0.0228 0.0228 0.115 0.0227 0.023
24 0.2273 0.1328 0.1328 0.1171 0.0226 0.0226 0.1172 0.0226 0.0226
515 0.1837 0.1091 0.1103 0.0992 0.0263 0.0264 0.0996 0.0264 0.0263
427 0.202 0.0881 0.0884 0.1396 0.0249 0.0248 0.1396 0.0248 0.0247
168 0.1552 0.0868 0.0873 0.0941 0.0254 0.0254 0.0941 0.0254 0.0254
90 0.4385 0.1142 0.1142 0.3768 0.0342 0.0341 0.3701 0.0339 0.0347
139 0.1688 0.0949 0.0949 0.0987 0.0262 0.0261 0.0987 0.0261 0.0261
14 0.1719 0.0899 0.0896 0.1089 0.0266 0.0267 0.109 0.0269 0.0267
525 0.2057 0.1292 0.1291 0.1032 0.0258 0.0258 0.1023 0.0259 0.0258
198 0.1594 0.0907 0.0906 0.0923 0.0235 0.0235 0.0929 0.0235 0.0234
372 0.1861 0.0963 0.0961 0.1077 0.0236 0.0236 0.1075 0.0237 0.0237
216 0.1677 0.0837 0.0837 0.1095 0.0262 0.0263 0.1095 0.0263 0.0263
409 0.1881 0.1156 0.1156 0.0983 0.0265 0.0265 0.0984 0.0265 0.0265
361 0.1997 0.1171 0.1162 0.1044 0.026 0.0261 0.1046 0.0261 0.0261
485 0.2027 0.1116 0.1115 0.1235 0.0322 0.0322 0.1238 0.0326 0.0326
496 0.171 0.0959 0.0957 0.099 0.024 0.024 0.0992 0.024 0.0242
179 0.1455 0.0795 0.08 0.0915 0.0248 0.0248 0.0916 0.0248 0.0248
438 0.1727 0.0947 0.0947 0.0982 0.021 0.021 0.0982 0.021 0.021
391 0.294 0.1366 0.1382 0.1844 0.0271 0.0271 0.1844 0.0271 0.0271
380 0.1827 0.0901 0.0904 0.1178 0.0276 0.0277 0.1178 0.0276 0.0277
274 0.1928 0.0984 0.0977 0.1205 0.0254 0.0255 0.1203 0.0254 0.0255
109 0.1894 0.106 0.1061 0.1072 0.0244 0.0244 0.1072 0.0244 0.0244
208 0.2148 0.0916 0.0916 0.1477 0.0249 0.0249 0.1479 0.025 0.0251
477 0.1648 0.0885 0.0885 0.096 0.0223 0.0223 0.0954 0.0223 0.0223
245 0.2244 0.0806 0.0805 0.1732 0.0291 0.0291 0.1731 0.0294 0.0291
332 0.1765 0.0955 0.095 0.0995 0.0217 0.0217 0.0999 0.0217 0.0218
400 0.2522 0.1322 0.1323 0.1567 0.0336 0.034 0.1569 0.034 0.0338
149 0.152 0.0827 0.0826 0.0926 0.0244 0.0244 0.0926 0.0244 0.0244
72 0.136 0.076 0.0759 0.0829 0.0229 0.0229 0.0829 0.0229 0.0229
448 0.1815 0.0884 0.0886 0.1169 0.0224 0.0223 0.1175 0.0224 0.0223
313 0.1982 0.0913 0.0913 0.13 0.0239 0.0238 0.1299 0.0238 0.0238
373 0.2479 0.1505 0.1505 0.1269 0.0283 0.0283 0.1269 0.0283 0.0284
304 0.1862 0.0996 0.0985 0.1092 0.0239 0.0239 0.1089 0.0239 0.0239
294 0.1841 0.0925 0.0925 0.1173 0.0264 0.0266 0.1171 0.0266 0.0266
132 0.1889 0.118 0.1177 0.0957 0.0252 0.0253 0.0959 0.0253 0.0252
516 0.2004 0.1022 0.1018 0.1249 0.0261 0.0261 0.1248 0.0262 0.0262
121 0.224 0.0976 0.0973 0.1576 0.0279 0.0279 0.1462 0.028 0.0283
342 0.1729 0.0974 0.0982 0.0967 0.0219 0.022 0.0967 0.0219 0.0221
188 0.2562 0.0957 0.0956 0.187 0.0268 0.0267 0.187 0.0267 0.0266
91 0.2011 0.1042 0.1043 0.1222 0.0263 0.0264 0.121 0.0263 0.0263
44 0.1926 0.11 0.11 0.1087 0.0258 0.0259 0.1079 0.0258 0.0259
101 0.2024 0.0954 0.0951 0.1282 0.0231 0.0231 0.1285 0.0231 0.0233
419 0.2078 0.1357 0.1357 0.0945 0.0236 0.0235 0.0946 0.0235 0.0235
237 0.1595 0.0723 0.0722 0.1108 0.0236 0.0236 0.111 0.0236 0.0236
350 0.2094 0.0911 0.091 0.1491 0.0284 0.0284 0.1492 0.0284 0.0284
169 0.1872 0.0864 0.0862 0.1238 0.0231 0.0231 0.1231 0.0231 0.0231
199 0.2335 0.1113 0.1116 0.158 0.0334 0.0334 0.1582 0.0334 0.0336
285 0.2258 0.1445 0.1445 0.1097 0.0291 0.0292 0.1095 0.0291 0.029
486 0.1837 0.1092 0.109 0.1059 0.0272 0.0272 0.1059 0.0273 0.0272
526 0.1729 0.1083 0.1078 0.0877 0.0243 0.0244 0.0879 0.0242 0.0242
322 0.2488 0.1132 0.1126 0.1661 0.0324 0.0324 0.166 0.0322 0.0322
362 0.1665 0.0723 0.0724 0.1172 0.0231 0.0231 0.117 0.0232 0.0231
457 0.2317 0.1008 0.101 0.1668 0.0399 0.0391 0.1683 0.041 0.0405
497 0.2286 0.1397 0.1423 0.1141 0.0265 0.0265 0.1142 0.0264 0.0266
266 0.2197 0.1475 0.1475 0.0976 0.0263 0.0262 0.0985 0.0263 0.0261
140 0.1749 0.1071 0.1075 0.0929 0.0259 0.0259 0.0929 0.0259 0.0259
467 0.2596 0.1659 0.166 0.1255 0.0309 0.0309 0.1253 0.0309 0.0315
305 0.1989 0.1033 0.1032 0.1217 0.0278 0.0277 0.1217 0.0278 0.0278
506 0.1916 0.117 0.117 0.0978 0.0222 0.0223 0.0977 0.0223 0.0222
381 0.1736 0.1086 0.1085 0.0853 0.0215 0.0218 0.0854 0.0217 0.0219
110 0.2068 0.1249 0.1266 0.1078 0.0255 0.0255 0.1071 0.0257 0.0255
392 0.1466 0.076 0.076 0.092 0.0227 0.0227 0.0917 0.0227 0.0227
52 0.193 0.1253 0.1235 0.0927 0.0269 0.0268 0.0927 0.0269 0.0268
15 0.2121 0.1009 0.1011 0.1211 0.0231 0.0233 0.1212 0.0233 0.0233
478 0.2109 0.1054 0.1052 0.1302 0.0233 0.0232 0.1265 0.0233 0.0231
217 0.1829 0.0826 0.0826 0.1222 0.0231 0.023 0.1223 0.023 0.0232
81 0.1661 0.0868 0.0866 0.1036 0.026 0.026 0.1037 0.026 0.0259
255 0.212 0.105 0.1049 0.1291 0.0242 0.0242 0.1295 0.0242 0.0243
275 0.3452 0.1189 0.1189 0.271 0.0481 0.0481 0.2646 0.0481 0.0481
122 0.1441 0.0799 0.0799 0.086 0.0223 0.0224 0.0862 0.0224 0.0223
25 0.1899 0.0918 0.0917 0.1215 0.0252 0.0252 0.1215 0.0253 0.0252
63 0.2024 0.101 0.101 0.1278 0.0262 0.0262 0.1279 0.0262 0.0262
333 0.1452 0.0697 0.0697 0.0972 0.0209 0.0211 0.0973 0.0209 0.021
209 0.158 0.094 0.0941 0.085 0.0212 0.0212 0.085 0.0212 0.0212
535 0.4061 0.204 0.2042 0.2531 0.0425 0.0425 0.2506 0.0425 0.0426
246 0.1595 0.0835 0.0834 0.0961 0.0207 0.0207 0.0956 0.0207 0.0208
286 0.1984 0.1173 0.1173 0.1058 0.0261 0.0261 0.106 0.0262 0.0261
428 0.1719 0.0898 0.0916 0.1064 0.0235 0.0235 0.1064 0.0235 0.0235
410 0.2377 0.1097 0.1094 0.1514 0.0232 0.0233 0.1514 0.0233 0.0233
150 0.2056 0.1269 0.1299 0.0987 0.0233 0.0233 0.0988 0.0233 0.0233
449 0.2338 0.1336 0.1331 0.1324 0.0288 0.0288 0.1323 0.0287 0.0288
439 0.1744 0.0949 0.0951 0.1049 0.0264 0.0264 0.105 0.0264 0.0264
189 0.1351 0.0658 0.0658 0.0915 0.0226 0.0226 0.0914 0.0226 0.0226
102 0.1647 0.0989 0.0988 0.0921 0.0257 0.0257 0.0923 0.0257 0.0257
180 0.2172 0.1103 0.11 0.1367 0.0316 0.0317 0.1366 0.0316 0.0316
314 0.1728 0.1023 0.1035 0.0954 0.0253 0.0253 0.0955 0.0252 0.0252
226 0.2344 0.1276 0.1267 0.138 0.0297 0.0296 0.1376 0.0297 0.0296
73 0.1678 0.0951 0.0952 0.0952 0.0248 0.0248 0.0953 0.0248 0.0247
517 0.2079 0.1059 0.1059 0.1332 0.0295 0.0296 0.1332 0.0295 0.0297
170 0.154 0.0833 0.0832 0.0975 0.0258 0.0259 0.0976 0.0259 0.0259
401 0.1833 0.0936 0.0935 0.1193 0.0289 0.0289 0.1188 0.0289 0.0289
458 0.2745 0.1339 0.1341 0.1732 0.029 0.0291 0.17 0.029 0.029
351 0.1661 0.0736 0.0735 0.1141 0.023 0.023 0.1141 0.0232 0.023
161 0.1712 0.0861 0.0869 0.1131 0.028 0.0281 0.1126 0.0279 0.0279
238 0.179 0.0877 0.0876 0.1138 0.0234 0.0235 0.1138 0.0235 0.0235
34 0.2234 0.128 0.1263 0.1293 0.0282 0.0283 0.1261 0.0286 0.0282
276 0.1932 0.1087 0.1087 0.1044 0.0215 0.0215 0.1044 0.0215 0.0215
92 0.207 0.1127 0.1117 0.1197 0.0261 0.0264 0.1191 0.0264 0.0262
323 0.1351 0.0702 0.0702 0.0838 0.0206 0.0206 0.0839 0.0206 0.0206
382 0.1916 0.1048 0.105 0.1118 0.0253 0.0252 0.1118 0.0253 0.0253
527 0.3309 0.2158 0.2151 0.1441 0.0308 0.0308 0.1417 0.0308 0.0308
45 0.1725 0.1004 0.1005 0.0957 0.0238 0.0235 0.0957 0.0235 0.0234
343 0.2374 0.1255 0.1249 0.1395 0.0307 0.0307 0.1392 0.0308 0.0307
420 0.1841 0.1101 0.1099 0.0993 0.0271 0.0273 0.0992 0.0271 0.0271
218 0.1734 0.0944 0.0944 0.1058 0.026 0.0264 0.1064 0.026 0.0261
123 0.2151 0.1092 0.1093 0.1297 0.0275 0.0275 0.1277 0.0275 0.0277
468 0.2108 0.1313 0.1311 0.1028 0.0256 0.0257 0.103 0.0256 0.0257
429 0.1646 0.0761 0.0761 0.1141 0.0269 0.0269 0.114 0.0269 0.0269
247 0.2141 0.0957 0.0957 0.1414 0.0259 0.0259 0.1411 0.0259 0.026
267 0.1964 0.1089 0.1085 0.1128 0.0248 0.0248 0.1128 0.0248 0.0248
200 0.1467 0.088 0.0891 0.0796 0.02 0.02 0.0795 0.02 0.02
295 0.1649 0.0835 0.0834 0.1047 0.0243 0.0243 0.1044 0.0243 0.0243
277 0.2094 0.0969 0.0969 0.1454 0.0321 0.0322 0.1453 0.0322 0.0321
111 0.1635 0.1007 0.1007 0.0847 0.0251 0.0252 0.0847 0.0252 0.0251
16 0.1745 0.0859 0.0859 0.1149 0.0254 0.0254 0.1148 0.0256 0.0254
64 0.1589 0.0927 0.0932 0.0861 0.0208 0.021 0.0862 0.0209 0.021
306 0.192 0.1071 0.1076 0.1131 0.027 0.0271 0.1131 0.0269 0.0271
53 0.179 0.1016 0.1029 0.1039 0.0282 0.0282 0.1039 0.0282 0.0282
402 0.1578 0.0914 0.0913 0.0906 0.0249 0.0249 0.0908 0.0249 0.025
151 0.1898 0.1129 0.1126 0.1026 0.0259 0.0259 0.1026 0.0259 0.0259
141 0.1665 0.0867 0.0867 0.1013 0.0214 0.0214 0.1016 0.0214 0.0214
93 0.1833 0.1061 0.1054 0.109 0.0273 0.0274 0.1088 0.0275 0.0276
536 0.1959 0.1051 0.1051 0.1148 0.0241 0.0242 0.1148 0.0241 0.0241
487 0.2032 0.0941 0.0947 0.1339 0.0246 0.0246 0.134 0.0246 0.0247
334 0.1881 0.1134 0.1112 0.1004 0.0234 0.0234 0.1004 0.0235 0.0235
383 0.162 0.0899 0.09 0.0977 0.0259 0.0258 0.0977 0.0258 0.0258
498 0.2249 0.1353 0.1353 0.1143 0.0284 0.0284 0.1143 0.0283 0.0283
352 0.1819 0.1021 0.1021 0.1015 0.0258 0.0259 0.1015 0.0258 0.0259
450 0.2108 0.1028 0.1027 0.1402 0.0301 0.0302 0.1395 0.0301 0.0301
479 0.1395 0.0812 0.0818 0.0786 0.0205 0.0205 0.0783 0.0205 0.0205
363 0.1846 0.1049 0.1046 0.0941 0.0234 0.0233 0.0942 0.0233 0.0234
507 0.2316 0.1115 0.1115 0.1483 0.0267 0.0269 0.1442 0.0268 0.0267
459 0.1906 0.0986 0.0986 0.1185 0.0261 0.0262 0.1185 0.0261 0.0263
411 0.1614 0.0812 0.0812 0.1025 0.0232 0.0234 0.1023 0.0233 0.0233
430 0.1712 0.0971 0.0981 0.0987 0.0252 0.0252 0.0988 0.0254 0.0252
82 0.1587 0.0721 0.0722 0.1089 0.0242 0.0241 0.1093 0.0241 0.0241
112 0.2207 0.1108 0.111 0.1354 0.0261 0.0261 0.1348 0.0263 0.0262
256 0.1676 0.0792 0.0792 0.1093 0.023 0.023 0.1093 0.023 0.023
324 0.1442 0.081 0.081 0.0847 0.0215 0.0215 0.0848 0.0215 0.0215
440 0.2224 0.1114 0.1111 0.1495 0.0305 0.0303 0.1465 0.0304 0.0307
103 0.1816 0.1188 0.1189 0.0885 0.0245 0.0247 0.0885 0.0245 0.0245
26 0.2419 0.1088 0.1087 0.1612 0.0297 0.0297 0.1611 0.0297 0.0297
315 0.1795 0.094 0.0941 0.1134 0.028 0.0279 0.1136 0.0279 0.0279
248 0.1977 0.1168 0.1168 0.1093 0.0242 0.0242 0.1086 0.0242 0.0242
171 0.1854 0.1041 0.1042 0.1044 0.0244 0.0244 0.1044 0.0244 0.0244
152 0.1571 0.1075 0.1074 0.0691 0.0203 0.0203 0.0691 0.0203 0.0203
190 0.1939 0.1213 0.1211 0.0958 0.0228 0.0228 0.0958 0.023 0.0228
219 0.1552 0.0983 0.098 0.0777 0.023 0.023 0.0777 0.023 0.023
74 0.198 0.1279 0.1303 0.1023 0.0239 0.024 0.1004 0.0239 0.0239
46 0.2606 0.1503 0.1503 0.1402 0.0269 0.027 0.1402 0.027 0.0269
35 0.1406 0.0793 0.0791 0.0841 0.0216 0.0216 0.0841 0.0216 0.0216
469 0.2518 0.098 0.0979 0.1783 0.0254 0.0255 0.1769 0.0254 0.0254
518 0.2361 0.0961 0.0985 0.1699 0.0341 0.034 0.1699 0.0342 0.034
421 0.2002 0.1118 0.1101 0.1108 0.0262 0.0262 0.1108 0.0261 0.0264
227 0.1715 0.1018 0.1016 0.0926 0.0262 0.0261 0.0926 0.0265 0.0261
54 0.1773 0.1055 0.1055 0.0951 0.0231 0.0232 0.0952 0.0231 0.0233
94 0.1661 0.0992 0.0992 0.0919 0.0244 0.0244 0.0919 0.0244 0.0244
344 0.1843 0.0921 0.0926 0.1181 0.0259 0.0259 0.1183 0.0261 0.0262
65 0.2171 0.1198 0.1199 0.1206 0.022 0.0221 0.1205 0.022 0.022
460 0.1729 0.0673 0.0676 0.1276 0.0231 0.0231 0.1272 0.0232 0.0231
537 0.2194 0.1154 0.1154 0.1297 0.0244 0.0246 0.128 0.0243 0.0246
508 0.1589 0.0984 0.0984 0.0861 0.0236 0.0236 0.086 0.0237 0.0236
17 0.2325 0.121 0.1208 0.1397 0.0297 0.0297 0.1396 0.0294 0.0294
36 0.1653 0.0925 0.0917 0.104 0.0284 0.0285 0.1033 0.0284 0.0285
325 0.1839 0.1015 0.1015 0.1107 0.0288 0.0288 0.1106 0.0288 0.0288
431 0.258 0.1466 0.1472 0.1355 0.0294 0.0294 0.1356 0.0294 0.0296
364 0.1924 0.0993 0.0993 0.1183 0.0264 0.0267 0.1172 0.0267 0.0263
412 0.1945 0.1038 0.1041 0.1152 0.0255 0.0255 0.1149 0.0255 0.0255
353 0.2059 0.1115 0.1107 0.1161 0.0234 0.0234 0.1159 0.0234 0.0235
441 0.1725 0.0861 0.0866 0.1107 0.027 0.0271 0.1106 0.027 0.027
228 0.2352 0.1028 0.1027 0.1602 0.0287 0.0287 0.1594 0.029 0.0288
488 0.241 0.1189 0.1182 0.1458 0.0285 0.0285 0.1461 0.0285 0.0285
470 0.1955 0.0877 0.0881 0.1329 0.0246 0.0246 0.1325 0.0248 0.0247
335 0.2202 0.0954 0.0954 0.1459 0.0237 0.0238 0.1453 0.0238 0.0236
296 0.1812 0.0951 0.0949 0.1099 0.0252 0.0253 0.1094 0.0252 0.0253
257 0.1554 0.0901 0.0881 0.0906 0.0239 0.0239 0.0905 0.0239 0.0239
142 0.2032 0.1059 0.106 0.1223 0.0255 0.0255 0.1223 0.0256 0.0255
113 0.2018 0.1129 0.1122 0.1185 0.0292 0.0292 0.1185 0.0292 0.0292
55 0.207 0.1237 0.1243 0.109 0.0255 0.0255 0.1092 0.0255 0.0255
229 0.2415 0.1054 0.1058 0.1631 0.0296 0.0296 0.1631 0.0297 0.0297
354 0.1977 0.1054 0.104 0.1203 0.026 0.0261 0.1203 0.026 0.0261
83 0.2016 0.1259 0.1246 0.0999 0.0259 0.0259 0.0999 0.0259 0.026
258 0.183 0.0781 0.0781 0.1256 0.0233 0.0234 0.1254 0.0233 0.0232
489 0.1623 0.1021 0.1017 0.0821 0.023 0.023 0.0819 0.0229 0.023
84 0.1753 0.0825 0.0827 0.1133 0.0213 0.0213 0.1132 0.0213 0.0213
