"x"
"1" "Generate from t distribution. Repeat 530 times. The variance of residual is 0.25"
"x"
"1" "== degree of freedom:  2 =="
56 2.9741 2.1019 2.1022 2.6887 1.8173 1.8176 2.6887 1.8181 1.8171
201 3.5634 2.8221 2.823 2.9728 2.2301 2.2292 2.9729 2.23 2.2317
461 4.3883 3.5855 3.586 3.7471 2.915 2.9151 3.747 2.9148 2.9166
268 6.7428 5.8166 5.8129 5.4796 4.542 4.5403 5.4799 4.5421 4.5397
355 4.1866 3.0607 3.0722 3.3462 2.2086 2.211 3.3439 2.2095 2.2083
442 3.7405 3.1851 3.1866 3.1467 2.5563 2.5569 3.1467 2.5566 2.5568
471 4.3153 2.5901 2.5952 3.5483 1.8541 1.8561 3.5483 1.854 1.8563
37 47.6936 44.9392 44.9339 34.1117 32.4073 32.4136 34.0079 32.4099 32.4074
85 4.5507 3.268 3.2672 3.9154 2.6448 2.645 3.9144 2.6421 2.6405
210 5.0235 3.2912 3.2757 3.9425 2.2264 2.2233 3.9422 2.226 2.2184
365 4.7484 4.0247 4.025 3.7818 3.0529 3.0414 3.7817 3.0473 3.0525
393 5.9605 4.174 4.1747 4.2817 2.5001 2.5043 4.2817 2.5001 2.5026
104 5.6379 4.8005 4.8001 4.0616 3.2128 3.1842 4.0615 3.2175 3.1806
326 8.9693 5.0842 5.0846 7.9171 4.0771 4.0754 7.919 4.0774 4.069
413 5.7719 4.2996 4.2928 4.4439 2.9815 2.9837 4.4456 2.9804 2.9821
356 7.8115 4.8581 4.8579 6.5056 3.5478 3.5477 6.5038 3.5476 3.5493
124 6.1237 4.3178 4.3149 4.8791 3.0674 3.0648 4.8788 3.0667 3.066
249 5.4735 4.6351 4.6344 3.2781 2.4418 2.4439 3.2785 2.431 2.4354
345 15.8929 12.175 12.1518 10.8675 7.1067 7.1087 10.8681 6.9962 7.1004
499 3.1934 2.4274 2.4272 2.5622 1.8055 1.8053 2.5618 1.8055 1.8042
278 11.5565 7.9879 7.982 9.0752 5.542 5.54 9.0744 5.5453 5.5452
27 6.8138 5.397 5.3971 4.9604 3.5627 3.5621 4.9622 3.5556 3.5577
259 13.9267 12.8423 12.8187 9.0454 7.215 7.1831 9.033 7.2143 7.1697
230 7.3076 6.3779 6.3327 6.2885 5.3544 5.2526 6.2886 5.3565 5.2569
384 2.9067 2.251 2.2544 2.3774 1.7258 1.7346 2.369 1.7183 1.7221
509 9.2295 7.3873 7.4009 8.4548 6.6334 6.6492 8.4545 6.6351 6.6241
480 8.1267 6.3355 6.3134 5.5183 3.6299 3.6349 5.5183 3.6313 3.6212
451 6.5998 5.4216 5.4296 5.1934 3.9975 3.9968 5.1937 3.997 4.0045
202 8.5792 7.6779 7.647 6.0212 5.0104 5.0106 5.8916 5.0148 4.8949
432 4.52 2.9211 2.92 3.6881 2.1211 2.1222 3.6873 2.1246 2.1264
8 3.4965 2.1314 2.1357 3.1369 1.7789 1.7821 3.1325 1.7792 1.7767
220 5.1979 3.5413 3.5437 4.3669 2.7005 2.7014 4.3667 2.7004 2.6977
269 4.1209 3.0312 3.0321 3.3249 2.2248 2.2233 3.3245 2.2253 2.2306
57 5.3664 4.3268 4.32 3.8939 2.8 2.8013 3.8955 2.8008 2.7684
528 11.4279 7.9985 7.9825 9.649 6.2136 6.2155 9.6435 6.1956 6.2088
143 7.3019 6.3297 6.3238 5.2679 4.304 4.2873 5.2671 4.2909 4.3013
297 2.7994 2.1854 2.1862 2.3508 1.7735 1.7755 2.3468 1.7735 1.7773
66 6.9698 5.7021 5.6923 5.2824 3.9712 3.9661 5.3017 3.9738 3.9674
133 5.9455 3.8274 3.8238 5.1158 2.9859 2.9998 5.1131 2.9857 2.9728
462 4.6582 3.634 3.6382 3.5646 2.5513 2.5505 3.5648 2.5512 2.5496
172 7.8234 6.7334 6.7279 5.53 4.4275 4.4208 5.5077 4.4254 4.4165
239 4.6497 3.4819 3.5127 3.5094 2.3265 2.3333 3.504 2.3215 2.3597
95 20.1311 18.3654 17.948 9.1386 7.109 6.4656 9.1375 6.9341 6.4681
191 5.4103 4.7284 4.6869 3.7458 3.1154 3.1144 3.7466 3.1148 3.0895
125 3.6005 2.7616 2.7627 2.8183 1.9886 1.9883 2.8182 1.9886 1.9877
75 4.2285 3.294 3.2914 3.3154 2.398 2.3928 3.3142 2.3962 2.3913
519 4.9285 3.5517 3.5684 4.2366 2.8398 2.8403 4.2374 2.8399 2.8432
181 16.7053 10.7687 10.6185 13.2171 7.0908 7.0583 13.2169 7.0878 6.9195
500 4.1619 3.4336 3.4319 2.6535 1.9063 1.9031 2.6537 1.9064 1.9061
270 5.4334 3.5885 3.5899 4.6257 2.8067 2.8118 4.6257 2.8067 2.8116
394 5.1761 4.1025 4.1046 4.0807 3.0386 3.0388 4.0807 3.0388 3.0382
86 7.7695 5.5066 5.5054 6.2552 3.8821 3.8798 6.2333 3.8566 3.8648
422 7.6574 6.2933 6.2828 6.0749 4.5952 4.6127 6.0756 4.5949 4.5563
357 5.4604 4.3455 4.3349 3.5405 2.3946 2.3949 3.5404 2.3952 2.3873
307 13.1807 7.3299 7.332 10.2636 4.3997 4.3923 10.2637 4.3992 4.3845
346 4.8 3.4857 3.4867 3.6004 2.2842 2.2832 3.6004 2.3008 2.2849
374 6.4977 3.8733 3.8747 5.8106 3.1513 3.154 5.8106 3.151 3.1831
58 3.5301 2.8856 2.8857 2.9196 2.2751 2.2744 2.919 2.2751 2.2746
38 7.066 3.6865 3.6859 6.4238 3.0869 3.0883 6.4239 3.0806 3.0745
221 18.5016 17.0786 17.1287 16.9036 15.5265 15.513 16.9034 15.5303 15.5182
203 4.5073 3.2663 3.273 3.8003 2.5553 2.5629 3.8001 2.5606 2.5657
336 8.0436 6.2056 6.1788 5.9893 4.1688 4.1302 5.9893 4.1688 4.1403
162 4.0142 3.2276 3.22 3.1216 2.264 2.2635 3.1216 2.2535 2.2592
231 7.441 6.2314 6.2256 4.4547 3.1015 3.1015 4.4546 3.1018 3.0979
114 23.5087 15.0347 14.4572 16.0039 7.4502 7.3709 16.0032 7.4502 7.5028
443 4.0419 2.8695 2.8713 3.4812 2.2987 2.3042 3.4815 2.2894 2.2989
403 19.321 7.5742 7.5537 17.4138 5.8176 5.7999 17.2172 5.8106 5.8005
472 6.3563 3.7183 3.7211 5.4248 2.7621 2.7639 5.4278 2.7611 2.7602
153 15.7661 11.11 11.0808 8.296 4.1949 4.1943 8.2964 4.1847 4.2004
250 5.362 4.6801 4.6781 4.7364 4.0313 4.0363 4.7401 4.0305 4.019
47 11.4441 5.2687 5.2466 11.0189 4.857 4.8704 11.0166 4.8757 4.8172
520 6.6702 4.3347 4.3335 5.8636 3.522 3.5178 5.8609 3.5219 3.5038
366 8.7061 7.2857 7.2971 6.0902 4.5507 4.5605 6.0984 4.5402 4.5529
260 5.0155 4.1225 4.1236 3.8332 2.9148 2.8997 3.8286 2.9152 2.9047
211 6.0169 3.9991 3.9997 5.1297 3.1359 3.1431 5.1283 3.1376 3.1281
279 3.1292 2.3412 2.3394 2.3741 1.5829 1.5881 2.375 1.5829 1.5841
481 10.962 9.5696 9.5261 8.6861 7.29 7.296 8.6854 7.2922 7.3125
271 8.1189 7.7844 7.8007 6.0446 5.469 5.4672 6.0445 5.4348 5.4683
395 10.6076 6.4183 6.4149 7.6879 3.4897 3.4844 7.6878 3.49 3.4844
28 4.2085 2.7795 2.7799 3.2443 1.832 1.8318 3.2441 1.8313 1.8382
18 24.3833 19.4603 19.0598 12.4737 8.1768 7.8127 12.5828 8.4045 8.0511
9 6.4047 3.7501 3.7445 5.2873 2.6678 2.6687 5.2873 2.6678 2.6595
96 7.0792 4.9865 4.9874 6.0323 3.9601 3.9628 6.0323 3.9607 3.9471
192 3.0889 2.5598 2.56 2.1439 1.611 1.6109 2.1428 1.6109 1.6121
204 4.96 3.8173 3.8178 3.5952 2.4537 2.4538 3.5946 2.4536 2.449
144 7.017 4.8425 4.8241 6.1665 3.9335 3.9132 6.166 3.9328 3.9209
452 5.5445 4.0005 3.9983 4.3969 2.855 2.8566 4.3929 2.8555 2.8527
39 3.7092 2.6915 2.6889 2.9987 1.9824 1.9806 2.9985 1.9834 1.9784
327 8.0333 5.3984 5.4037 6.808 4.1434 4.1481 6.7406 4.2652 4.2315
414 8.1693 5.2332 5.2264 6.9827 3.984 3.9544 6.9769 3.9703 3.952
240 5.6678 3.8035 3.8056 4.8509 2.9917 2.996 4.8517 2.9921 2.9837
433 7.7812 6.4438 6.4438 5.0909 3.6166 3.6111 5.0905 3.613 3.606
463 6.0203 5.3502 5.3398 3.9246 3.2082 3.2061 3.9239 3.2019 3.1984
287 9.3168 6.597 6.5809 7.5175 4.6904 4.806 7.5179 4.6153 4.6589
182 8.6117 6.244 6.2436 6.4172 4.0464 4.0458 6.4172 4.0465 4.0431
337 3.4725 2.407 2.4063 2.5767 1.5078 1.5083 2.5709 1.5078 1.5081
473 4.907 3.9514 3.9359 3.7394 2.7725 2.7668 3.7394 2.7688 2.7605
59 2.915 2.3886 2.3895 2.0324 1.5041 1.5024 2.0314 1.5041 1.5037
134 18.9556 15.3083 15.3083 9.4659 5.8546 5.8485 9.4232 5.8544 5.8185
126 16.5297 11.3535 11.3541 14.3607 9.2295 9.2246 14.3616 9.2296 9.1726
19 4.3365 3.2296 3.2301 3.3624 2.29 2.2898 3.3623 2.2902 2.2905
404 6.357 4.1341 4.1321 4.4474 2.2792 2.2837 4.4481 2.279 2.2794
272 6.4193 5.2021 5.2017 5.1959 3.9925 3.9878 5.1959 3.9914 3.9928
423 6.9966 5.8136 5.8151 4.4264 3.2207 3.22 4.4265 3.2015 3.2221
67 6.931 5.7185 5.7141 5.4144 4.1779 4.173 5.4143 4.1784 4.171
97 4.9918 4.0058 3.9968 4.0527 3.0658 3.0688 4.0526 3.0658 3.0673
358 19.4059 15.1638 15.1514 18.1507 13.6073 13.5834 18.1502 13.5744 13.8029
375 5.931 3.6779 3.681 5.1209 2.8709 2.8741 5.1166 2.871 2.8679
105 14.8976 8.4424 8.5767 12.1645 5.6355 5.6266 12.158 5.6164 5.6281
501 6.6851 5.0049 4.9998 5.7448 4.0597 4.058 5.7483 4.0597 4.0507
115 8.808 6.7858 6.7885 6.017 3.9913 3.9947 6.0165 4.0431 3.9904
510 19.395 18.8422 20.0037 18.4012 17.7173 18.0486 18.2892 17.7121 17.7372
434 3.0113 2.3522 2.3509 2.4137 1.7378 1.7377 2.4134 1.7379 1.7372
10 7.0047 5.3059 5.3318 6.3181 4.6027 4.6024 6.3181 4.6027 4.5915
222 2.7692 1.9581 1.9586 2.4301 1.621 1.623 2.4303 1.621 1.6367
261 6.8551 5.3951 5.3727 6.1258 4.7039 4.6967 6.1248 4.7048 4.6816
316 31.8584 29.9344 29.815 30.0501 27.4783 27.2995 30.3421 27.1452 27.0983
183 4.722 3.9183 3.917 3.0562 2.3289 2.3252 3.0564 2.3287 2.3283
29 8.7784 7.1529 7.1609 6.1482 4.4901 4.4931 6.1482 4.4914 4.4778
347 6.3805 3.937 3.9373 5.6929 3.2455 3.2457 5.6938 3.2322 3.2359
145 3.0881 2.0493 2.0459 2.6149 1.5677 1.5663 2.6149 1.568 1.5661
298 11.0919 9.5875 9.5887 7.0537 5.583 5.6226 7.0532 5.619 5.549
385 42.4659 26.4189 26.4812 37.3997 23.3148 23.2841 37.391 23.1448 23.2544
232 6.829 5.0911 5.1014 5.6737 3.9587 3.9624 5.673 3.9498 3.9494
40 5.2385 4.2585 4.2585 3.2628 2.306 2.3061 3.2628 2.3108 2.3058
106 4.0169 3.4418 3.4421 3.0118 2.4357 2.4376 3.0118 2.4339 2.4378
396 5.1092 4.3759 4.3758 3.4837 2.7638 2.7632 3.4877 2.7524 2.7552
529 7.4254 5.4494 5.4491 6.2674 4.3878 4.3842 6.2468 4.3425 4.3484
464 6.5336 4.8174 4.818 5.0624 3.3399 3.3433 5.0623 3.3377 3.3464
424 4.6557 3.5039 3.4948 3.6323 2.4873 2.4852 3.6317 2.4874 2.4847
367 3.9065 3.0155 3.0169 3.1958 2.2878 2.2859 3.1932 2.2878 2.2891
502 4.6583 3.5869 3.5884 3.0189 1.962 1.9572 3.0171 1.9628 1.9558
308 7.6389 6.6847 6.6849 5.0013 4.0201 4.0145 5.0004 4.0202 3.993
444 13.84 11.6676 11.6535 8.0675 6.1825 6.1763 8.0676 6.1335 6.1532
68 8.3578 6.7615 6.7616 4.5767 2.9966 2.9941 4.5763 2.9864 3.0197
193 6.6491 4.9456 4.9463 5.8762 4.173 4.1592 5.8751 4.1587 4.1505
173 38.3885 35.7013 35.6216 29.3584 27.0897 27.16 29.3447 27.299 26.964
453 9.3027 6.1628 6.1669 7.1674 4.0081 4.019 7.0091 4.0089 3.9947
163 3.9052 2.931 2.9292 3.1424 2.1621 2.1593 3.1431 2.1475 2.1439
87 4.4966 3.3643 3.3449 3.3906 2.1948 2.2063 3.3908 2.1898 2.1746
48 21.5406 20.6809 20.6355 6.9796 5.8214 5.6825 7.0824 5.8214 5.6026
76 11.4994 9.2613 9.5088 10.676 8.5252 8.7157 10.6789 8.5043 8.4493
376 5.1804 4.0133 4.0135 4.0988 2.9231 2.9259 4.0987 2.924 2.9205
288 3.3497 2.6962 2.696 2.3153 1.6417 1.6411 2.3155 1.6417 1.6308
233 3.7924 2.6888 2.6885 3.0007 1.9029 1.9021 3.0007 1.8996 1.9003
328 4.3233 2.7343 2.7886 3.5897 1.9973 1.9929 3.5913 1.9984 2.006
482 5.1186 4.2116 4.2146 3.5518 2.5912 2.5874 3.5518 2.5911 2.5885
490 144.4459 139.2739 135.1009 87.711 89.977 144.6023 80.9658 104.4082 104.5849
241 11.2642 9.2027 9.231 9.4782 7.3949 7.4394 9.4768 7.3869 7.4059
60 8.5513 6.6739 6.6877 4.9776 3.9605 3.9638 4.9772 3.9608 3.9024
135 4.5293 3.3651 3.3673 3.3223 2.2411 2.2405 3.3044 2.2436 2.2404
317 5.8216 4.3713 4.3693 5.0761 3.6603 3.6543 5.0755 3.6603 3.6528
98 8.9844 7.0409 7.0739 5.8157 3.8808 3.8995 5.7994 3.8808 3.9844
41 5.96 5.0504 5.0549 4.4327 3.4326 3.4422 4.4326 3.4321 3.4331
280 18.177 16.1296 16.0993 15.0294 13.3202 14.1376 15.7996 13.2818 14.1513
116 6.0764 4.2825 4.2832 4.516 2.7178 2.7176 4.516 2.712 2.7177
212 27.2867 25.6353 25.2854 6.7632 5.6927 5.6745 6.7625 5.6875 5.4459
205 5.5075 3.7623 3.7642 4.1177 2.36 2.3627 4.1174 2.3598 2.3491
474 7.2153 4.8215 4.8208 6.4064 3.9143 3.8996 6.394 3.914 3.9084
154 6.4256 4.5441 4.5437 5.8668 3.9701 3.9929 5.8573 3.9521 3.9518
435 10.9437 5.8234 5.7223 8.2184 3.0875 3.0601 8.2184 3.0875 3.0617
377 7.4223 5.0406 5.0368 6.1923 3.7969 3.7973 6.1937 3.7905 3.7978
273 5.4619 3.4522 3.4453 4.82 2.7947 2.7952 4.812 2.7958 2.7876
242 4.2549 3.4864 3.4863 3.5025 2.7451 2.7456 3.5019 2.7452 2.7455
30 11.9427 7.7633 7.7635 7.6164 3.4029 3.3934 7.6163 3.4028 3.3922
359 14.1221 9.022 8.9829 14.2872 9.2618 9.2329 14.2886 9.2162 9.1878
223 5.4487 3.7425 3.7454 4.1005 2.4098 2.4133 4.0997 2.4086 2.4077
530 8.2878 5.6963 5.6943 5.999 3.2965 3.2969 5.9937 3.2965 3.3073
405 7.5895 6.5217 6.5023 4.6322 3.574 3.5715 4.6299 3.574 3.5893
262 10.5419 8.7002 8.6935 6.2278 4.2397 4.202 6.2279 4.2404 4.1764
521 13.1714 7.622 7.6004 9.1513 3.5177 3.5188 9.1712 3.5193 3.5069
11 10.2431 6.9164 6.9189 7.3101 3.9662 3.9521 7.3099 3.933 3.933
20 4.819 3.5538 3.55 3.8316 2.553 2.5505 3.8316 2.5515 2.5478
251 21.2136 20.4029 20.3844 10.4099 9.6482 9.6963 10.3821 9.6424 9.8464
386 21.2616 14.7113 14.2115 13.9624 7.0858 7.0815 13.9621 6.8307 7.0683
309 8.3961 5.8181 5.8168 7.0594 4.4698 4.4691 7.0513 4.4703 4.4431
425 9.0003 6.9112 6.8241 6.9639 4.9258 4.8714 6.964 4.9255 4.7978
49 7.9936 5.06 5.0598 6.0607 3.1266 3.1273 6.0611 3.1272 3.1143
299 6.3995 5.1441 5.1352 4.953 3.6793 3.659 4.8694 3.6067 3.6412
397 5.6529 5.264 5.1955 4.1293 3.6718 3.5992 4.1299 3.6391 3.5742
511 4.342 3.8426 3.8426 3.16 2.6443 2.6406 3.1525 2.6341 2.6374
184 6.1269 4.2572 4.2623 5.0651 3.0071 3.0078 5.0468 3.007 2.9702
415 19.3261 18.3588 18.2835 17.5438 16.4161 16.2724 17.5421 16.3869 16.1567
338 26.0573 13.1862 13.2127 25.342 11.4544 11.3715 25.3213 11.4673 11.4194
378 5.8575 3.9271 3.926 5.1159 3.1547 3.1535 5.1187 3.1544 3.1681
263 5.2439 3.9337 3.9325 3.7777 2.4736 2.4713 3.7777 2.4724 2.4737
127 5.2096 4.3625 4.3645 3.9672 3.2122 3.2173 3.9634 3.1846 3.1798
164 7.2906 4.385 4.3594 6.78 3.8482 3.8606 6.7795 3.8469 3.865
318 4.7407 3.9321 3.9306 3.6215 2.8088 2.8014 3.6215 2.7911 2.8068
465 28.2997 25.7278 25.6773 25.1996 23.2067 22.6554 25.1423 23.2095 24.9789
107 5.9025 4.2003 4.196 4.2051 2.4399 2.4416 4.1996 2.4255 2.4213
483 7.1263 5.8042 5.8508 5.9568 4.6265 4.6779 5.9575 4.6266 4.648
194 4.7336 3.0828 3.0616 3.732 2.0886 2.0582 3.7324 2.0892 2.0588
174 7.0745 5.8015 5.6389 5.4647 3.9501 3.9282 5.4696 3.9497 3.901
42 9.3885 6.0843 6.0915 7.6606 4.4228 4.4569 7.6583 4.422 4.4083
77 5.9107 4.9125 4.9148 5.1219 4.1169 4.1355 5.1218 4.1093 4.1233
146 12.6623 8.1656 8.1562 11.6759 7.1597 7.1146 11.6335 7.1252 7.139
289 4.851 3.6245 3.6234 3.8777 2.6501 2.647 3.8746 2.6427 2.6451
213 5.218 3.4668 3.4669 4.498 2.7547 2.7534 4.498 2.7544 2.7706
416 3.8694 2.7788 2.7814 2.9748 1.8356 1.8335 2.9723 1.8354 1.8352
368 9.2816 7.2855 7.2829 6.3543 4.3493 4.3526 6.3611 4.3479 4.321
31 2.7066 2.1334 2.1336 1.9904 1.4337 1.4337 1.9972 1.4337 1.432
348 26.9377 22.6472 22.6489 26.9342 21.6047 21.2129 26.5322 21.5471 20.7008
406 4.9539 3.5707 3.5775 4.2893 2.8913 2.8933 4.2884 2.8884 2.8879
329 17.2733 13.5962 13.6175 13.0234 9.3317 9.3833 13.0159 9.3295 9.2709
503 6.0465 4.8766 4.8625 5.1357 3.8206 3.8341 5.1354 3.8207 3.8223
99 6.28 4.3339 4.3312 4.3439 2.3725 2.3891 4.3454 2.3722 2.3738
61 3.572 3.0988 3.0988 2.5852 2.1229 2.121 2.5852 2.1195 2.1167
234 28.7473 19.5191 19.5407 25.6982 16.1644 16.148 25.5013 16.1623 15.3601
206 7.2733 5.9318 5.9384 5.1074 3.7861 3.7776 5.1077 3.7835 3.7671
310 4.7551 3.7442 3.7443 3.9447 2.9245 2.9229 3.9423 2.923 2.9228
512 6.266 3.5807 3.5807 5.2068 2.4349 2.4346 5.2043 2.4351 2.4301
522 29.8608 18.2998 18.2923 24.5337 12.9398 12.9733 24.5033 12.7836 12.9515
417 6.7364 5.6584 5.6671 5.4027 4.3474 4.3474 5.4017 4.3476 4.3471
484 5.565 4.161 4.1588 4.7166 3.2753 3.2769 4.7219 3.2753 3.279
274 48.4831 43.7261 43.144 44.5708 39.6983 39.763 44.5768 39.4677 38.4463
360 4.438 3.7724 3.7405 3.6409 3.0033 2.9889 3.6407 3.0038 2.9761
252 5.7751 3.9226 3.9233 4.8247 2.9344 2.9417 4.8245 2.9341 2.931
387 12.59 10.6463 10.6481 10.0964 8.2266 8.2308 10.1143 8.2251 8.2122
454 28.2733 19.8109 19.8045 23.732 15.0669 15.0717 23.7506 15.0444 15.0414
155 5.2013 3.8724 3.8701 3.6442 2.2503 2.2545 3.6441 2.2427 2.2312
50 10.4102 4.7509 4.7844 9.2956 3.6143 3.6244 9.2959 3.6126 3.6206
436 11.0824 9.3052 9.3126 8.9814 7.2191 7.2395 8.9818 7.2057 7.2336
300 3.6879 2.7651 2.7684 2.6926 1.7773 1.784 2.6925 1.7772 1.7708
319 11.1757 8.363 8.3588 8.9325 6.0522 6.0512 8.9325 6.0498 6.0708
426 3.8523 2.8734 2.8731 3.2876 2.2998 2.2987 3.2876 2.2997 2.3036
43 6.131 4.3831 4.3782 4.9267 3.1697 3.1682 4.9265 3.17 3.1705
243 6.3421 4.4974 4.4946 4.8734 3.0752 3.0755 4.8632 3.076 3.0706
531 4.5797 3.6847 3.7062 4.0552 3.1451 3.1593 4.0552 3.1445 3.1949
21 7.5845 4.5766 4.5691 6.4516 3.4661 3.4442 6.4368 3.4658 3.4312
117 15.6295 10.3878 10.2191 10.9371 5.9457 5.9314 10.9298 5.9452 5.94
339 9.52 6.565 6.5279 6.721 3.7998 3.8069 6.7208 3.7992 3.7985
195 9.3102 8.5061 8.506 8.9008 8.0963 8.1198 8.8996 8.0743 8.0883
466 7.3405 5.0706 5.0756 5.2698 2.9705 2.9665 5.2756 2.9721 2.9646
88 12.0622 8.3066 8.2597 8.8814 4.9776 4.9744 8.8862 4.9444 4.9417
491 25.978 20.8436 20.9366 25.6507 20.1484 21.225 25.6393 20.0658 20.5147
361 6.1024 4.4878 4.4961 4.6098 2.9643 2.9773 4.6167 2.9667 2.9725
475 10.222 5.9022 5.8598 8.6426 4.308 4.3315 8.6142 4.307 4.3523
224 38.7903 31.0016 30.9064 20.6311 13.8897 13.4609 20.629 13.852 13.4777
264 7.7211 4.5964 4.6147 6.5938 3.5226 3.524 6.5938 3.516 3.5205
320 8.9796 6.3814 6.3805 7.3776 4.7627 4.7571 7.3777 4.763 4.7639
349 3.3813 2.6521 2.6534 2.8168 2.0893 2.0986 2.8171 2.0864 2.0958
185 6.1767 4.7516 4.747 4.8339 3.4686 3.4664 4.9447 3.451 3.443
175 13.0857 6.9735 6.9634 10.3965 4.4444 4.4452 10.3982 4.4392 4.4179
369 12.4784 9.6091 9.6183 11.4155 8.6093 8.6131 11.5219 8.6131 8.5773
69 10.3543 6.2062 6.1904 9.2991 5.3736 5.3808 9.3296 5.3059 5.2359
62 16.7551 9.9185 9.9102 15.8676 9.0068 8.9558 15.8677 9.005 8.9302
290 9.7701 4.5649 4.5616 9.3086 4.149 4.154 9.3086 4.1487 4.1278
379 14.664 14.168 14.2856 11.5723 11.0303 11.2603 11.5684 11.0354 11.2829
128 4.8437 3.2911 3.2933 4.1816 2.5865 2.5834 4.1815 2.5865 2.6162
504 8.1486 5.7676 5.7268 7.7722 5.3815 5.3758 7.7595 5.3812 5.3683
455 3.1155 2.5531 2.5502 2.5886 2.0091 2.0071 2.5881 2.009 2.0052
165 13.4715 8.4207 8.4208 12.2655 7.2742 7.2778 12.2657 7.2343 7.168
407 5.6484 4.1985 4.2044 4.78 3.3064 3.3056 4.7801 3.301 3.3025
427 5.1511 3.7887 3.7894 3.6143 2.2779 2.2783 3.6121 2.2784 2.2807
156 5.7368 4.1467 4.0925 4.8241 3.2128 3.1572 4.8241 3.2127 3.1762
275 7.1633 5.6066 5.606 5.2603 3.7108 3.7109 5.2545 3.7251 3.7041
301 3.2901 2.7206 2.7218 2.4212 1.8359 1.8367 2.4176 1.8359 1.8347
32 6.0643 4.5909 4.5899 4.6858 3.2141 3.224 4.6851 3.198 3.2044
235 5.9518 3.9814 3.9857 4.8505 2.9004 2.909 4.8501 2.9001 2.9146
398 13.4695 9.3568 9.3868 9.8574 5.8145 5.7586 9.8371 5.7648 5.7189
492 8.8401 4.7612 4.7611 8.2597 4.1717 4.1725 8.2583 4.1716 4.1725
12 10.8021 7.0866 7.1132 8.2857 4.5667 4.5786 8.1492 4.5672 4.5783
207 4.1216 3.1098 3.1101 2.9592 1.9802 1.9805 2.9592 1.9775 1.9765
350 10.2613 8.5011 8.4997 7.8826 6.1217 6.1213 7.8825 6.1258 6.1211
362 7.0949 5.1955 5.198 6.3749 4.4901 4.491 6.3742 4.4864 4.4916
78 29.0529 13.6799 13.6748 24.4419 9.6881 9.6809 24.2143 9.6737 10.1074
291 5.9474 4.2026 4.2022 4.6428 2.878 2.8777 4.6428 2.863 2.8778
136 115.0591 81.3349 75.1156 108.6526 99.4829 73.7377 258.6999 135.4118 77.9441
437 6.1703 4.9151 4.9169 4.9265 3.6876 3.6944 4.9236 3.6889 3.6975
70 5.1392 3.9261 3.9254 3.8357 2.6251 2.6266 3.8357 2.6251 2.6224
428 7.4101 6.0035 6.0009 4.6256 3.1819 3.1825 4.6286 3.1819 3.1824
523 4.9649 4.1817 4.1849 3.0033 2.226 2.2236 3.004 2.2259 2.2194
147 6.5399 5.3002 5.2596 5.296 4.0858 4.066 5.296 4.0409 4.0172
513 7.4405 6.6947 6.6826 6.4632 5.7492 5.7487 6.4601 5.7423 5.7281
44 5.5808 4.2287 4.2285 4.6161 3.3007 3.2851 4.6187 3.3008 3.2811
108 15.9013 14.7904 14.8041 5.7128 4.5004 4.5149 5.7095 4.5003 4.481
380 4.807 3.5882 3.5873 3.9196 2.7194 2.7194 3.9177 2.7193 2.7166
351 4.619 3.7071 3.7061 3.5709 2.6288 2.6294 3.5702 2.6288 2.629
22 9.7441 7.4417 7.4477 6.9121 4.5788 4.588 6.9073 4.5801 4.5787
89 7.4184 5.1286 5.1295 5.9974 3.6865 3.6779 5.9973 3.6866 3.6797
485 37.4759 38.0775 38.1287 17.1982 16.4216 16.4111 17.1849 16.3679 16.3022
63 4.1193 2.5957 2.595 3.4863 1.9595 1.9598 3.4627 1.9598 1.9508
214 6.4649 4.0637 4.0826 5.0669 2.6821 2.6801 5.0358 2.6762 2.6745
100 48.7921 26.7092 26.4001 42.0148 20.1717 20.0049 41.9401 20.1202 20.4869
445 276.8051 132.0055 146.2849 196.6409 77.0463 74.8465 201.2353 99.1694 81.1397
330 10.0779 8.448 8.4634 8.7141 7.0716 7.081 8.7147 7.0649 7.0622
476 7.042 5.1009 5.1027 4.9933 3.0349 3.0411 4.9816 3.0345 3.0304
532 5.1226 4.3651 4.3638 3.9727 3.2233 3.2228 3.9661 3.2127 3.2037
265 6.3215 5.407 5.4089 4.7824 3.8659 3.8653 4.7821 3.8642 3.882
281 71.857 40.3078 39.5826 72.9742 40.2477 38.9292 75.0176 41.0493 40.0242
196 7.2539 5.7505 5.7509 5.797 4.3215 4.2536 5.7991 4.3224 4.317
253 4.3497 3.3035 3.2942 3.3723 2.3309 2.3236 3.3683 2.3299 2.3215
244 8.3899 5.3149 5.2748 6.7559 3.7024 3.6985 6.7552 3.6923 3.6903
137 3.048 2.2746 2.2752 2.536 1.7598 1.7606 2.5331 1.7597 1.759
311 10.0097 8.0757 8.0812 6.4603 4.5523 4.5505 6.5335 4.54 4.5443
486 8.0708 5.5607 5.5599 7.0397 4.5249 4.5288 7.0374 4.5249 4.5225
418 8.4288 5.6499 5.6499 7.1755 4.4376 4.4326 7.1694 4.4368 4.4333
157 4.8951 3.4121 3.4103 4.142 2.6618 2.6622 4.1411 2.6559 2.6587
340 7.7225 6.1797 6.1748 4.739 3.2092 3.1498 4.7394 3.1981 3.1614
524 5.5233 4.5145 4.5078 3.8474 2.8567 2.853 3.8478 2.8566 2.8472
45 6.0588 4.3036 4.3173 4.3569 2.5677 2.5797 4.3569 2.5667 2.5749
176 4.6763 3.5596 3.5619 3.8588 2.7516 2.7541 3.8592 2.7516 2.7507
302 5.0498 3.7201 3.7213 3.9249 2.5957 2.5924 3.9248 2.5926 2.5934
197 5.7115 4.7099 4.7179 4.9058 3.9003 3.9002 4.9058 3.9002 3.9001
276 5.0601 4.216 4.2231 3.3305 2.4677 2.4769 3.319 2.4642 2.4714
118 33.9604 27.8655 27.7694 21.0876 15.505 15.3301 21.0853 14.9043 14.8615
370 6.1241 4.5173 4.5274 4.1645 2.5653 2.5542 4.1651 2.5659 2.5552
388 15.1073 12.1323 12.0545 12.1604 8.9717 8.9508 12.1352 8.8802 8.8756
505 8.0088 5.8765 5.8753 5.4954 3.4837 3.4896 5.4854 3.4846 3.4759
467 6.188 5.3183 5.3193 4.402 3.3934 3.3847 4.4008 3.3926 3.3577
51 20.5858 17.8846 17.8263 13.313 9.9432 9.3339 13.2992 10.4733 9.2921
71 5.1616 3.8832 3.8822 3.8855 2.5879 2.5871 3.882 2.587 2.5839
208 9.7406 8.3747 8.3117 8.2052 6.894 6.8923 8.2076 6.8983 6.8706
408 15.0736 10.2518 10.2505 12.454 7.9671 7.9667 12.4541 7.9822 7.9578
225 6.8394 5.0774 5.0682 5.1045 3.2994 3.2883 5.1912 3.2767 3.2704
101 3.8446 2.6862 2.6808 3.1058 1.925 1.9198 3.1046 1.925 1.9214
399 9.1195 5.8892 5.8702 7.6956 4.4912 4.5014 7.6963 4.4728 4.49
292 17.8331 9.6645 9.6019 15.195 7.0498 6.7935 15.215 7.0446 6.7612
33 2.9093 2.4259 2.4269 2.2253 1.7424 1.7439 2.2235 1.7404 1.7366
23 3.2845 2.4075 2.4094 2.878 1.9959 2.0009 2.8778 1.9959 1.9892
493 9.1356 6.8138 6.8115 6.8428 4.5774 4.5736 6.8346 4.569 4.5654
215 5.4136 4.4536 4.4551 3.9993 3.0381 3.0377 3.9995 3.036 3.0295
148 8.7394 6.0733 6.0685 5.9739 3.3062 3.3004 5.9741 3.3045 3.272
456 8.1445 7.3203 7.3181 5.268 4.3973 4.3921 5.2656 4.3872 4.3935
446 5.9405 4.009 4.0088 5.1013 3.1865 3.1691 5.0721 3.168 3.1875
254 3.359 2.4988 2.5013 2.7948 1.924 1.9271 2.7948 1.924 1.9192
186 17.3877 12.5258 12.5726 14.5055 9.9667 9.7149 14.4203 9.7472 9.8036
90 6.1493 4.8948 4.8936 4.6009 3.3446 3.3406 4.6009 3.3339 3.3429
166 4.2801 2.9767 2.9773 3.372 2.0688 2.0683 3.3875 2.0669 2.0919
341 5.9393 3.855 3.8556 4.6327 2.6193 2.6181 4.6327 2.6156 2.5952
533 5.281 3.4702 3.4703 4.2996 2.4854 2.4855 4.3152 2.4854 2.4841
487 4.9529 3.5273 3.5275 4.0218 2.556 2.5613 4.0239 2.5563 2.5579
371 6.398 5.3139 5.3219 5.1002 4.0172 4.0184 5.102 4.0153 4.0093
389 4.4823 3.5652 3.5674 3.4731 2.5522 2.5524 3.4731 2.539 2.547
64 4.7722 3.4212 3.4105 3.9367 2.6371 2.6142 3.9368 2.6362 2.5977
109 6.6325 5.4795 5.4717 4.9456 3.8155 3.8117 4.9431 3.7812 3.8066
438 11.3203 9.2435 9.235 8.3222 6.3251 6.3616 8.3345 6.2168 6.2613
13 5.8776 4.8673 4.8725 3.8853 2.8652 2.865 3.8885 2.868 2.8669
312 4.2308 3.1707 3.1709 3.4582 2.3939 2.3938 3.4579 2.3917 2.3928
52 7.1558 5.0934 5.0934 5.2951 3.2543 3.2552 5.2945 3.2543 3.254
129 21.4099 19.2249 19.0489 21.1009 18.592 18.4721 21.0947 18.5247 18.9467
79 15.2573 14.5814 14.8783 13.8634 13.6486 13.6112 13.8205 13.6452 13.1031
321 58.1855 24.9515 25.1677 45.5192 10.5865 10.605 45.4816 10.5399 10.5358
72 4.0697 2.9505 2.9543 3.3778 2.2742 2.2689 3.3778 2.278 2.2745
477 4.6312 3.517 3.516 3.1238 2.043 2.0441 3.1238 2.0532 2.0424
488 4.8703 3.5459 3.5482 4.0156 2.6554 2.6616 4.0089 2.6525 2.6546
439 4.9327 3.6432 3.6436 3.8347 2.567 2.5665 3.8335 2.5677 2.5665
177 8.3672 7.3759 7.3816 6.446 5.4541 5.4533 6.446 5.4541 5.4524
282 38.2929 20.4829 21.2219 36.0577 18.0239 18.106 35.921 18.0263 17.9912
514 5.0834 3.5047 3.3859 4.1159 2.5528 2.4199 4.1166 2.5523 2.4314
24 9.1072 7.4966 7.4959 7.3836 5.7823 5.777 7.3836 5.7895 5.7862
381 9.598 5.7143 5.6566 8.3982 4.577 4.4836 8.3531 4.5786 4.46
409 11.4631 6.9424 6.9421 9.2731 4.794 4.8015 9.2746 4.7923 4.7892
91 3.2608 2.4237 2.4235 2.2595 1.4313 1.4315 2.2591 1.432 1.4299
331 10.5659 8.6054 8.6238 7.1768 5.1621 5.1698 7.1522 5.1626 5.1816
236 359.9913 328.1896 NA 290.9569 69.037 262.433 302.905 98.5403 NA
468 10.8453 7.1075 7.0574 7.2265 3.445 3.4448 7.2264 3.4446 3.4317
429 29.4864 22.7343 22.7214 24.0215 17.2826 17.4762 23.8521 17.0588 17.1898
303 25.2075 16.3732 16.3894 17.9408 8.9791 9.0087 17.94 8.9736 8.933
313 6.2768 4.2767 4.2764 5.4782 3.4561 3.4737 5.4916 3.4575 3.4621
65 7.1044 5.5856 5.5886 4.8297 3.3326 3.3329 4.8297 3.3022 3.331
255 5.463 3.701 3.6946 4.3798 2.598 2.5961 4.3799 2.5966 2.6029
119 3.9433 2.6945 2.7052 3.293 2.0098 2.018 3.293 2.0099 2.0211
209 3.0078 2.0967 2.0963 2.2971 1.3921 1.3911 2.2987 1.3888 1.3908
130 6.5232 4.493 4.5014 4.9724 3.039 3.044 4.9699 3.0392 3.0443
198 8.9238 5.6036 5.5503 7.9971 4.6565 4.5914 7.9971 4.6532 4.6037
245 16.2898 13.6534 13.415 15.2265 12.9044 12.2638 14.2267 12.8877 12.6116
372 6.1341 4.4677 4.4596 4.3854 2.8269 2.8268 4.3851 2.8267 2.8232
149 3.4214 2.6882 2.6878 2.8622 2.1349 2.1307 2.8547 2.1277 2.1213
447 18.8555 17.4715 17.4173 12.9769 11.2946 11.3722 12.9771 11.2946 11.2908
390 5.211 4.1051 4.0886 4.2214 3.0679 3.0485 4.2238 3.0677 3.0491
400 14.9566 11.038 11.0219 11.0695 7.0497 7.0236 11.0484 7.0475 7.0509
332 4.2606 2.8913 2.89 3.6721 2.3019 2.3026 3.6721 2.302 2.3021
293 5.434 3.488 3.4816 4.0142 2.087 2.0784 3.997 2.0797 2.0612
216 5.6594 4.2569 4.2524 4.9871 3.5619 3.5553 4.9871 3.5574 3.5518
534 5.2308 3.8912 3.8984 4.3591 3.0442 3.0244 4.3589 3.0366 3.0165
277 5.625 4.135 4.1404 4.6281 3.1561 3.1492 4.6275 3.1486 3.148
506 11.6481 7.6125 7.6319 9.4582 5.6749 5.6729 9.4402 5.7195 5.6575
158 15.3778 5.9839 5.9634 13.3533 5.2446 5.2474 13.8753 5.2449 5.2187
457 4.6227 3.3072 3.3002 3.4534 2.1196 2.1282 3.4519 2.1196 2.1098
178 15.5236 11.7298 11.734 12.4236 8.5906 8.5979 12.4234 8.5768 8.599
266 7.758 3.9667 3.905 7.0074 3.1531 3.1154 7.0052 3.1546 3.1127
419 73.1408 13.7609 14.4835 72.5809 14.3517 14.4206 72.5512 13.2159 13.9519
283 5.7287 3.8456 3.8488 4.6011 2.7216 2.7199 4.6012 2.7207 2.7243
352 10.0827 8.2192 8.1627 8.132 6.6058 6.9043 8.1525 6.4936 6.8633
494 3.4563 2.4432 2.447 2.7651 1.7559 1.7616 2.7647 1.7547 1.7535
256 4.91 3.2446 3.2417 3.739 2.033 2.0312 3.739 2.0329 2.0215
34 8.3769 6.7333 6.7501 4.842 3.3063 3.3092 4.8311 3.3034 3.3266
14 3.6777 2.7856 2.7847 2.811 1.9417 1.9401 2.8115 1.9403 1.9408
217 4.5214 3.7314 3.7304 3.107 2.2713 2.27 3.1071 2.2713 2.2622
110 6.3865 5.2108 5.1931 4.3975 3.2818 3.2766 4.399 3.281 3.2736
187 6.56 5.6503 5.651 4.9024 3.9335 3.9378 4.9031 3.9184 3.9234
92 4.8025 3.1693 3.1681 3.9242 2.2769 2.2794 3.9175 2.2769 2.2732
80 16.6212 12.3132 12.3144 13.224 8.9492 8.9457 13.2245 8.9467 8.9419
167 4.2764 2.7806 2.7841 3.7553 2.2443 2.2448 3.7553 2.2399 2.2458
25 5.737 4.0534 4.0521 4.8317 3.1034 3.1042 4.784 3.112 3.1063
53 24.3695 17.5747 17.5001 17.5516 10.8036 10.7404 17.5335 10.8002 10.5993
138 13.9074 11.0378 11.0219 10.1709 7.3387 7.3069 10.1708 7.2724 7.1937
46 24.3025 17.2392 16.8116 21.4252 14.2814 14.0019 21.4217 14.3841 13.7788
410 8.1348 3.7266 3.7269 6.9895 2.5401 2.549 6.9895 2.5394 2.5356
525 NA NA 380.3541 429.9228 314.9818 316.3921 432.7654 307.623 331.5607
342 3.0572 2.5328 2.5322 2.4035 1.8822 1.8826 2.4039 1.8782 1.88
304 4.3778 3.5406 3.541 3.3538 2.5066 2.5078 3.3537 2.5057 2.5044
363 190.7633 188.9279 186.3745 56.9801 57.6217 62.2787 56.6364 57.1055 61.891
489 7.3455 4.8005 4.805 5.8002 3.28 3.2721 5.8 3.2784 3.2836
131 4.2149 3.3566 3.3673 3.1178 2.2563 2.2681 3.1071 2.2432 2.26
333 17.9712 11.5738 11.5699 15.0574 8.7568 8.7883 15.0546 8.7581 8.7734
420 6.4318 3.8932 3.8933 5.5115 2.96 2.9602 5.5115 2.9571 2.9637
237 7.093 5.5332 5.5313 5.0809 3.5289 3.5308 5.0816 3.5525 3.5364
35 3.0223 2.1158 2.1154 2.2317 1.3336 1.3355 2.2317 1.3336 1.333
391 5.8648 3.6356 3.6355 4.7302 2.5172 2.5175 4.7301 2.5173 2.5173
382 4.0312 3.2779 3.2791 3.2662 2.4874 2.4862 3.2661 2.4828 2.482
478 5.3743 4.6199 4.617 4.3902 3.6168 3.5999 4.3899 3.6172 3.6053
401 3.1065 2.1752 2.168 2.4544 1.5018 1.5027 2.4545 1.499 1.5005
218 8.7495 6.3777 6.3786 5.5948 3.2891 3.292 5.5846 3.2892 3.2776
515 4.471 2.8137 2.8194 3.61 1.955 1.9612 3.6168 1.955 1.9529
81 5.328 3.9196 3.9207 3.663 2.2776 2.2803 3.6572 2.2776 2.2742
102 29.828 22.009 21.9224 23.5197 12.7255 12.7846 23.4563 12.7442 12.7789
257 22.0099 12.3424 12.4567 17.4133 9.5516 9.625 17.4412 9.5519 9.6333
469 8.1425 7.0107 7.0079 6.5811 5.4478 5.4583 6.5791 5.4662 5.4453
111 2.5534 2.044 2.0449 2.0963 1.5825 1.5826 2.0958 1.5825 1.5815
150 14.3505 9.0384 9.0624 9.637 4.6611 4.6601 9.6045 4.661 4.6328
526 7.759 2.9859 2.9883 7.3346 2.5307 2.5309 7.334 2.5301 2.5321
294 7.2778 5.9705 5.9691 6.4248 5.0462 5.1177 6.4246 5.0466 5.0448
430 5.5925 4.1476 4.145 4.4268 2.9789 2.9913 4.4267 2.9786 2.9813
93 5.6699 4.5856 4.5759 4.229 3.2372 3.2289 4.2289 3.2348 3.2278
139 6.8433 4.3877 4.385 5.1044 2.5992 2.601 5.1058 2.5991 2.5967
226 19.8858 16.9478 16.9718 12.8875 10.1352 10.0784 12.8211 10.1297 10.0402
411 7.1792 5.512 5.5147 6.8484 5.1353 5.137 6.8484 5.1353 5.1393
373 5.331 4.4404 4.4421 3.4285 2.5503 2.5503 3.4359 2.5492 2.5452
159 4.8456 4.1352 4.1326 3.3634 2.6728 2.6689 3.3629 2.6729 2.6693
314 8.5729 6.8788 6.8927 7.1181 5.394 5.4093 7.0803 5.3957 5.4108
284 15.2531 9.0089 9.0073 13.9751 7.7725 7.7665 14.0893 7.6829 7.8264
188 9.4115 8.2233 8.225 5.5492 4.372 4.3703 5.5493 4.3714 4.3708
305 3.9817 3.1071 3.0741 3.3274 2.4779 2.4783 3.3269 2.4779 2.4737
507 23.1416 15.5744 15.5769 17.6265 10.0207 10.0143 17.6265 10.0532 10.0292
440 9.4137 7.8193 7.8441 7.4003 5.9219 5.9148 7.4637 5.8987 5.9239
179 9.287 4.9651 4.9713 8.6682 4.3804 4.3853 8.6583 4.3808 4.3614
132 7.5522 6.1196 6.1182 6.4246 4.9553 4.9548 6.4241 4.9545 4.9562
73 12.7567 9.4391 9.4359 10.0723 6.8127 6.8082 10.0187 6.7808 6.7925
448 4.2921 3.141 3.1395 3.4774 2.2941 2.2963 3.4772 2.2831 2.2888
479 5.1697 4.0928 4.0918 3.3399 2.2577 2.2626 3.3401 2.259 2.2574
120 8.6894 7.1832 7.165 6.02 4.4507 4.4159 6.0018 4.45 4.429
140 7.6934 3.352 3.3554 6.867 2.5096 2.5095 6.8603 2.5079 2.5083
26 4.7645 4.0255 4.0235 3.3264 2.607 2.6113 3.326 2.6068 2.604
246 7.2147 5.3261 5.331 6.1142 4.2667 4.2645 6.1155 4.2644 4.3305
267 6.368 4.8623 4.8639 5.2411 3.7314 3.7318 5.2414 3.6765 3.7287
458 8.8238 7.6829 7.6365 4.4378 3.1774 3.1725 4.4431 3.1693 3.1323
306 3.1519 2.4662 2.4672 2.6157 1.9309 1.9328 2.6157 1.9311 1.9253
199 4.9335 3.6557 3.6576 3.79 2.4776 2.4976 3.7893 2.4571 2.4923
343 16.4733 13.1898 13.2687 11.1978 7.9944 8.0711 11.339 7.9819 7.9138
322 4.3857 2.6718 2.6718 3.5944 1.8882 1.8945 3.5912 1.8802 1.8833
258 6.7747 5.0565 5.0542 5.5529 3.8718 3.8619 5.5516 3.8716 3.8555
441 5.0164 3.6069 3.6097 4.1699 2.7628 2.7621 4.1697 2.7634 2.7587
121 4.1504 3.1098 3.1102 3.3 2.2763 2.2767 3.3 2.2764 2.277
353 8.4905 5.4959 5.4978 7.7805 4.6678 4.6152 7.7324 4.5723 4.6066
421 6.6777 5.3747 5.3623 5.0539 3.7186 3.7158 5.0565 3.7185 3.7107
527 6.7776 5.1558 5.1495 5.7237 4.0738 4.0534 5.7237 4.0743 4.0506
535 42.6988 28.7419 28.7288 42.3376 28.1367 28.0895 42.3502 28.137 28.0896
160 18.5367 14.3 14.2876 10.2753 6.4953 6.4911 10.2249 6.476 6.5007
295 4.5602 3.0817 3.0886 4.2227 2.7427 2.7432 4.2225 2.7427 2.7433
82 5.4263 4.8485 4.8455 4.1062 3.5439 3.5439 4.1062 3.5436 3.5378
219 7.4654 4.7461 4.7424 5.9724 3.2171 3.2102 5.969 3.2172 3.206
54 7.0013 4.1859 4.1825 5.848 3.0946 3.0909 5.8315 3.0947 3.0917
36 3.4468 2.6289 2.6256 2.8164 2.0148 2.0086 2.8164 2.0153 2.0144
334 9.5597 7.6681 7.6724 6.1594 4.207 4.1863 6.1594 4.2392 4.185
168 6.8852 3.9743 3.9731 6.4275 3.5087 3.4946 6.4252 3.5086 3.5026
15 8.1538 6.8314 6.8296 3.8758 2.6251 2.6101 3.8778 2.6247 2.5939
180 11.3005 6.4694 6.4793 10.3152 5.5147 5.5246 10.2961 5.5148 5.5171
74 4.2614 3.4838 3.4889 3.3477 2.5804 2.5788 3.3476 2.5803 2.579
141 6.8564 4.8019 4.7987 5.6709 3.5201 3.5242 5.6703 3.52 3.5191
459 6.3828 4.2469 4.241 5.4845 3.3879 3.3914 5.4846 3.3882 3.3756
285 13.2193 12.0555 12.0105 11.7159 10.6937 10.6672 11.7118 10.6896 10.65
315 5.8859 4.3262 4.3286 4.8096 3.2078 3.2108 4.7994 3.2016 3.2082
392 17.6899 9.622 9.6276 16.7031 8.7084 8.6905 16.68 8.6949 8.6909
238 5.5686 4.1855 4.1866 4.6442 3.267 3.2658 4.6382 3.2655 3.2612
247 3.298 2.2825 2.2813 2.7803 1.772 1.7734 2.7806 1.772 1.7713
470 15.3869 13.9258 13.9426 7.9529 6.4996 6.4264 7.9463 6.5004 6.4229
383 7.2422 5.7422 5.7316 4.6428 3.1152 3.1138 4.6246 3.1147 3.0987
412 5.4695 4.269 4.2686 3.9942 2.8193 2.8212 3.9941 2.8164 2.8096
460 4.5768 3.3918 3.3897 3.3932 2.2129 2.2146 3.3932 2.2134 2.2128
227 7.8561 5.4278 5.4269 6.7386 4.3189 4.3257 6.7385 4.3167 4.3316
151 9.929 7.979 7.9487 6.1568 4.4212 4.4106 6.1571 4.4194 4.3898
122 12.9305 7.9345 7.9341 9.7604 4.6726 4.6694 9.7603 4.6722 4.7839
94 6.8233 5.7854 5.7711 5.089 4.1551 4.1288 5.0753 4.1409 4.0908
112 7.1942 5.9752 5.9796 5.5108 4.2918 4.3081 5.5108 4.2913 4.292
200 3.856 2.7252 2.7265 3.2252 2.1438 2.1452 3.2257 2.1437 2.1295
16 4.815 3.9644 3.9642 3.738 2.8739 2.8742 3.7376 2.8794 2.8549
189 3.9369 3.067 3.0606 3.3409 2.4306 2.4317 3.3414 2.4312 2.4314
431 11.8773 10.8645 10.9226 8.3245 7.3399 7.5384 8.3223 7.3489 7.2396
344 3.0889 2.4714 2.4699 2.3624 1.7358 1.7361 2.3627 1.7328 1.7366
402 7.2359 5.8533 5.8599 5.4304 4.0561 4.0556 5.4249 4.011 4.0495
142 5.7036 4.566 4.5611 4.375 3.2322 3.2289 4.375 3.2328 3.2332
536 7.5881 4.8861 4.8802 6.7031 3.9036 3.8937 6.6942 3.9043 3.8782
103 10.7307 9.5599 9.5711 8.2783 7.1225 7.1235 8.2594 7.1466 6.9956
508 11.1707 6.7123 6.7081 10.0395 5.4839 5.4635 10.0412 5.4362 5.4463
296 4.6237 3.3895 3.3832 3.2878 2.0553 2.0411 3.2876 2.0547 2.0408
495 26.8878 19.756 20.6902 24.3662 17.1315 17.139 24.5883 17.0905 17.117
323 3.0273 2.3728 2.374 2.4674 1.8064 1.8113 2.4663 1.7964 1.81
83 3.7261 2.7729 2.774 2.9015 1.9293 1.9256 2.9017 1.9293 1.9267
161 9.3526 6.379 6.384 7.5383 4.5866 4.5839 7.5375 4.5872 4.5862
364 20.5639 20.1575 20.0815 13.6725 20.3075 20.3861 20.2446 33.9563 19.5854
113 9.118 6.4252 6.4092 7.5914 4.8696 4.8718 7.5895 4.8695 4.8718
335 8.3229 5.0068 5.0101 7.6381 4.3279 4.3467 7.6346 4.3283 4.3403
152 5.2665 4.6857 4.6689 3.2407 2.6719 2.6694 3.2404 2.6713 2.6705
449 8.3917 7.0849 7.0543 5.6322 4.4101 4.3885 5.7781 4.4116 4.3362
516 24.612 12.7796 12.7681 17.2359 6.2447 6.0941 17.2295 6.246 6.051
286 7.2379 6.075 6.0679 5.7622 4.5436 4.5462 5.7622 4.5365 4.5175
248 9.0802 6.2682 6.2514 7.1595 4.361 4.3398 7.1691 4.3566 4.3523
123 7.7204 5.7342 5.734 6.1037 4.0969 4.0739 6.0995 4.0276 4.0691
324 5.1463 3.7917 3.7862 4.3025 2.9047 2.8944 4.2984 2.9048 2.8968
190 7.0554 5.7375 5.735 4.7343 3.4421 3.438 4.7342 3.4422 3.4465
84 4.1491 3.3745 3.3752 2.9216 2.1437 2.1378 2.9216 2.1441 2.1315
169 5.9712 4.5075 4.5086 4.7226 3.2381 3.2319 4.7171 3.2382 3.2387
228 11.4021 8.5583 8.5823 8.7783 5.9164 5.9234 8.7726 5.9098 5.9163
55 18.6982 9.4972 9.5236 15.8302 6.6063 6.6195 15.8249 6.6126 6.4514
354 32.2734 25.9272 25.9822 24.1132 17.595 17.041 24.0041 17.4965 16.947
537 12.7999 10.4427 10.3032 9.0994 6.7697 6.7467 9.0775 6.6907 6.724
17 22.0824 20.7603 20.6726 7.624 6.0879 6.1263 7.6952 6.0614 6.0877
170 9.8895 7.5957 7.5975 8.2773 5.9728 5.9718 8.2744 5.9734 5.9561
229 4.5309 3.8406 3.8431 3.5986 2.8306 2.832 3.5983 2.8301 2.828
496 11.9431 4.178 4.1704 10.6929 3.1534 3.1418 10.791 3.1517 3.1399
450 9.6098 7.6439 7.6583 7.7123 5.7253 5.782 7.7121 5.7368 5.7219
517 6.9329 4.994 5.0042 5.7923 3.8517 3.8565 5.7923 3.8553 3.8727
325 16.3846 11.0351 11.1272 15.7027 10.3187 10.2741 15.6641 10.0742 10.0587
171 6.699 5.0179 5.0269 5.192 3.5219 3.5528 5.1921 3.5159 3.5338
518 40.3718 26.4594 26.3871 34.4903 20.5759 20.545 34.4807 20.5598 20.3846
497 23.549 17.9488 17.9919 23.2889 17.1424 17.1593 23.057 17.033 17.0237
498 9.5038 7.587 7.5028 6.875 5.0311 4.9094 6.8849 5.0148 4.92
"x"
"1" "== degree of freedom:  5 =="
336 0.3799 0.2961 0.2963 0.2814 0.1955 0.1962 0.2814 0.1955 0.1955
432 0.3274 0.2362 0.2361 0.2519 0.1615 0.1616 0.2519 0.1617 0.1616
374 0.288 0.1976 0.1976 0.2374 0.1468 0.1468 0.2374 0.1469 0.1467
451 0.3753 0.2933 0.2934 0.2575 0.1749 0.1746 0.2575 0.1749 0.1746
326 0.2685 0.1785 0.1785 0.2207 0.1304 0.1305 0.2206 0.1305 0.1305
85 0.2419 0.1966 0.1963 0.1873 0.1418 0.1417 0.1873 0.1419 0.1417
143 0.2731 0.2058 0.206 0.216 0.1484 0.1484 0.2158 0.149 0.1487
393 0.2681 0.1886 0.1885 0.2093 0.1303 0.1303 0.2093 0.1299 0.13
278 0.3975 0.2711 0.2707 0.3012 0.1744 0.1746 0.3012 0.1744 0.1745
239 0.3031 0.2268 0.2267 0.2346 0.1584 0.1579 0.2344 0.1581 0.1583
27 0.3401 0.2356 0.2362 0.2845 0.1804 0.1803 0.2845 0.1805 0.1802
37 0.284 0.2175 0.218 0.2226 0.1558 0.1558 0.2226 0.1558 0.1557
124 0.382 0.27 0.27 0.2873 0.1766 0.1766 0.2873 0.1765 0.1763
56 0.2985 0.2029 0.203 0.2432 0.1488 0.1488 0.2436 0.1492 0.1485
220 0.3057 0.2341 0.234 0.2298 0.1575 0.1575 0.2298 0.1574 0.1575
104 0.2959 0.238 0.2377 0.2259 0.169 0.1689 0.2264 0.1695 0.1694
480 0.2546 0.2025 0.2026 0.2012 0.1497 0.1493 0.2018 0.1498 0.1495
18 0.3191 0.2435 0.2476 0.2336 0.1594 0.1595 0.2336 0.1594 0.1595
471 0.3075 0.2231 0.2229 0.228 0.144 0.1439 0.2282 0.144 0.1441
172 0.2954 0.2293 0.2298 0.2183 0.1505 0.1507 0.2183 0.1504 0.1506
345 0.3785 0.262 0.2614 0.2976 0.1804 0.1799 0.2976 0.1804 0.1801
210 0.3744 0.2694 0.2687 0.3146 0.2104 0.2101 0.3146 0.2102 0.2101
8 0.253 0.1716 0.1716 0.2163 0.135 0.1349 0.2164 0.135 0.1347
394 0.2652 0.1867 0.1867 0.2155 0.1373 0.1372 0.2155 0.1372 0.1371
297 0.2894 0.235 0.2348 0.2035 0.1495 0.1494 0.2033 0.151 0.151
509 0.3026 0.2334 0.2332 0.2218 0.1519 0.1518 0.2218 0.1517 0.1518
114 0.2896 0.2092 0.209 0.233 0.1525 0.1526 0.233 0.1529 0.1526
337 0.3176 0.2 0.1997 0.2676 0.1512 0.1515 0.2675 0.1513 0.1515
375 0.3953 0.2391 0.239 0.3531 0.1971 0.1971 0.3531 0.197 0.1974
528 0.3163 0.2289 0.2287 0.2426 0.1551 0.1551 0.2426 0.1551 0.1552
268 0.3323 0.2201 0.2201 0.2755 0.1636 0.1636 0.2755 0.1637 0.1639
75 0.2948 0.2226 0.2224 0.226 0.1533 0.1532 0.226 0.1533 0.1533
327 0.2679 0.1912 0.1911 0.2184 0.1409 0.1408 0.2182 0.1409 0.1408
153 0.3849 0.3098 0.3092 0.269 0.1936 0.1924 0.269 0.1935 0.1926
66 0.3204 0.227 0.2271 0.2446 0.1513 0.1514 0.2445 0.1513 0.1514
442 0.2505 0.1787 0.1788 0.1974 0.1253 0.1259 0.1974 0.1256 0.1256
181 0.3217 0.2253 0.2251 0.24 0.1446 0.1446 0.24 0.1445 0.1445
279 0.2453 0.1911 0.1911 0.198 0.1436 0.1435 0.198 0.1436 0.1438
86 0.283 0.2286 0.2289 0.2109 0.1568 0.157 0.2109 0.1568 0.1568
355 0.3059 0.2372 0.2372 0.2467 0.1782 0.1783 0.2467 0.1782 0.178
499 0.265 0.2041 0.2043 0.2104 0.1492 0.1494 0.2104 0.1492 0.1493
307 0.354 0.236 0.2357 0.2843 0.1661 0.1654 0.2842 0.1661 0.1655
47 0.2961 0.2056 0.2056 0.2311 0.1406 0.1405 0.2311 0.1405 0.1411
230 0.292 0.214 0.2141 0.2176 0.1397 0.1403 0.2176 0.1397 0.1401
490 0.3858 0.2665 0.2659 0.2915 0.1728 0.1723 0.2915 0.1729 0.1743
162 0.3225 0.2375 0.2373 0.2509 0.1658 0.1654 0.2507 0.1659 0.1649
249 0.3056 0.2043 0.2043 0.2484 0.1466 0.1466 0.2484 0.1464 0.1468
365 0.366 0.2435 0.2435 0.3025 0.1815 0.1822 0.3025 0.1812 0.1819
519 0.2938 0.2292 0.2293 0.2169 0.1527 0.1529 0.2168 0.1526 0.1526
125 0.294 0.2129 0.2129 0.2459 0.1638 0.1638 0.2458 0.1638 0.1638
384 0.2659 0.1852 0.1852 0.2085 0.1278 0.1278 0.2091 0.1278 0.1277
452 0.2992 0.2296 0.2296 0.2316 0.1614 0.1614 0.2317 0.1612 0.1628
403 0.3251 0.2422 0.2422 0.247 0.1634 0.164 0.247 0.1634 0.1637
287 0.3829 0.2662 0.266 0.259 0.1432 0.1432 0.2621 0.1444 0.1445
191 0.3412 0.255 0.255 0.2614 0.1756 0.1755 0.2614 0.1753 0.1754
259 0.294 0.2418 0.2418 0.2233 0.1723 0.1722 0.2234 0.1735 0.1723
95 0.3156 0.2305 0.2302 0.2504 0.1646 0.1643 0.2504 0.1646 0.1642
413 0.2672 0.1881 0.1881 0.2162 0.1369 0.1369 0.2162 0.1367 0.1374
433 0.2924 0.2248 0.2247 0.222 0.1539 0.1539 0.2219 0.1557 0.1539
461 0.3103 0.2235 0.2233 0.2458 0.1573 0.1574 0.2458 0.1573 0.1572
346 0.2441 0.1734 0.1733 0.2 0.1293 0.1293 0.2 0.1293 0.1293
38 0.3152 0.2364 0.2366 0.2469 0.1679 0.168 0.2468 0.1683 0.1683
316 0.3427 0.2641 0.2639 0.2489 0.1676 0.1683 0.2489 0.1684 0.1675
481 0.2906 0.1887 0.1889 0.2539 0.1515 0.1516 0.2539 0.1514 0.1516
240 0.3233 0.2578 0.2578 0.2407 0.1743 0.1741 0.2407 0.1743 0.1741
221 0.3118 0.2439 0.2438 0.2301 0.162 0.1619 0.23 0.1619 0.1619
133 0.4028 0.2745 0.2746 0.3069 0.1805 0.1805 0.3069 0.1806 0.1804
57 0.2668 0.1908 0.1907 0.205 0.1289 0.1289 0.2049 0.1287 0.1289
422 0.4054 0.2909 0.2925 0.3092 0.1927 0.1924 0.3091 0.1924 0.1927
144 0.3933 0.3504 0.3468 0.2417 0.1972 0.1971 0.2417 0.1973 0.1974
115 0.3438 0.244 0.2441 0.2538 0.1547 0.1547 0.2537 0.1546 0.1543
328 0.2886 0.2159 0.2165 0.2259 0.1539 0.154 0.2259 0.154 0.154
28 0.2774 0.2023 0.2022 0.2213 0.1458 0.1455 0.2209 0.1457 0.1456
280 0.339 0.2323 0.2319 0.2777 0.1719 0.1721 0.2778 0.172 0.1725
87 0.24 0.1775 0.1773 0.1956 0.1333 0.1333 0.1956 0.1333 0.1334
491 0.3464 0.2589 0.2589 0.2472 0.1589 0.1588 0.2471 0.1588 0.1592
67 0.39 0.3026 0.3026 0.2626 0.1761 0.1763 0.2626 0.1761 0.1756
201 0.3309 0.2463 0.2474 0.243 0.159 0.1591 0.2429 0.1591 0.159
182 0.3758 0.2698 0.2701 0.3027 0.1966 0.1966 0.3026 0.1965 0.1966
376 0.5703 0.4397 0.4378 0.3857 0.2666 0.2658 0.3844 0.2666 0.2661
529 0.2586 0.1882 0.1881 0.2179 0.1475 0.1475 0.2179 0.1475 0.1475
472 0.2892 0.2046 0.2049 0.2183 0.1339 0.1341 0.2182 0.1347 0.1347
453 0.3411 0.2572 0.2578 0.2534 0.1698 0.1704 0.2567 0.1699 0.1734
385 0.2927 0.2091 0.2091 0.2372 0.1541 0.1541 0.2372 0.1541 0.154
211 0.3464 0.2552 0.2546 0.2604 0.1688 0.1687 0.26 0.1699 0.1686
96 0.308 0.2309 0.231 0.2518 0.1734 0.1733 0.2518 0.1734 0.1733
520 0.3355 0.2459 0.2457 0.2555 0.164 0.1639 0.2555 0.1638 0.1641
76 0.3045 0.2241 0.2241 0.245 0.1642 0.1643 0.2451 0.1642 0.1641
366 0.321 0.2303 0.2307 0.262 0.1713 0.1718 0.262 0.1713 0.1715
395 0.4 0.2755 0.2754 0.3071 0.1826 0.1825 0.3071 0.1821 0.1835
356 0.2826 0.2055 0.2055 0.2188 0.1414 0.1415 0.2188 0.1421 0.1412
231 0.4094 0.2856 0.2856 0.3092 0.1864 0.1865 0.3093 0.1872 0.1869
48 0.2957 0.2016 0.2016 0.2372 0.144 0.1439 0.2367 0.1439 0.1447
443 0.2243 0.1695 0.1695 0.1854 0.1305 0.1305 0.1854 0.1307 0.1305
9 0.2443 0.1725 0.1723 0.1987 0.1276 0.1275 0.1985 0.1276 0.1273
154 0.5272 0.4312 0.4322 0.3969 0.3001 0.3006 0.397 0.3001 0.2998
338 0.3119 0.2248 0.2247 0.2493 0.162 0.1621 0.2492 0.1621 0.1622
269 0.3819 0.2592 0.2591 0.299 0.1757 0.1757 0.299 0.1757 0.1754
173 0.3599 0.2506 0.2509 0.287 0.1772 0.177 0.2871 0.1777 0.1769
58 0.4683 0.3544 0.3544 0.4118 0.2979 0.298 0.4115 0.297 0.2936
347 0.2899 0.2006 0.2002 0.2349 0.145 0.1442 0.2349 0.145 0.1443
116 0.3605 0.216 0.2162 0.2978 0.1544 0.1546 0.2978 0.1543 0.1542
260 0.4574 0.3362 0.3406 0.3609 0.2408 0.2405 0.3608 0.2407 0.2405
482 0.25 0.1972 0.1972 0.1969 0.1448 0.1448 0.1967 0.1447 0.145
434 0.2953 0.2221 0.2221 0.224 0.1509 0.1513 0.224 0.1509 0.1509
126 0.4326 0.2937 0.2926 0.3208 0.1794 0.1795 0.3205 0.1794 0.1787
281 0.4324 0.3089 0.3089 0.3443 0.2225 0.2224 0.344 0.2223 0.2223
462 0.3125 0.2433 0.2433 0.2433 0.1738 0.1746 0.2433 0.1744 0.1746
105 0.341 0.2505 0.2503 0.2434 0.1534 0.1527 0.2427 0.1572 0.153
308 0.3514 0.2471 0.2471 0.2655 0.1593 0.1593 0.265 0.16 0.1599
510 0.3118 0.2295 0.2295 0.2363 0.1548 0.1548 0.2362 0.1554 0.1546
19 0.3428 0.2054 0.2054 0.2971 0.1597 0.1597 0.2955 0.1597 0.1603
183 0.3082 0.2305 0.2305 0.2323 0.1558 0.1559 0.2324 0.1557 0.1557
386 0.2798 0.1903 0.1903 0.2349 0.1451 0.145 0.2349 0.145 0.1452
241 0.2708 0.1958 0.1956 0.2191 0.1436 0.1436 0.2192 0.1436 0.1436
39 0.311 0.2319 0.232 0.2377 0.1597 0.16 0.2377 0.1597 0.1596
68 0.2389 0.1831 0.183 0.1787 0.1237 0.1238 0.1789 0.1236 0.1238
88 0.3446 0.2288 0.2288 0.2883 0.1716 0.1717 0.2883 0.1714 0.1722
29 0.2705 0.2159 0.2159 0.1967 0.1422 0.1421 0.1967 0.1421 0.1421
288 0.3591 0.2429 0.2429 0.2732 0.1565 0.1567 0.2731 0.1565 0.1562
357 0.3323 0.2598 0.2596 0.2367 0.1645 0.1647 0.2367 0.1645 0.1646
492 0.3032 0.2565 0.2565 0.205 0.1602 0.1603 0.2048 0.1602 0.1602
454 0.3159 0.2162 0.2162 0.2425 0.1415 0.1417 0.2419 0.1416 0.1415
145 0.2704 0.1933 0.1932 0.2277 0.1506 0.151 0.2277 0.1508 0.1509
317 0.2825 0.2118 0.2114 0.2122 0.1409 0.1409 0.2122 0.141 0.1409
500 0.325 0.2639 0.2639 0.246 0.1836 0.1831 0.2457 0.1835 0.1836
163 0.3152 0.2208 0.2208 0.2417 0.1474 0.1474 0.2414 0.1482 0.1478
423 0.4437 0.3347 0.3351 0.3345 0.2275 0.2275 0.3345 0.2273 0.2271
222 0.3051 0.2076 0.2077 0.234 0.1365 0.1364 0.2349 0.1373 0.1375
97 0.3189 0.2392 0.2391 0.2429 0.1631 0.163 0.243 0.1631 0.1632
10 0.2854 0.2197 0.2199 0.2073 0.1414 0.1415 0.2073 0.1413 0.1415
59 0.5473 0.4239 0.4252 0.4392 0.3089 0.3107 0.4392 0.3081 0.3099
377 0.3175 0.2513 0.2512 0.2161 0.1506 0.1504 0.2158 0.1506 0.1505
270 0.2356 0.1798 0.1798 0.188 0.1321 0.1321 0.1881 0.1321 0.1321
329 0.3194 0.2319 0.2319 0.2505 0.1627 0.1628 0.2506 0.1627 0.1629
250 0.4287 0.2354 0.2352 0.3788 0.1851 0.1856 0.3774 0.1861 0.185
202 0.3375 0.2636 0.2636 0.2462 0.172 0.172 0.2462 0.172 0.1733
261 0.3442 0.2458 0.2458 0.2591 0.1616 0.1615 0.2591 0.1619 0.1618
463 0.2844 0.214 0.214 0.2438 0.1724 0.1725 0.2433 0.1724 0.1725
404 0.3113 0.2371 0.2371 0.2504 0.1741 0.1739 0.2505 0.1737 0.1747
77 0.341 0.252 0.252 0.248 0.1572 0.1571 0.248 0.1572 0.1571
232 0.3103 0.234 0.2339 0.2489 0.1724 0.1724 0.2489 0.1725 0.172
69 0.2944 0.2129 0.213 0.2224 0.1406 0.1406 0.2224 0.1406 0.1406
435 0.3575 0.2437 0.2444 0.2885 0.1758 0.1761 0.2884 0.1757 0.1762
192 0.2397 0.1822 0.1821 0.1834 0.1245 0.1245 0.1834 0.1241 0.1249
134 0.2623 0.1926 0.1926 0.2056 0.1356 0.1356 0.2058 0.1354 0.1356
473 0.3255 0.221 0.221 0.2761 0.1724 0.1725 0.2761 0.1725 0.1733
242 0.3046 0.2307 0.2307 0.2307 0.1569 0.157 0.2307 0.1575 0.1577
40 0.2834 0.2108 0.2109 0.2297 0.1577 0.1578 0.2297 0.1577 0.1577
212 0.3076 0.2254 0.2258 0.243 0.161 0.1612 0.2429 0.1611 0.1612
106 0.2727 0.2017 0.2017 0.2207 0.1498 0.1498 0.2207 0.1499 0.1496
117 0.2554 0.1991 0.1995 0.1906 0.1343 0.1343 0.1904 0.1345 0.1353
184 0.3057 0.2016 0.2017 0.2492 0.1429 0.143 0.2491 0.1423 0.1427
309 0.2845 0.2292 0.2292 0.2268 0.1705 0.1712 0.2268 0.1705 0.1705
378 0.2905 0.2233 0.2233 0.2234 0.1556 0.1556 0.2234 0.1556 0.1553
289 0.2731 0.1962 0.1963 0.2024 0.1251 0.1252 0.2024 0.1252 0.1253
530 0.3605 0.2862 0.2858 0.2872 0.2124 0.2127 0.2872 0.2122 0.2126
98 0.3041 0.229 0.229 0.2306 0.1547 0.1549 0.2306 0.1547 0.1547
127 0.3099 0.238 0.238 0.2336 0.1628 0.1628 0.2336 0.1628 0.1628
193 0.2789 0.1981 0.1982 0.2237 0.1425 0.1425 0.2237 0.1425 0.1424
298 0.4033 0.2958 0.2959 0.29 0.1821 0.1821 0.2897 0.1821 0.1821
493 0.4035 0.2719 0.2719 0.3061 0.1703 0.1703 0.3061 0.1706 0.1705
396 0.4463 0.3568 0.3567 0.291 0.2021 0.2022 0.291 0.2021 0.2021
511 0.2844 0.2155 0.2156 0.2462 0.1767 0.1767 0.2462 0.1766 0.1766
174 0.3232 0.2375 0.2374 0.2447 0.1597 0.1598 0.2446 0.1598 0.16
282 0.3193 0.2474 0.2475 0.2146 0.1432 0.1432 0.2146 0.1436 0.1431
521 0.2789 0.2087 0.2075 0.2316 0.1612 0.1612 0.2316 0.161 0.1609
20 0.3149 0.2005 0.2008 0.2517 0.1384 0.1385 0.2517 0.1394 0.1386
30 0.3573 0.2624 0.2624 0.2647 0.1697 0.1696 0.2647 0.1696 0.1691
223 0.265 0.2042 0.2041 0.1899 0.129 0.129 0.1899 0.1289 0.1291
146 0.319 0.2453 0.247 0.2291 0.1557 0.1562 0.2289 0.1557 0.1558
414 0.3087 0.2353 0.2395 0.2185 0.1458 0.1459 0.2185 0.1459 0.1453
348 0.4023 0.2827 0.2826 0.3062 0.1876 0.1877 0.3063 0.1876 0.1873
330 0.2831 0.2084 0.209 0.2281 0.1536 0.1537 0.2281 0.1538 0.1538
11 0.4761 0.2867 0.2866 0.3869 0.2058 0.2059 0.3867 0.2058 0.2054
89 0.5367 0.242 0.2418 0.48 0.1851 0.1852 0.4799 0.1852 0.1842
387 0.2735 0.2081 0.2082 0.2047 0.1398 0.14 0.2048 0.14 0.1399
339 0.4379 0.3309 0.3309 0.3305 0.2225 0.222 0.3306 0.2217 0.2239
155 0.2665 0.1924 0.1922 0.2119 0.1384 0.1384 0.2121 0.1386 0.1384
251 0.2824 0.2195 0.2195 0.2197 0.1566 0.1564 0.2196 0.1566 0.1564
464 0.262 0.1936 0.1936 0.207 0.1385 0.1385 0.207 0.1381 0.1382
203 0.2512 0.1921 0.1921 0.1995 0.1399 0.1399 0.1995 0.1395 0.1397
233 0.2765 0.1985 0.1986 0.2222 0.1445 0.1446 0.2222 0.1448 0.1446
501 0.2497 0.1999 0.1999 0.2004 0.1505 0.1505 0.2004 0.1505 0.1511
444 0.2732 0.1983 0.1983 0.2215 0.1468 0.1468 0.2214 0.1467 0.1465
271 0.2841 0.2284 0.2283 0.2033 0.1472 0.1471 0.2033 0.1472 0.147
424 0.2915 0.2005 0.2005 0.2344 0.144 0.144 0.2343 0.1439 0.1437
135 0.3007 0.2222 0.2203 0.2338 0.1557 0.1557 0.2335 0.1558 0.1557
118 0.3102 0.2644 0.2643 0.1995 0.1554 0.1555 0.1998 0.1561 0.1558
358 0.3106 0.2271 0.2269 0.2299 0.1467 0.1465 0.23 0.148 0.1463
49 0.279 0.2048 0.2053 0.2356 0.1617 0.162 0.2356 0.1617 0.1621
367 0.3846 0.2851 0.2849 0.2719 0.1782 0.178 0.2719 0.1783 0.1777
405 0.3167 0.2293 0.2293 0.2384 0.1491 0.1495 0.2384 0.1492 0.1491
262 0.2643 0.2049 0.205 0.1963 0.1366 0.1364 0.1961 0.1366 0.1364
283 0.3193 0.1957 0.1957 0.2631 0.1393 0.1394 0.2631 0.1395 0.1395
474 0.3247 0.2497 0.2499 0.2251 0.1525 0.153 0.2251 0.1525 0.1526
70 0.421 0.2899 0.2898 0.3385 0.2062 0.2061 0.3381 0.2061 0.2061
290 0.259 0.2032 0.2034 0.1818 0.126 0.1261 0.1818 0.126 0.1261
331 0.3223 0.238 0.2379 0.2408 0.1572 0.1571 0.2408 0.157 0.1568
128 0.31 0.239 0.239 0.2294 0.1585 0.1584 0.2294 0.1584 0.158
494 0.2372 0.1921 0.1921 0.1889 0.1439 0.1439 0.1889 0.1439 0.144
78 0.3224 0.2302 0.2294 0.2445 0.1528 0.1527 0.2449 0.1528 0.153
60 0.2682 0.1982 0.1979 0.2074 0.1377 0.1374 0.2073 0.1385 0.1376
318 0.3714 0.2545 0.2539 0.2855 0.1679 0.1679 0.2859 0.1676 0.1677
185 0.3251 0.2443 0.2445 0.2498 0.1706 0.1708 0.2497 0.1708 0.1714
194 0.3192 0.2383 0.2383 0.2325 0.1525 0.1526 0.2325 0.1523 0.1522
99 0.2763 0.194 0.1941 0.2272 0.1453 0.1454 0.2272 0.1453 0.1452
164 0.2835 0.2019 0.2019 0.2305 0.15 0.1502 0.2305 0.1502 0.1501
243 0.2732 0.2105 0.2103 0.2018 0.1403 0.1399 0.2018 0.1403 0.14
397 0.2645 0.201 0.201 0.2096 0.1461 0.1463 0.2096 0.1464 0.1461
175 0.3602 0.2631 0.2623 0.2795 0.1821 0.1821 0.2794 0.1821 0.1821
41 0.3471 0.2717 0.2714 0.2547 0.1794 0.1787 0.2547 0.1795 0.1788
483 0.3833 0.2439 0.2437 0.3171 0.1778 0.1781 0.3169 0.1781 0.1781
213 0.3557 0.2691 0.2691 0.2716 0.1848 0.1848 0.2716 0.1848 0.1846
31 0.291 0.2087 0.209 0.2418 0.1596 0.1592 0.2418 0.1596 0.1593
252 0.2486 0.1949 0.195 0.1897 0.1358 0.1359 0.1897 0.1357 0.136
224 0.3912 0.2703 0.2703 0.3073 0.1871 0.1873 0.3073 0.1871 0.1867
12 0.3001 0.2331 0.233 0.2426 0.1765 0.1766 0.2426 0.1764 0.1759
445 0.4199 0.2991 0.2995 0.3166 0.1958 0.1959 0.3166 0.1959 0.1958
349 0.2754 0.2019 0.2019 0.2205 0.1473 0.1473 0.2205 0.1474 0.1475
379 0.3115 0.2321 0.2318 0.2353 0.1564 0.1571 0.2354 0.1564 0.1573
310 0.3386 0.2302 0.2303 0.2576 0.1475 0.1476 0.2576 0.1488 0.1473
79 0.319 0.2149 0.2146 0.2455 0.1411 0.141 0.2455 0.141 0.141
204 0.3053 0.2413 0.2412 0.2325 0.1691 0.1689 0.2325 0.1692 0.1689
340 0.3039 0.2114 0.212 0.2498 0.1562 0.1569 0.2496 0.1563 0.1569
156 0.3099 0.1976 0.1976 0.2589 0.1466 0.1465 0.2589 0.1466 0.1464
71 0.3168 0.2174 0.2182 0.247 0.1474 0.1477 0.2472 0.1474 0.1481
263 0.2425 0.1963 0.1962 0.1772 0.1314 0.1314 0.1772 0.1315 0.1317
388 0.3376 0.252 0.252 0.2882 0.2014 0.2013 0.2881 0.2011 0.2011
465 0.3118 0.2295 0.2294 0.2456 0.1646 0.1645 0.2456 0.1646 0.164
512 0.2441 0.1927 0.1935 0.1895 0.1374 0.1373 0.1902 0.1382 0.1408
61 0.32 0.2394 0.2395 0.2377 0.1585 0.1586 0.2377 0.1584 0.1584
147 0.3507 0.2772 0.2773 0.2837 0.2101 0.2097 0.2838 0.2107 0.2092
291 0.3 0.2243 0.2243 0.2293 0.1534 0.1535 0.2283 0.1534 0.153
368 0.2781 0.2146 0.2146 0.2153 0.1532 0.1533 0.2153 0.1532 0.1537
531 0.45 0.2935 0.2999 0.3487 0.1966 0.1964 0.3486 0.1974 0.1963
425 0.3077 0.2466 0.2467 0.2354 0.1741 0.1741 0.2354 0.1741 0.174
436 0.293 0.2255 0.2237 0.2237 0.1569 0.1575 0.2237 0.1575 0.1572
234 0.314 0.2612 0.2616 0.2134 0.1618 0.1619 0.2133 0.1618 0.1617
415 0.2584 0.1907 0.1907 0.2045 0.1365 0.1371 0.2045 0.137 0.1372
195 0.3032 0.2087 0.2087 0.246 0.1511 0.1511 0.246 0.1511 0.1519
332 0.2822 0.2056 0.2053 0.2101 0.1338 0.1339 0.21 0.1344 0.1337
32 0.4472 0.3454 0.3451 0.3137 0.2101 0.2099 0.3141 0.2101 0.2101
129 0.3707 0.2611 0.2612 0.2831 0.1722 0.1722 0.2831 0.1723 0.172
107 0.2887 0.2167 0.2167 0.244 0.1743 0.1743 0.2436 0.1744 0.1737
398 0.3189 0.2288 0.2288 0.2426 0.1525 0.1525 0.2432 0.1525 0.1529
50 0.3466 0.2402 0.2401 0.2592 0.153 0.1534 0.2592 0.153 0.1531
350 0.3273 0.2231 0.223 0.2795 0.1747 0.1748 0.2795 0.1747 0.1749
186 0.3335 0.2407 0.2407 0.2738 0.1815 0.1818 0.2739 0.1816 0.1816
136 0.3787 0.26 0.2601 0.3035 0.1852 0.1852 0.3035 0.1851 0.1847
495 0.3743 0.2647 0.2646 0.2744 0.1657 0.1657 0.2743 0.1652 0.1663
455 0.2686 0.2295 0.2295 0.1839 0.1441 0.1443 0.1839 0.1439 0.1443
475 0.315 0.2486 0.2485 0.213 0.1473 0.1473 0.213 0.1473 0.1498
513 0.373 0.272 0.2721 0.3 0.1985 0.1986 0.3001 0.1985 0.1985
100 0.2597 0.207 0.207 0.1975 0.145 0.1449 0.1972 0.1454 0.145
522 0.3024 0.2005 0.2012 0.2394 0.1379 0.1381 0.2394 0.138 0.138
369 0.2882 0.2146 0.2148 0.2177 0.1425 0.1424 0.2176 0.1424 0.1426
380 0.3075 0.2245 0.2245 0.2518 0.1695 0.1695 0.2518 0.1695 0.1695
284 0.3368 0.2422 0.242 0.2394 0.1441 0.1439 0.2394 0.1441 0.1444
292 0.2871 0.2249 0.2252 0.2302 0.167 0.1669 0.2302 0.1677 0.1675
21 0.2815 0.2103 0.2091 0.2119 0.1399 0.1399 0.2117 0.1404 0.1399
532 0.32 0.2392 0.2391 0.2415 0.1612 0.1613 0.2416 0.1613 0.1611
264 0.2684 0.1924 0.1924 0.2193 0.1436 0.1435 0.2193 0.1435 0.1436
446 0.3657 0.2857 0.2857 0.2735 0.1913 0.1915 0.2735 0.1914 0.1924
484 0.3253 0.2088 0.2088 0.2533 0.1376 0.1377 0.2533 0.1377 0.1377
90 0.6176 0.2861 0.2849 0.5459 0.2113 0.212 0.5448 0.2098 0.2117
253 0.3002 0.2331 0.2329 0.214 0.1471 0.1471 0.214 0.1474 0.1473
476 0.2417 0.1895 0.1895 0.1867 0.1346 0.1347 0.1867 0.1345 0.1347
311 0.2931 0.2318 0.2318 0.2201 0.1582 0.158 0.2201 0.1582 0.158
80 0.2897 0.2229 0.2231 0.2234 0.1567 0.1566 0.2235 0.1566 0.1567
502 0.333 0.2356 0.2356 0.2711 0.1728 0.1727 0.271 0.1732 0.1731
272 0.3907 0.2848 0.2846 0.3131 0.2059 0.2061 0.3104 0.206 0.2061
42 0.3871 0.2732 0.2732 0.2962 0.1839 0.184 0.2963 0.1837 0.1826
225 0.2564 0.2083 0.2084 0.2004 0.1525 0.1527 0.2004 0.1522 0.1523
214 0.3507 0.2475 0.2471 0.2747 0.1709 0.1727 0.2747 0.1726 0.1718
130 0.2723 0.1824 0.1824 0.2197 0.1295 0.1294 0.2197 0.1294 0.1294
176 0.3942 0.3062 0.3064 0.2548 0.1672 0.1672 0.2548 0.1672 0.168
13 0.245 0.188 0.188 0.1859 0.1288 0.1287 0.1857 0.1287 0.1283
148 0.2952 0.2099 0.2099 0.2237 0.1385 0.1386 0.2236 0.1386 0.1382
299 0.3029 0.2057 0.2058 0.2417 0.1434 0.1422 0.2417 0.1433 0.1434
406 0.384 0.2898 0.2898 0.2822 0.1931 0.1931 0.282 0.193 0.1929
157 0.2844 0.2228 0.2225 0.2255 0.1642 0.1642 0.2254 0.1638 0.1639
319 0.315 0.242 0.2423 0.2267 0.154 0.1541 0.2266 0.1538 0.1538
205 0.3094 0.2213 0.2209 0.2527 0.1633 0.1623 0.2527 0.1633 0.1624
235 0.4479 0.3423 0.3427 0.3022 0.1945 0.1941 0.3019 0.1945 0.1944
389 0.4147 0.2988 0.2989 0.3533 0.2335 0.2336 0.3532 0.2342 0.2335
466 0.3228 0.2462 0.2462 0.2369 0.1597 0.1595 0.2369 0.1596 0.1597
437 0.3934 0.2931 0.2931 0.2998 0.1978 0.1978 0.2998 0.1978 0.198
359 0.3422 0.2591 0.2583 0.2529 0.1701 0.1707 0.2537 0.1704 0.1704
312 0.3901 0.2626 0.2626 0.3269 0.1988 0.1987 0.3269 0.1987 0.1987
416 0.3075 0.2367 0.2367 0.2417 0.1708 0.171 0.2417 0.1714 0.1712
165 0.3269 0.255 0.2553 0.2157 0.1417 0.1418 0.2157 0.1419 0.1418
72 0.2487 0.1912 0.1921 0.1981 0.1415 0.1415 0.1981 0.1415 0.1413
91 0.3166 0.2274 0.2274 0.2507 0.1617 0.162 0.2492 0.1614 0.1615
244 0.3196 0.2536 0.2528 0.24 0.1728 0.1724 0.24 0.1727 0.1725
137 0.4103 0.2736 0.2735 0.3334 0.1947 0.1891 0.3333 0.1898 0.1899
187 0.4091 0.258 0.2581 0.3373 0.1853 0.1853 0.3373 0.1861 0.1848
196 0.3125 0.2127 0.2134 0.2464 0.1471 0.1472 0.2465 0.1474 0.1475
496 0.2836 0.2109 0.2109 0.22 0.1478 0.1483 0.22 0.1475 0.1478
119 0.3434 0.288 0.2878 0.2705 0.2103 0.2109 0.2697 0.2098 0.2107
62 0.2512 0.1871 0.1871 0.2054 0.1411 0.141 0.2065 0.1416 0.1412
81 0.2924 0.2168 0.2167 0.2352 0.1604 0.1603 0.2354 0.1604 0.1603
399 0.2692 0.2025 0.2026 0.2139 0.1459 0.1459 0.2139 0.147 0.1459
341 0.3697 0.2781 0.2781 0.2989 0.2065 0.2064 0.2984 0.2065 0.2064
101 0.3133 0.212 0.212 0.2439 0.143 0.143 0.2439 0.143 0.1439
51 0.313 0.2333 0.2332 0.2273 0.1474 0.1473 0.2272 0.1472 0.1484
293 0.2945 0.1954 0.1954 0.2331 0.1336 0.1336 0.2331 0.1337 0.1336
33 0.3072 0.2183 0.2151 0.2295 0.1411 0.1411 0.2286 0.1417 0.142
351 0.2707 0.1842 0.1842 0.2274 0.141 0.1415 0.228 0.1419 0.1414
333 0.2471 0.1747 0.1748 0.2018 0.129 0.1299 0.2018 0.129 0.1294
43 0.2827 0.1936 0.194 0.2196 0.1293 0.1293 0.2196 0.1293 0.1293
407 0.3171 0.2376 0.2377 0.2404 0.1618 0.1618 0.2404 0.1618 0.1619
503 0.3066 0.2263 0.226 0.2388 0.1584 0.158 0.2388 0.1583 0.1583
265 0.2548 0.1915 0.1915 0.2083 0.1454 0.1454 0.2083 0.1452 0.1452
438 0.2749 0.2055 0.208 0.1984 0.1293 0.1292 0.1984 0.1289 0.1291
149 0.2617 0.196 0.1959 0.2161 0.1503 0.1503 0.2159 0.1501 0.1502
22 0.2616 0.2134 0.2134 0.1884 0.1396 0.1397 0.1884 0.14 0.1398
215 0.3064 0.2218 0.2221 0.2581 0.1739 0.1741 0.2581 0.1739 0.1739
320 0.3393 0.2353 0.2352 0.2727 0.1684 0.1688 0.2727 0.1684 0.1683
447 0.303 0.2206 0.2206 0.2278 0.1456 0.1456 0.2278 0.1457 0.1456
514 0.3211 0.2412 0.2409 0.2326 0.1517 0.1518 0.2325 0.1527 0.1524
285 0.356 0.2869 0.2869 0.2485 0.1794 0.1794 0.2485 0.1794 0.1789
485 0.3578 0.2724 0.2724 0.2844 0.1985 0.1987 0.2844 0.1988 0.1987
63 0.3305 0.2315 0.2314 0.262 0.1626 0.1625 0.262 0.1626 0.1627
381 0.2806 0.2228 0.2227 0.19 0.1321 0.1324 0.1904 0.1322 0.1331
254 0.3082 0.2185 0.2185 0.2318 0.141 0.141 0.2318 0.1408 0.1411
477 0.2718 0.201 0.2015 0.2066 0.1373 0.1378 0.2066 0.1372 0.1373
14 0.3046 0.2243 0.2247 0.2456 0.1647 0.165 0.2456 0.1646 0.1654
273 0.2238 0.1785 0.1787 0.1837 0.1383 0.1383 0.1837 0.1385 0.1382
313 0.2935 0.2031 0.203 0.237 0.1472 0.1473 0.237 0.1473 0.1465
523 0.3163 0.2519 0.2516 0.205 0.1409 0.1411 0.205 0.1409 0.1408
158 0.2634 0.1948 0.1947 0.2119 0.1429 0.1428 0.2119 0.1431 0.1425
108 0.3521 0.2686 0.2684 0.28 0.197 0.1967 0.2798 0.197 0.1976
533 0.2692 0.1941 0.194 0.2214 0.1465 0.1466 0.2214 0.1473 0.1476
82 0.2673 0.1884 0.1891 0.2271 0.1494 0.1494 0.2271 0.1495 0.1499
23 0.2967 0.2476 0.2477 0.2181 0.1707 0.1709 0.2181 0.1707 0.1707
226 0.3748 0.2764 0.2763 0.2831 0.184 0.1839 0.2827 0.184 0.1835
102 0.2892 0.2294 0.2293 0.2187 0.1585 0.1584 0.2187 0.1585 0.1587
236 0.2597 0.2107 0.2109 0.2124 0.1622 0.1622 0.2122 0.1621 0.1627
334 0.3028 0.2296 0.2284 0.2195 0.1452 0.1452 0.2195 0.1452 0.1452
120 0.2685 0.2029 0.2028 0.2098 0.1432 0.1432 0.2097 0.1432 0.1431
188 0.3813 0.2287 0.2278 0.318 0.1659 0.1652 0.3176 0.1659 0.1655
206 0.2437 0.1978 0.1978 0.1826 0.1362 0.1362 0.1826 0.1357 0.1358
300 0.3338 0.2505 0.2506 0.2477 0.1644 0.1644 0.2477 0.1644 0.1642
131 0.2678 0.1939 0.194 0.2248 0.1509 0.1509 0.2238 0.151 0.1509
400 0.4091 0.2947 0.2946 0.3243 0.209 0.2094 0.3243 0.2092 0.2085
456 0.3694 0.2594 0.2602 0.2881 0.1776 0.1786 0.2886 0.1786 0.1776
504 0.2502 0.1925 0.1925 0.1939 0.135 0.1349 0.1939 0.1353 0.1351
177 0.2793 0.1964 0.1964 0.2284 0.1457 0.1457 0.2291 0.1469 0.1459
52 0.3119 0.2515 0.2514 0.2255 0.1659 0.1658 0.2255 0.1659 0.1656
245 0.3587 0.224 0.2239 0.313 0.1797 0.1797 0.313 0.1797 0.1794
360 0.2918 0.2084 0.2081 0.2231 0.1404 0.1403 0.2231 0.1406 0.1403
266 0.3465 0.2793 0.2793 0.2294 0.1623 0.1623 0.2293 0.1622 0.1624
426 0.5023 0.3527 0.3531 0.3673 0.2292 0.2277 0.3662 0.229 0.2269
497 0.359 0.2734 0.2734 0.2483 0.1636 0.1636 0.2482 0.1632 0.1639
274 0.3195 0.2297 0.2298 0.248 0.157 0.157 0.248 0.1569 0.1574
73 0.2836 0.213 0.2127 0.2231 0.1532 0.1531 0.2232 0.153 0.153
390 0.3137 0.2173 0.2173 0.2398 0.144 0.144 0.2399 0.1437 0.1437
321 0.2628 0.1907 0.1908 0.194 0.1213 0.1212 0.194 0.1214 0.1211
439 0.2969 0.2251 0.2252 0.2321 0.1612 0.1612 0.2321 0.161 0.1617
534 0.3455 0.2706 0.2702 0.2316 0.1575 0.1573 0.2316 0.1575 0.1571
352 0.2974 0.2281 0.2281 0.2281 0.1599 0.16 0.2281 0.1598 0.16
216 0.2928 0.2122 0.2128 0.2419 0.1614 0.1614 0.2418 0.1611 0.162
121 0.3535 0.2325 0.2324 0.2955 0.1722 0.1721 0.2956 0.1726 0.1725
486 0.3169 0.2433 0.2434 0.2438 0.1674 0.1676 0.2439 0.1675 0.1673
150 0.311 0.2417 0.2418 0.2116 0.1439 0.1439 0.2116 0.1442 0.1439
370 0.3961 0.2595 0.2591 0.287 0.1514 0.1513 0.2852 0.1511 0.1516
382 0.3046 0.226 0.2261 0.2338 0.1559 0.1561 0.2338 0.1562 0.156
286 0.3132 0.2376 0.2376 0.2362 0.1606 0.1606 0.2356 0.1606 0.1605
166 0.3604 0.25 0.2509 0.2851 0.1756 0.1757 0.2866 0.1757 0.1759
92 0.3166 0.2341 0.2349 0.2449 0.1628 0.1628 0.2446 0.1623 0.1627
207 0.3026 0.2157 0.2164 0.2412 0.1542 0.1542 0.2412 0.1545 0.1542
294 0.31 0.2206 0.2206 0.2509 0.1617 0.1617 0.2507 0.1616 0.1617
448 0.2973 0.204 0.2041 0.2323 0.1383 0.1386 0.2323 0.1384 0.1383
314 0.2889 0.23 0.2312 0.2146 0.1556 0.1557 0.2146 0.1549 0.1549
255 0.3327 0.2269 0.2269 0.2551 0.1499 0.1502 0.2551 0.15 0.1498
197 0.326 0.2336 0.2337 0.2621 0.1693 0.1689 0.262 0.1693 0.1698
109 0.3012 0.226 0.2259 0.2266 0.1512 0.1513 0.2265 0.1513 0.1513
24 0.3304 0.2468 0.2469 0.2226 0.1387 0.1391 0.2226 0.1387 0.1387
467 0.4009 0.3207 0.3211 0.2715 0.1905 0.1906 0.2715 0.1919 0.1901
524 0.3372 0.2355 0.2355 0.255 0.1553 0.1553 0.2549 0.1553 0.1553
301 0.3335 0.238 0.2381 0.2674 0.173 0.173 0.2674 0.1731 0.1728
44 0.3109 0.2345 0.2346 0.2356 0.1587 0.1588 0.2354 0.1587 0.1587
417 0.3138 0.2222 0.2216 0.2656 0.1729 0.1731 0.2656 0.1732 0.1729
427 0.3208 0.2094 0.2098 0.2654 0.1537 0.1536 0.2654 0.1536 0.1536
15 0.3083 0.214 0.2139 0.2332 0.1424 0.1424 0.2338 0.1429 0.1426
237 0.2715 0.1903 0.1902 0.2267 0.1453 0.1453 0.2267 0.1453 0.1448
267 0.3131 0.233 0.2328 0.2335 0.1531 0.1531 0.2334 0.153 0.1531
478 0.3217 0.2175 0.2175 0.2487 0.1433 0.1433 0.2474 0.1433 0.1432
505 0.2488 0.192 0.195 0.1957 0.1417 0.1412 0.1957 0.1417 0.1418
159 0.2472 0.1997 0.1998 0.2015 0.1542 0.1543 0.2015 0.1542 0.1541
246 0.2579 0.1832 0.183 0.2028 0.1284 0.1285 0.2028 0.1284 0.1284
122 0.2545 0.1945 0.1945 0.1969 0.1372 0.1372 0.1968 0.1372 0.1379
353 0.3126 0.226 0.226 0.2318 0.1449 0.1449 0.2318 0.1449 0.145
401 0.3216 0.2337 0.2335 0.2662 0.1775 0.1776 0.2662 0.1775 0.1775
256 0.2685 0.1911 0.1911 0.2186 0.1419 0.142 0.2186 0.142 0.1419
64 0.2503 0.192 0.1919 0.186 0.1273 0.1272 0.186 0.1282 0.1279
178 0.2692 0.2072 0.2072 0.2002 0.1383 0.1381 0.2002 0.1386 0.1383
361 0.3189 0.244 0.2442 0.2332 0.1606 0.1607 0.2332 0.1608 0.1607
383 0.2794 0.2133 0.2138 0.2254 0.1585 0.1585 0.2254 0.1584 0.1581
342 0.2729 0.2016 0.2015 0.2059 0.135 0.1358 0.2059 0.135 0.1353
189 0.2486 0.1828 0.1832 0.2047 0.1395 0.1396 0.2047 0.1395 0.1393
132 0.3104 0.2455 0.2453 0.2205 0.1561 0.1561 0.2205 0.156 0.156
408 0.304 0.2145 0.2145 0.2415 0.1525 0.1526 0.2419 0.1524 0.1529
335 0.3329 0.2153 0.2153 0.2627 0.1466 0.1465 0.2627 0.1468 0.1465
93 0.3129 0.2437 0.2437 0.2421 0.1691 0.1693 0.242 0.1691 0.1696
151 0.3137 0.2376 0.2376 0.2364 0.1601 0.1601 0.2364 0.16 0.1606
322 0.3969 0.2668 0.2669 0.3291 0.1967 0.197 0.3291 0.1967 0.1965
103 0.3051 0.2447 0.2446 0.2126 0.1507 0.1506 0.2126 0.1508 0.1505
53 0.3056 0.2363 0.2363 0.243 0.1743 0.1744 0.2429 0.1744 0.1743
449 0.3737 0.2779 0.2778 0.2777 0.1783 0.1783 0.2777 0.1781 0.1783
34 0.3598 0.2667 0.2666 0.2692 0.1737 0.174 0.269 0.1737 0.1737
160 0.2697 0.191 0.1886 0.2074 0.1296 0.1295 0.2074 0.1295 0.1295
428 0.2798 0.2063 0.2064 0.2188 0.1454 0.1454 0.2188 0.1454 0.1455
138 0.2646 0.1884 0.1882 0.2246 0.1488 0.1487 0.2243 0.1489 0.1491
208 0.3291 0.2128 0.2127 0.2692 0.1527 0.1536 0.269 0.1533 0.1534
315 0.3113 0.2315 0.2316 0.2525 0.1726 0.1726 0.2525 0.1727 0.1725
83 0.3256 0.256 0.2561 0.2286 0.16 0.1601 0.2286 0.16 0.1598
457 0.4342 0.3021 0.3019 0.373 0.2428 0.2507 0.3697 0.25 0.2489
247 0.3343 0.2201 0.22 0.2733 0.16 0.1601 0.2733 0.1602 0.1602
515 0.3075 0.2433 0.2454 0.2226 0.1602 0.16 0.2227 0.1608 0.1654
25 0.3059 0.2157 0.2154 0.2451 0.1557 0.1556 0.2452 0.1557 0.1557
110 0.3358 0.2504 0.2504 0.2435 0.1584 0.1586 0.2433 0.1591 0.1588
275 0.5973 0.3644 0.3641 0.5299 0.2976 0.2997 0.5254 0.2974 0.2976
535 0.5907 0.4014 0.4004 0.4562 0.2629 0.2629 0.4562 0.2622 0.2629
179 0.2662 0.2017 0.2017 0.2173 0.1529 0.1528 0.2173 0.1526 0.1527
217 0.2932 0.1949 0.1951 0.2403 0.1422 0.142 0.2403 0.142 0.1427
525 0.3276 0.2577 0.2578 0.2312 0.1595 0.1596 0.2312 0.1595 0.1594
440 0.3758 0.2741 0.2737 0.2963 0.1885 0.1879 0.2957 0.1887 0.1884
94 0.2816 0.2186 0.2186 0.2141 0.1505 0.1506 0.2141 0.1505 0.1505
391 0.4215 0.2641 0.2642 0.3232 0.1668 0.1667 0.3233 0.1673 0.1668
323 0.2321 0.1718 0.1713 0.1872 0.1272 0.1272 0.1872 0.1272 0.1272
429 0.29 0.2119 0.2122 0.2448 0.1669 0.1669 0.2449 0.1669 0.167
257 0.2731 0.2088 0.2089 0.2112 0.1461 0.1461 0.2111 0.1461 0.1461
16 0.2958 0.2115 0.2116 0.2409 0.1558 0.1558 0.2409 0.1567 0.1557
295 0.2746 0.1992 0.1991 0.2255 0.1495 0.1495 0.2255 0.1499 0.1492
479 0.2373 0.1823 0.1823 0.1807 0.126 0.126 0.1807 0.1259 0.1258
371 0.314 0.2085 0.21 0.2544 0.1504 0.1506 0.2544 0.1515 0.1514
418 0.2981 0.2192 0.2193 0.2405 0.1624 0.1624 0.2405 0.1623 0.1623
238 0.2905 0.2072 0.2072 0.2267 0.1441 0.1441 0.2267 0.144 0.1442
26 0.3907 0.2574 0.2574 0.3171 0.1842 0.1842 0.3171 0.1841 0.1841
402 0.2759 0.2118 0.2118 0.2159 0.1526 0.1526 0.216 0.1525 0.1532
450 0.365 0.2555 0.2556 0.2981 0.1866 0.1867 0.2981 0.1867 0.1866
354 0.3235 0.2332 0.2325 0.2532 0.1609 0.1608 0.2532 0.1608 0.1613
227 0.2948 0.2283 0.2293 0.2258 0.16 0.1597 0.2258 0.16 0.16
487 0.3152 0.2142 0.2145 0.2532 0.1522 0.1523 0.2532 0.152 0.1521
167 0.3606 0.2774 0.2762 0.2458 0.161 0.1606 0.2458 0.161 0.1603
123 0.3295 0.2387 0.2383 0.2594 0.1696 0.1696 0.2591 0.1701 0.1694
45 0.2725 0.2109 0.211 0.207 0.1457 0.145 0.2071 0.1455 0.1458
209 0.2605 0.2013 0.2014 0.1895 0.1301 0.1302 0.1895 0.1301 0.1301
506 0.2931 0.2253 0.2253 0.2046 0.1373 0.1373 0.2047 0.1375 0.1377
409 0.3115 0.2451 0.2452 0.2293 0.163 0.163 0.2292 0.1629 0.1631
74 0.3136 0.2508 0.2498 0.2155 0.1472 0.147 0.2155 0.1473 0.1473
65 0.3215 0.2267 0.2267 0.2317 0.136 0.1367 0.2316 0.1367 0.136
161 0.3037 0.2223 0.2223 0.2531 0.1719 0.1719 0.2531 0.1719 0.1719
498 0.3501 0.2718 0.2747 0.2516 0.1749 0.1756 0.2515 0.1755 0.1754
343 0.3778 0.2794 0.2792 0.286 0.1889 0.1885 0.286 0.1889 0.189
458 0.4166 0.283 0.283 0.3147 0.1795 0.1795 0.3147 0.18 0.1796
190 0.3088 0.2358 0.2357 0.2144 0.1411 0.141 0.2144 0.1421 0.1409
362 0.2738 0.1843 0.1852 0.2316 0.1424 0.1424 0.2317 0.1424 0.1427
392 0.2474 0.1894 0.1894 0.1981 0.1401 0.1402 0.1983 0.1402 0.1402
516 0.3216 0.2311 0.231 0.2521 0.1608 0.1606 0.2521 0.1608 0.161
276 0.293 0.2165 0.2191 0.2076 0.1324 0.1325 0.2076 0.1325 0.1325
139 0.2886 0.2196 0.2196 0.2291 0.1605 0.1605 0.2291 0.1604 0.1608
468 0.3344 0.2491 0.2491 0.2434 0.1585 0.1584 0.2439 0.1585 0.1588
441 0.3008 0.223 0.223 0.2449 0.1677 0.1672 0.2449 0.1677 0.1679
302 0.2971 0.2212 0.2219 0.2482 0.1731 0.1731 0.2484 0.173 0.173
198 0.2679 0.2061 0.2051 0.2076 0.1449 0.1446 0.2076 0.145 0.1442
111 0.2799 0.2293 0.2293 0.2054 0.1551 0.1551 0.2054 0.1551 0.1551
419 0.3251 0.2581 0.258 0.2118 0.1451 0.1452 0.2117 0.145 0.145
152 0.2601 0.2169 0.2135 0.1683 0.1249 0.1248 0.1685 0.1249 0.125
536 0.3071 0.2212 0.2212 0.2357 0.1493 0.1492 0.2358 0.1493 0.1491
248 0.31 0.2312 0.2313 0.2287 0.1483 0.1485 0.2285 0.1481 0.1478
180 0.3663 0.2656 0.2654 0.2962 0.1953 0.1958 0.2962 0.1953 0.1952
363 0.2885 0.222 0.2222 0.2083 0.1449 0.1448 0.2083 0.1449 0.1446
488 0.3699 0.2563 0.256 0.288 0.1755 0.1754 0.288 0.1757 0.1756
218 0.3011 0.2247 0.2248 0.2367 0.1596 0.1595 0.2367 0.1595 0.1606
258 0.2937 0.1928 0.1929 0.2437 0.144 0.1442 0.2437 0.144 0.1439
410 0.353 0.2324 0.2325 0.2637 0.1441 0.1441 0.2637 0.1441 0.1441
84 0.268 0.1852 0.1853 0.2135 0.1315 0.1319 0.2135 0.1314 0.1314
459 0.3154 0.2287 0.2286 0.2488 0.1607 0.1605 0.2487 0.1606 0.1608
54 0.28 0.2174 0.2174 0.2048 0.1422 0.1421 0.2048 0.1422 0.1424
228 0.3659 0.243 0.243 0.2996 0.1762 0.1762 0.2995 0.1768 0.176
324 0.2449 0.1866 0.1871 0.1917 0.1333 0.1333 0.1916 0.1332 0.1333
296 0.2993 0.2194 0.2194 0.2356 0.1564 0.1561 0.2356 0.1563 0.1561
17 0.3654 0.2724 0.2724 0.2763 0.1834 0.1834 0.2764 0.1834 0.1833
46 0.3979 0.2863 0.2864 0.2801 0.1662 0.1661 0.2801 0.1662 0.1668
35 0.2437 0.1857 0.1855 0.1919 0.1332 0.1336 0.1918 0.1331 0.1329
526 0.279 0.2254 0.2255 0.2039 0.1502 0.15 0.2039 0.1506 0.15
372 0.2936 0.2168 0.2168 0.2222 0.146 0.1463 0.2224 0.1464 0.1463
168 0.272 0.2115 0.2115 0.2171 0.157 0.1569 0.217 0.1571 0.1571
229 0.3874 0.2522 0.2521 0.3177 0.1833 0.1835 0.3177 0.1834 0.1834
489 0.2575 0.2071 0.2071 0.1922 0.1415 0.1415 0.1921 0.1415 0.1415
507 0.3555 0.2389 0.239 0.2837 0.1649 0.1649 0.2833 0.1646 0.165
344 0.3039 0.2172 0.2165 0.2463 0.1595 0.1589 0.2463 0.1595 0.1589
219 0.262 0.2128 0.2128 0.1909 0.1419 0.1419 0.1909 0.1418 0.1416
303 0.2721 0.2041 0.2041 0.2192 0.1517 0.1518 0.2191 0.1517 0.1515
420 0.3155 0.2446 0.2448 0.2373 0.1669 0.1671 0.2373 0.1671 0.1666
517 0.3484 0.2565 0.257 0.2755 0.1819 0.182 0.2755 0.1824 0.1826
430 0.2851 0.2208 0.2206 0.22 0.1555 0.1563 0.2199 0.1555 0.1556
140 0.2973 0.2334 0.2335 0.2241 0.1604 0.1604 0.2241 0.1606 0.1604
277 0.3583 0.2537 0.2537 0.3034 0.198 0.1979 0.3034 0.1976 0.1977
469 0.3661 0.2236 0.2236 0.2983 0.1565 0.1566 0.2981 0.1571 0.1562
55 0.3287 0.2526 0.2525 0.2352 0.1581 0.1582 0.2352 0.1582 0.1582
364 0.3125 0.2276 0.2289 0.2461 0.1624 0.1623 0.2478 0.164 0.1623
460 0.2762 0.1809 0.1808 0.2387 0.1427 0.1424 0.2387 0.1426 0.1428
527 0.4765 0.3817 0.3818 0.2865 0.1904 0.1894 0.2865 0.1907 0.1895
537 0.3331 0.2387 0.2387 0.2455 0.1503 0.15 0.2448 0.1509 0.1502
199 0.3927 0.2744 0.2744 0.3275 0.2073 0.207 0.3274 0.2072 0.207
325 0.3115 0.2385 0.2385 0.2502 0.1772 0.1769 0.2502 0.1772 0.1772
112 0.3471 0.2423 0.2416 0.2647 0.1605 0.1606 0.2635 0.1607 0.1603
411 0.2791 0.2013 0.2013 0.2207 0.1434 0.1439 0.2205 0.1434 0.1436
508 0.275 0.2168 0.2166 0.2051 0.1457 0.1455 0.2052 0.1457 0.1454
36 0.3001 0.2317 0.2307 0.2437 0.1748 0.1748 0.2437 0.1747 0.1756
373 0.3773 0.2858 0.2858 0.2677 0.1748 0.175 0.2677 0.1748 0.1752
141 0.2692 0.1926 0.1925 0.2096 0.1329 0.1328 0.2096 0.1327 0.1333
169 0.3048 0.207 0.2072 0.24 0.1428 0.1427 0.24 0.1429 0.1435
518 0.3906 0.2616 0.2644 0.3356 0.2082 0.2082 0.3356 0.2083 0.2079
431 0.3998 0.2935 0.2932 0.2875 0.1821 0.1823 0.2874 0.1827 0.1819
421 0.3202 0.2381 0.2381 0.2418 0.1619 0.162 0.2421 0.1619 0.1618
113 0.3425 0.2529 0.2529 0.2697 0.1803 0.1804 0.2697 0.1802 0.1802
200 0.2331 0.1835 0.1835 0.1738 0.1232 0.1231 0.1738 0.1236 0.1236
412 0.3174 0.2298 0.2298 0.2444 0.1582 0.1583 0.2445 0.158 0.158
470 0.3108 0.2102 0.2102 0.2533 0.1523 0.1523 0.2533 0.1527 0.1525
304 0.3021 0.2231 0.2231 0.2271 0.1483 0.1482 0.2266 0.1484 0.1481
170 0.268 0.2038 0.2036 0.2233 0.1584 0.1585 0.2232 0.159 0.1585
142 0.3218 0.2277 0.2278 0.2518 0.1578 0.1578 0.2519 0.1578 0.1584
305 0.3261 0.238 0.238 0.2576 0.1704 0.1704 0.2576 0.1705 0.1704
306 0.3179 0.2376 0.2376 0.2468 0.1664 0.1664 0.2468 0.1663 0.1661
171 0.2967 0.2222 0.2228 0.224 0.1502 0.1504 0.2241 0.1502 0.1498
