"x"
"1" "Generate from n distribution. Repeat 550 times. The variance of residual is 0.25"
"x"
"1" "== degree of freedom:  1 =="
328 0.0057 0.0072 0.0049 0.0055 0.001 0.0041 0.186 0.1401 0.0055 0.007 0.0053 0.0058 0.001 0.0037 0.1871 0.1399 0.0078 0.0124 0.0145 0.0172 0.0058 0.0339 0.1598 0.1857
188 0.0163 0.0305 0.0045 0.0115 0.0185 0.0204 0.146 0.1508 0.0163 0.0304 0.0039 0.0113 0.0183 0.0201 0.146 0.1505 0.0168 0.036 0.0048 0.0051 0.0162 0.036 0.1417 0.1641
308 0.0042 0.0073 0.0015 0.0043 0.0013 0.0021 0.19 0.1664 0.004 0.0075 0.0016 0.0038 0.0014 0.0024 0.1891 0.1665 0.0084 0.0095 0.0014 0.0071 0.0168 0.0238 0.1928 0.1761
488 0.0238 0.0554 0.0083 0.0108 0.0019 0.0026 0.1287 0.1534 0.0238 0.0555 0.009 0.0113 0.0021 0.0027 0.1287 0.153 0.0252 0.053 0.0024 0.0163 0.0118 0.0189 0.1241 0.1488
458 0.0449 0.0551 0.012 0.0134 0.0013 0.0057 0.1601 0.1342 0.045 0.0557 0.0104 0.0119 0.0015 0.0067 0.1596 0.1342 0.0431 0.0549 0.0274 0.0274 0.0084 0.0189 0.1536 0.1457
518 0.0065 0.0087 0.006 0.0117 0.003 0.0047 0.2317 0.1847 0.0064 0.0081 0.0062 0.0118 0.003 0.0047 0.2331 0.1824 0.0083 0.0081 0.0035 0.0171 0.0049 0.0122 0.1609 0.1757
78 0.0133 0.0202 0.0062 0.0099 0.0013 0.0091 0.1403 0.1748 0.0131 0.0187 0.0043 0.0081 0.0014 0.0077 0.1403 0.1745 0.0168 0.0257 0.0089 0.009 0.0047 0.0403 0.1328 0.2001
368 0.0535 0.0273 0.0058 0.0045 0.0031 0.0075 0.1154 0.1397 0.0532 0.0272 0.0058 0.004 0.0028 0.0072 0.1159 0.1393 0.0572 0.032 0.007 0.019 0.0072 0.0062 0.1275 0.1617
288 0.0069 0.0019 9e-04 0.004 0.0039 0.0096 0.1507 0.1332 0.0068 0.0019 9e-04 0.0042 0.0038 0.0099 0.1505 0.1327 0.0089 0.0047 0.0036 0.0192 0.0017 0.0238 0.162 0.1368
158 0.0932 0.0962 0.0094 0.0112 0.0074 0.0079 0.118 0.1376 0.0926 0.0964 0.008 0.0098 0.0078 0.0082 0.1176 0.1376 0.0938 0.1001 0.0486 0.1031 0.0062 0.0109 0.1427 0.1508
238 0.0289 0.0303 0.0202 0.0215 0.0042 0.0069 0.244 0.1313 0.029 0.0302 0.0201 0.0215 0.0057 0.0083 0.2442 0.1311 0.0318 0.0328 0.0084 0.0125 0.0347 0.0406 0.1956 0.1355
498 0.0151 0.0856 7e-04 0.0095 0.0043 0.0074 0.1249 0.1489 0.0149 0.0853 7e-04 0.0091 0.0052 0.0084 0.1244 0.1482 0.0187 0.0943 0.0029 0.0043 0.008 0.0175 0.1301 0.1549
168 0.0055 0.0284 5e-04 0.0015 0.0022 0.0044 0.213 0.1544 0.0054 0.0284 5e-04 0.0015 0.0023 0.0042 0.2133 0.1546 0.0088 0.0296 0.0036 0.0098 0.002 0.0365 0.1964 0.1572
418 0.044 0.0018 0.0026 0.0012 0.0015 0.0148 0.2192 0.1646 0.0438 0.0017 0.0027 0.0015 0.0014 0.0144 0.2195 0.1642 0.0441 0.0024 0.0045 0.0203 0.0028 0.0192 0.1932 0.1575
88 0.004 0.0239 0.0434 0.0436 0.004 0.0047 0.0974 0.1631 0.004 0.0238 0.0405 0.0408 0.0044 0.0049 0.097 0.1632 0.0078 0.0293 0.0274 0.0277 0.0045 0.0044 0.0991 0.1785
528 0.0144 0.0193 0.0076 0.0102 0.0011 0.0019 0.1517 0.1457 0.0144 0.0194 0.0085 0.0111 0.0011 0.0021 0.1518 0.1462 0.0173 0.0249 0.0274 0.0375 0.0063 0.0147 0.147 0.1525
38 0.0095 0.0019 0.0019 0.0013 0.0254 0.0283 0.1315 0.1312 0.0095 0.0019 0.002 0.0013 0.0262 0.0295 0.1315 0.1311 0.0092 0.0035 0.0083 0.0125 0.0125 0.0194 0.1424 0.1523
468 0.0019 0.0198 0.006 0.0037 0.0047 0.0053 0.1021 0.1482 0.002 0.0196 0.0056 0.0033 0.0043 0.0047 0.1022 0.1477 0.0019 0.0228 0.0032 0.0044 0.0014 0.0304 0.1114 0.1625
198 0.0318 0.0229 0.0141 0.0179 0.017 0.0238 0.1404 0.1382 0.0317 0.0228 0.0143 0.018 0.016 0.0236 0.1404 0.14 0.0396 0.0299 0.0375 0.0611 0.0176 0.1051 0.1404 0.1795
298 0.0144 0.043 0.008 0.0087 0.0105 0.0165 0.1092 0.1397 0.0143 0.0427 0.0077 0.0082 0.0092 0.0151 0.1089 0.1398 0.0181 0.0446 0.0277 0.0277 0.0029 0.0231 0.1116 0.151
208 0.0117 0.053 0.0021 0.024 0.0035 0.0024 0.2241 0.1239 0.0119 0.0531 0.002 0.0239 0.0037 0.0023 0.224 0.124 0.0128 0.0558 0.0033 0.0278 0.0041 0.0036 0.1899 0.1414
148 0.0192 0.0091 0.0032 0.006 0.0155 0.0164 0.1388 0.1062 0.0194 0.0092 0.0026 0.0052 0.0139 0.0149 0.1388 0.1063 0.0223 0.0121 0.0122 0.0625 0.0159 0.0254 0.1601 0.1162
28 0.0082 0.0019 0.0067 0.0067 6e-04 0.0025 0.1341 0.1471 0.0085 0.0019 0.0055 0.0056 8e-04 0.0028 0.1347 0.1476 0.0155 0.0038 0.0056 0.0106 0.0037 0.0052 0.1387 0.1344
358 0.0097 0.0048 0.0062 0.0091 0.0032 0.0044 0.1444 0.1094 0.0097 0.0047 0.0056 0.0087 0.0034 0.0043 0.1443 0.1094 0.0141 0.0083 0.0121 0.0218 0.0089 0.0116 0.1474 0.1108
508 0.0047 0.0221 0.0088 0.0109 6e-04 0.0022 0.11 0.1387 0.0048 0.0221 0.0089 0.0113 7e-04 0.002 0.1098 0.1384 0.0085 0.0245 0.0159 0.0194 7e-04 0.0234 0.1122 0.1428
398 0.0048 0.0089 0.0056 0.0103 0.0029 0.0041 0.1861 0.1385 0.0049 0.0088 0.005 0.0089 0.0025 0.0036 0.1862 0.1381 0.0105 0.0086 0.0089 0.0135 0.0076 0.039 0.1836 0.1551
318 0.0164 0.0062 0.0052 0.0122 0.0042 0.0097 0.1775 0.1521 0.0166 0.006 0.0046 0.011 0.0045 0.0093 0.1744 0.151 0.0211 0.007 0.0566 0.0605 0.0066 0.0308 0.1722 0.1529
68 0.0018 0.0218 0.0025 0.0052 0.0159 0.0173 0.1176 0.1264 0.0018 0.0219 0.0021 0.0058 0.0168 0.0184 0.118 0.1259 0.0038 0.0302 0.0174 0.0329 0.0149 0.0186 0.1262 0.1423
478 0.0113 0.1551 0.0143 0.0143 0.0015 0.004 0.1289 0.1567 0.0114 0.155 0.0125 0.0126 0.0014 0.0039 0.1288 0.1568 0.0194 0.1523 8e-04 0.0035 0.004 0.0098 0.1392 0.1546
438 0.0103 0.0061 0.0058 0.0285 0.0134 0.0211 0.1704 0.1332 0.01 0.006 0.0059 0.0223 0.0141 0.0216 0.1704 0.1331 0.0123 0.0082 4e-04 0.0259 0.0067 0.0325 0.1795 0.1461
118 0.017 0.0547 0.0062 0.0138 0.0038 0.0057 0.1954 0.1338 0.0168 0.0546 0.0065 0.0142 0.004 0.0061 0.195 0.1336 0.0238 0.0561 0.0106 0.0217 0.0108 0.0149 0.1773 0.1543
18 0.003 0.0023 0.0053 0.0045 0.056 0.0566 0.1103 0.12 0.0027 0.002 0.0067 0.0058 0.0499 0.0508 0.1102 0.1198 0.0067 0.0043 0.0067 0.0086 0.0421 0.0452 0.1147 0.1408
48 0.03 0.0295 0.0058 0.0175 0.0028 0.0041 0.125 0.1091 0.0297 0.0292 0.0062 0.0151 0.0032 0.0045 0.1251 0.1095 0.0358 0.0338 0.0021 0.0073 0.0053 0.0132 0.1433 0.1177
258 0.0328 0.0196 0.0696 0.0694 0.0121 0.0156 0.1311 0.1288 0.0327 0.0194 0.0681 0.0681 0.0115 0.0154 0.1309 0.1293 0.0315 0.0237 0.0619 0.0645 0.0083 0.0382 0.1372 0.1538
548 0.0068 0.0175 0.0084 0.0088 0.0047 0.0031 0.2468 0.164 0.0068 0.0175 0.0092 0.0096 0.0048 0.0029 0.2462 0.1636 0.0111 0.0222 0.0046 0.0035 0.0137 0.0117 0.2213 0.1817
419 0.0039 0.0213 4e-04 0.0014 0.0096 0.0172 0.1322 0.1464 0.0039 0.0212 4e-04 0.0012 0.0115 0.0189 0.132 0.1466 0.0067 0.0339 0.0023 0.0057 0.0197 0.0458 0.1381 0.1805
428 0.0029 0.009 4e-04 6e-04 0.0064 0.0084 0.1379 0.1346 0.0038 0.0088 3e-04 4e-04 0.0073 0.0092 0.1384 0.1348 0.0068 0.0118 0.006 0.0026 0.0042 0.0055 0.1403 0.1414
499 0.0062 0.0121 0.0369 0.0433 0.0028 0.0055 0.1182 0.1646 0.0061 0.0121 0.0381 0.0449 0.0016 0.0046 0.1186 0.1645 0.006 0.0121 0.0181 0.0697 0.0013 0.0248 0.153 0.1715
388 0.0027 0.0091 0.0021 0.0018 0.0014 0.0073 0.1342 0.1296 0.0025 0.009 0.0017 0.0038 8e-04 0.0066 0.1338 0.1293 0.0099 0.0128 6e-04 0.0016 0.0096 0.0153 0.1369 0.1394
239 0.018 0.0253 8e-04 0.0039 0.0524 0.054 0.1234 0.1427 0.018 0.0253 0.001 0.004 0.0511 0.0523 0.1235 0.1427 0.0225 0.0345 0.0046 0.0672 0.0228 0.0364 0.1608 0.1825
39 0.0099 0.0132 0.0011 0.0027 0.0014 0.003 0.1335 0.1461 0.0098 0.0131 0.0011 0.0026 0.0014 0.004 0.1341 0.1475 0.0098 0.0141 0.0097 0.0177 0.0026 0.0176 0.1301 0.1412
338 0.0042 0.0662 0.0066 0.0255 0.0059 0.0091 0.1518 0.1426 0.0044 0.0662 0.0071 0.0254 0.0047 0.0073 0.1517 0.1424 0.0067 0.0797 0.0027 0.0199 0.011 0.0324 0.1458 0.1654
98 0.0104 0.0159 0.0073 0.0267 0.0032 0.0062 0.1437 0.1757 0.0107 0.0162 0.007 0.0317 0.003 0.0055 0.1467 0.176 0.0192 0.0291 0.0014 0.027 0.0103 0.0182 0.163 0.1942
248 0.008 0.0046 0.002 0.0021 0.024 0.0319 0.1644 0.2119 0.0088 0.0045 0.0037 0.004 0.0211 0.0277 0.1623 0.2108 0.0193 0.0062 0.0082 0.0065 0.0276 0.0537 0.1547 0.2246
448 0.0024 0.0198 0.0182 0.0226 0.0047 0.0152 0.1267 0.1381 0.0022 0.0201 0.0207 0.0247 0.0053 0.016 0.1268 0.1371 0.0041 0.0235 0.0216 0.0253 0.0099 0.0635 0.1291 0.1524
359 0.0128 0.0061 0.0073 0.0115 0.0023 0.0035 0.1216 0.1453 0.0128 0.0061 0.0062 0.0103 0.0022 0.0033 0.1216 0.1452 0.0159 0.0057 0.0025 0.0193 0.0051 0.0056 0.1447 0.148
178 0.0168 0.0148 0.0045 0.0062 0.0033 0.0027 0.182 0.1633 0.0167 0.0147 0.0039 0.0058 0.0034 0.0031 0.1819 0.163 0.0398 0.0171 0.0107 0.0129 0.0098 0.0072 0.2016 0.1761
459 0.0071 0.0138 0.0122 0.0185 0.0018 0.002 0.1356 0.168 0.0072 0.0139 0.0117 0.0177 0.0022 0.0023 0.1354 0.1678 0.0122 0.0192 0.013 0.0118 0.0074 0.0125 0.1465 0.1712
138 0.0514 0.0153 0.0181 0.0181 0.0026 0.0041 0.1087 0.1432 0.0513 0.0152 0.0166 0.0165 0.0027 0.0041 0.1089 0.143 0.0556 0.0166 0.0232 0.0333 0.0086 0.0234 0.1188 0.1632
369 0.0238 0.016 0.018 0.0236 0.0014 0.0042 0.1196 0.1135 0.0237 0.0159 0.0191 0.0247 0.0015 0.0037 0.1197 0.1135 0.0318 0.0156 0.0355 0.0478 8e-04 0.0146 0.1244 0.1297
348 0.0085 0.0038 6e-04 0.0046 6e-04 0.0099 0.1609 0.1401 0.0084 0.0039 3e-04 0.0075 3e-04 0.0102 0.1599 0.1409 0.0115 0.0088 5e-04 0.0094 0.0029 0.0255 0.1575 0.1517
108 0.0249 0.012 9e-04 0.0033 0.0349 0.0402 0.1605 0.1679 0.0247 0.012 0.0017 0.0025 0.0357 0.0406 0.1585 0.1679 0.0276 0.0226 0.004 0.0111 0.0179 0.0243 0.151 0.1823
8 0.0067 0.0014 0.0012 0.0019 3e-04 0.0028 0.1169 0.13 0.0069 0.0015 9e-04 0.0014 3e-04 0.0027 0.1179 0.13 0.0094 0.0032 0.0021 0.0056 0.0032 0.0144 0.1205 0.139
149 0.0349 0.0116 0.0043 0.0054 5e-04 0.0035 0.1796 0.1705 0.0346 0.0116 0.0049 0.0059 4e-04 0.0031 0.1798 0.1695 0.0414 0.0168 0.0022 0.0066 0.0056 0.0141 0.1865 0.1736
58 0.003 0.0109 0.019 0.0321 0.0079 0.0077 0.1243 0.1169 0.0031 0.0105 0.0195 0.0293 0.0082 0.0078 0.1232 0.1163 0.0056 0.0107 0.0134 0.0262 0.0187 0.0204 0.1275 0.1168
189 0.0158 0.0103 0.0019 0.0039 0.0114 0.0165 0.1571 0.1338 0.0161 0.0103 0.0013 0.003 0.0101 0.0156 0.1573 0.1332 0.0198 0.0098 0.0043 0.0491 0.0108 0.01 0.1684 0.1419
378 0.0401 0.0329 0.0033 0.0073 0.0023 0.0013 0.1541 0.1686 0.0406 0.0326 0.0017 0.0035 0.0021 0.0014 0.1555 0.1686 0.0483 0.0406 0.0071 0.0076 0.0053 0.0102 0.1812 0.1842
509 0.0181 0.0071 0.0014 0.0023 0.0015 0.0052 0.191 0.14 0.0179 0.0071 0.0016 0.0024 0.0019 0.0059 0.191 0.1402 0.0204 0.0153 0.003 0.002 0.0061 0.0454 0.1863 0.1676
489 0.0117 0.01 0.0048 0.0064 0.0059 0.0082 0.1426 0.166 0.0118 0.01 0.0043 0.0058 0.006 0.0082 0.1422 0.1658 0.0131 0.0116 0.0049 0.0126 0.004 0.0106 0.1478 0.1645
128 0.0077 0.0278 0.0109 0.0189 0.0045 0.0076 0.0963 0.1513 0.0078 0.0267 0.0122 0.0208 0.0039 0.0059 0.0964 0.1496 0.0083 0.0325 0.0127 0.0187 0.0142 0.0251 0.1082 0.1552
309 0.0114 0.0181 0.0016 0.0031 0.0032 0.009 0.2212 0.1494 0.0114 0.018 0.0022 0.0038 0.003 0.0083 0.2225 0.1486 0.018 0.0196 0.0039 0.0075 0.0032 0.0157 0.1967 0.1465
159 0.0015 0.0651 0.0046 0.0057 0.0081 0.0533 0.1233 0.1383 0.0015 0.0648 0.0052 0.0064 0.0093 0.0522 0.1233 0.1369 0.0035 0.0764 0.0295 0.0334 0.02 0.2423 0.1281 0.2164
408 0.0161 0.0154 0.0016 0.0075 0.0068 0.008 0.1247 0.1602 0.0159 0.0155 0.0023 0.0082 0.0068 0.0081 0.1245 0.1604 0.0211 0.0194 0.0203 0.0276 0.0048 0.0124 0.1305 0.1635
469 0.0218 0.0048 0.0028 0.0048 0.0068 0.0087 0.158 0.1526 0.022 0.0048 0.0045 0.0066 0.0066 0.0082 0.1573 0.1518 0.0264 0.0076 0.0037 0.0041 0.0056 0.0107 0.157 0.1651
278 0.0609 0.099 0.0063 0.0222 0.0062 0.0159 0.1735 0.1514 0.0609 0.0989 0.0079 0.0193 0.0062 0.0185 0.1727 0.1532 0.0656 0.098 0.0118 0.0258 0.014 0.0212 0.1738 0.1698
329 0.0098 0.1063 0.0365 0.0383 0.0069 0.009 0.149 0.1913 0.0098 0.1059 0.0388 0.0405 0.0058 0.0079 0.1489 0.1905 0.0135 0.1119 0.0237 0.0556 0.0112 0.0125 0.1601 0.1797
218 0.0084 0.0015 2e-04 0.008 8e-04 0.0025 0.134 0.1554 0.0084 0.0016 2e-04 0.0111 7e-04 0.0026 0.1355 0.1555 0.0109 0.0047 0.0011 0.0098 0.0013 0.0194 0.1396 0.1656
519 0.0045 0.0136 0.0174 0.0203 0.0026 0.0033 0.19 0.1303 0.0047 0.0137 0.0187 0.0237 0.0028 0.0037 0.1893 0.1306 0.0066 0.0172 0.015 0.038 0.0015 0.0072 0.1884 0.1372
259 0.0136 0.0143 0.0021 0.0028 0.0019 0.0024 0.1304 0.1577 0.0137 0.0144 0.0021 0.0027 0.0019 0.0023 0.1308 0.1576 0.0133 0.0187 0.0072 0.0149 0.0065 0.0122 0.1407 0.1628
268 0.0178 0.0507 9e-04 0.001 0.0016 0.0032 0.124 0.1812 0.0177 0.0503 9e-04 8e-04 0.0014 0.0026 0.1237 0.1813 0.0204 0.049 0.0026 0.0046 0.0098 0.0092 0.1313 0.1711
29 0.0014 0.0121 0.002 0.0114 0.0012 0.007 0.1099 0.1624 0.0013 0.012 0.0046 0.0067 0.0011 0.0062 0.1139 0.1616 0.0044 0.0181 0.0014 0.0197 0.0018 0.0267 0.1182 0.1678
249 0.0177 0.0189 0.004 0.0028 9e-04 0.0035 0.2013 0.1113 0.0177 0.0186 0.0046 0.0035 9e-04 0.0034 0.2019 0.1107 0.0188 0.0196 0.008 0.0258 0.0011 0.0891 0.1973 0.1767
319 0.001 0.0116 0.0139 0.0151 0.0041 0.0064 0.1352 0.1455 0.001 0.0117 0.015 0.0162 0.0043 0.0064 0.1352 0.1453 0.0033 0.0168 0.0103 0.0141 0.004 0.0274 0.1367 0.1569
89 0.0316 0.0343 0.0019 0.0133 0.0011 7e-04 0.1685 0.1222 0.0311 0.0344 0.0022 0.0093 0.0014 7e-04 0.1683 0.1226 0.0374 0.0351 0.0035 0.0065 0.0067 0.0125 0.1882 0.1275
529 0.0043 0.0293 0.0103 0.0231 0.0023 0.0031 0.197 0.1398 0.0045 0.0295 0.0089 0.0259 0.0024 0.003 0.1972 0.1401 0.0092 0.0337 0.0119 0.043 0.0047 0.012 0.1809 0.1741
299 0.0079 0.03 0.0188 0.0191 0.002 0.004 0.1402 0.1267 0.0078 0.0298 0.019 0.0192 0.0017 0.0037 0.1408 0.1269 0.0102 0.0298 0.0236 0.0247 0.0014 0.015 0.1373 0.1407
500 0.0557 0.0075 0.01 0.0102 7e-04 8e-04 0.1684 0.1235 0.0552 0.0076 0.0084 0.0085 6e-04 7e-04 0.1676 0.1238 0.0585 0.0093 0.0108 0.0148 0.0069 0.0161 0.1604 0.1325
169 0.009 0.0422 0.0159 0.0216 0.003 0.0017 0.3612 0.1383 0.0089 0.0416 0.0147 0.0229 0.0025 0.0013 0.3593 0.1368 0.0108 0.0487 0.0173 0.0206 0.0161 0.0218 0.3192 0.1613
228 0.0114 0.0073 0.0085 0.0382 0.0129 0.0129 0.1436 0.1688 0.0112 0.0043 0.0129 0.0586 0.0113 0.0109 0.1513 0.1671 0.01 0.0186 0.0134 0.0651 0.0046 0.0109 0.1601 0.1892
538 0.0096 0.0192 0.0171 0.0574 0.0024 0.006 0.1721 0.1588 0.0097 0.0191 0.0131 0.0448 0.0026 0.0064 0.1716 0.1584 0.0112 0.0215 0.0038 0.0012 0.0099 0.0229 0.1747 0.1708
40 0.0288 0.0431 0.0031 0.0038 0.0075 0.0078 0.162 0.1542 0.0287 0.0416 0.0029 0.004 0.0082 0.0085 0.1621 0.1533 0.0333 0.0454 0.0021 0.0088 0.0058 0.0071 0.1663 0.1558
460 0.0055 0.014 0.0102 0.0111 0.0041 0.0034 0.1774 0.1286 0.0053 0.0138 0.0092 0.0101 0.0036 0.0029 0.1769 0.1289 0.0078 0.0207 0.0096 0.0106 0.0034 0.0152 0.1557 0.1344
289 0.0055 0.0021 0.0259 0.0641 0.0013 0.004 0.1313 0.1303 0.0055 0.0021 0.0283 0.0728 0.0012 0.0036 0.1329 0.1304 0.0072 0.0022 0.015 0.0584 0.0178 0.0202 0.1251 0.1572
199 0.0202 0.0784 0.0312 0.0311 0.0115 0.0125 0.144 0.128 0.0199 0.0785 0.0294 0.0293 0.0104 0.0116 0.1439 0.1276 0.027 0.0777 0.0184 0.0181 0.0047 0.0124 0.1436 0.1455
520 0.0067 0.0201 8e-04 5e-04 0.0087 0.0101 0.1606 0.1891 0.0067 0.0202 9e-04 7e-04 0.0082 0.0092 0.1602 0.1892 0.0114 0.0176 0.0044 0.0042 0.0182 0.0416 0.153 0.1933
479 0.0125 0.0206 0 0.0023 0.0206 0.0241 0.1635 0.1407 0.0126 0.0206 1e-04 0.002 0.0192 0.0225 0.1637 0.1399 0.0153 0.0273 0.009 0.0142 0.0034 0.0176 0.1579 0.1549
79 0.012 0.0465 0.0053 0.0083 0.0011 0.0022 0.147 0.1213 0.0123 0.0464 0.0059 0.0092 0.001 0.0021 0.1481 0.1206 0.014 0.0556 0.0085 0.0105 0.0053 0.022 0.1283 0.1622
439 0.0102 0.0109 0.008 0.0115 0.0037 0.0038 0.1409 0.1404 0.0092 0.0105 0.0098 0.0129 0.0033 0.0035 0.1401 0.1397 0.0174 0.0176 0.0222 0.0248 0.0232 0.0364 0.1419 0.143
179 0.0128 0.019 0.001 5e-04 0.0034 0.0091 0.1422 0.1652 0.0127 0.0189 8e-04 3e-04 0.0022 0.0076 0.142 0.1648 0.0135 0.0223 0.002 0.0015 0.0034 0.0148 0.1399 0.1595
399 0.0625 0.0237 0.0043 0.013 0.0081 0.0105 0.1773 0.1386 0.0631 0.0232 0.0045 0.0119 0.0067 0.0088 0.1776 0.1385 0.0649 0.0217 0.0117 0.012 0.015 0.0404 0.1783 0.1437
209 0.0155 0.0055 0.0043 0.0043 0.0026 0.0019 0.1473 0.1759 0.0191 0.0055 0.0039 0.0037 0.003 0.0025 0.1499 0.1747 0.0178 0.0042 0.0038 0.0052 0.0132 0.0186 0.1527 0.1687
69 0.0164 0.056 0.0025 0.0056 9e-04 0.0018 0.1753 0.1607 0.016 0.0555 0.0033 0.007 0.0012 0.0023 0.1746 0.16 0.0162 0.056 0.031 0.0479 0.0047 0.0082 0.1712 0.1677
449 0.0168 0.1195 0.0029 0.0059 0.0066 0.0064 0.1186 0.1411 0.0167 0.1189 0.0029 0.0059 0.0064 0.0062 0.1184 0.141 0.0198 0.1112 0.0019 0.0028 0.0296 0.0283 0.1246 0.1423
549 0.0593 0.0065 8e-04 0.0033 0.005 0.0063 0.1803 0.1111 0.0595 0.0062 0.0011 0.0031 0.0042 0.0065 0.1803 0.1098 0.0612 0.0139 0.0072 0.0448 0.0019 0.0209 0.1852 0.1322
49 0.0035 0.0405 0.0143 0.017 0.0112 0.0173 0.1462 0.148 0.0031 0.0406 0.0155 0.0169 0.0079 0.0138 0.1477 0.1482 0.008 0.0408 0.0133 0.0151 0.0038 0.0095 0.1371 0.1383
429 0.0153 0.0123 0.0141 0.0125 0.0017 0.0146 0.1613 0.1506 0.0154 0.0121 0.0118 0.0101 0.0019 0.0151 0.1607 0.1509 0.0165 0.0148 0.0166 0.0122 0.0029 0.0164 0.1612 0.1612
99 0.0047 0.0113 0.0084 0.0091 0.0018 0.0026 0.1402 0.199 0.0048 0.0125 0.0081 0.0086 0.0017 0.0029 0.1403 0.201 0.0047 0.0153 0.0113 0.0119 0.0032 0.0156 0.1484 0.1931
190 0.0112 0.0038 0.0017 0.0016 0.0027 0.0016 0.2103 0.1401 0.0113 0.0038 0.0015 0.0014 0.0025 0.0014 0.2105 0.1398 0.0137 0.0082 0.0072 0.0068 0.0068 0.025 0.1815 0.1564
279 0.0122 0.0135 0.0039 0.0085 0.0011 0.0065 0.1012 0.1215 0.0121 0.0136 0.0037 0.0083 0.001 0.0065 0.1012 0.1214 0.0157 0.0153 0.0175 0.0322 0.0031 0.0118 0.1147 0.1172
339 0.0026 0.0059 6e-04 0.0024 0.0014 0.0037 0.187 0.1592 0.0026 0.0059 7e-04 0.0047 0.0016 0.0038 0.1861 0.1591 0.0062 0.0092 4e-04 7e-04 0.008 0.0199 0.1802 0.1711
360 0.0217 0.0374 0.0031 0.0083 0.0016 0.0019 0.1206 0.1532 0.0217 0.0375 0.0029 0.0067 0.0017 0.0018 0.1199 0.1535 0.0275 0.0392 0.002 0.0114 0.0103 0.0054 0.1296 0.1598
320 0.017 0.031 0.0217 0.0244 0.0016 0.0015 0.142 0.1642 0.0168 0.031 0.0227 0.0254 0.0013 0.0012 0.1419 0.1626 0.0205 0.0355 0.0314 0.0349 0.0067 0.0011 0.143 0.1579
349 0.0071 0.0334 0.0032 0.0036 0.0229 0.024 0.1327 0.1251 0.0072 0.0336 0.0031 0.0035 0.0196 0.0205 0.1327 0.1253 0.011 0.0371 0.013 0.0103 0.0163 0.0281 0.1498 0.1308
109 0.0022 0.0144 0.0025 0.004 0.0084 0.0213 0.1742 0.1882 0.0024 0.014 0.0024 0.0041 0.0092 0.0222 0.1748 0.188 0.0048 0.0151 0.0149 0.0187 0.018 0.0619 0.172 0.2047
370 0.0103 0.0681 2e-04 3e-04 0.0047 0.0067 0.3385 0.1446 0.0104 0.0685 3e-04 3e-04 0.004 0.0057 0.3379 0.1445 0.0099 0.0753 0.0084 0.0088 0.012 0.014 0.2447 0.1603
420 0.0063 0.018 6e-04 0.0081 0.0171 0.0183 0.1061 0.1591 0.0062 0.0181 7e-04 0.0072 0.017 0.0182 0.1053 0.159 0.0093 0.02 0.0037 0.0608 0.0077 0.0154 0.1333 0.1613
510 0.0216 0.0228 0.0522 0.0511 0.0024 0.0026 0.2533 0.1188 0.0217 0.0228 0.0604 0.0592 0.0031 0.0032 0.249 0.1185 0.0239 0.0232 0.0155 0.0154 0.0031 0.0074 0.219 0.13
379 0.0392 0.0105 0.0033 0.0047 0.0285 0.035 0.1192 0.1393 0.0393 0.0106 0.0027 0.0055 0.0295 0.0358 0.1195 0.1394 0.0405 0.0143 0.0048 0.0035 0.023 0.0249 0.1246 0.1453
229 0.0066 0.0118 0.0204 0.0263 0.0162 0.019 0.1897 0.1718 0.0066 0.0117 0.0196 0.0257 0.0167 0.0194 0.1897 0.172 0.0133 0.0175 0.001 0.0069 0.0072 0.0177 0.1752 0.1786
269 0.0192 0.0123 0.0018 0.0018 0.0555 0.059 0.1329 0.1684 0.0192 0.0123 0.0017 0.0018 0.0591 0.0625 0.133 0.1688 0.0249 0.0152 0.0031 0.0065 0.0249 0.0339 0.1298 0.182
30 0.0086 0.1241 0.0474 0.047 8e-04 0.0038 0.1022 0.1597 0.009 0.1242 0.0515 0.0512 8e-04 0.0039 0.1022 0.1594 0.0103 0.1339 0.0299 0.0299 0.0026 0.0145 0.1007 0.1658
530 0.0246 0.009 0.0125 0.0182 9e-04 0.0024 0.1599 0.131 0.0247 0.0092 0.01 0.0159 0.001 0.0024 0.1604 0.1307 0.0239 0.01 0.0058 0.0143 0.0048 0.0102 0.1606 0.1615
490 0.0066 0.005 0.0025 0.0035 0.0031 0.0072 0.1042 0.149 0.0066 0.0051 0.0022 0.0033 0.0038 0.0081 0.1042 0.1492 0.0086 0.0138 0.01 0.0163 0.0096 0.0156 0.1055 0.178
260 0.0091 0.0034 0.0039 0.0038 0.0251 0.0277 0.1527 0.1184 0.0092 0.0032 0.0041 0.004 0.0256 0.0281 0.1523 0.1185 0.0101 0.0048 0.0123 0.025 0.0137 0.0299 0.1679 0.1323
9 0.003 0.0557 0.0073 0.0286 0.0448 0.0454 0.1365 0.1613 0.0028 0.0572 0.0046 0.0295 0.0409 0.0415 0.1364 0.1619 0.0092 0.0611 0.001 0.0117 0.0039 0.007 0.1323 0.1613
90 0.026 0.0101 4e-04 0.0026 0.0063 0.0162 0.1444 0.126 0.0258 0.01 2e-04 0.0048 0.0055 0.0159 0.1449 0.1258 0.0317 0.0082 0.0067 0.006 0.0017 0.0034 0.1442 0.1305
150 0.0044 0.0348 0.0035 0.0153 0.0027 0.0114 0.1997 0.122 0.0042 0.0355 0.0043 0.0118 0.0026 0.0114 0.2003 0.1219 0.0051 0.035 0.0121 0.0206 0.0038 0.0043 0.1889 0.1253
70 0.006 0.0235 0.0071 0.007 0.0119 0.014 0.1356 0.1419 0.006 0.0235 0.0067 0.0064 0.0112 0.013 0.1357 0.1424 0.007 0.0286 0.0151 0.0164 0.0041 0.0143 0.1315 0.1475
300 0.0057 0.0222 0.0071 0.0115 0.0097 0.0148 0.17 0.1774 0.0056 0.0222 0.0068 0.0115 0.0095 0.0143 0.1702 0.1775 0.0087 0.0251 0.0097 0.0249 0.0037 0.019 0.1554 0.1794
59 0.0232 0.0172 0.0016 0.0023 0.0166 0.0178 0.1174 0.1592 0.0227 0.0173 0.0024 0.0033 0.0183 0.02 0.1164 0.1601 0.0227 0.0165 8e-04 0.0032 0.0474 0.0563 0.1133 0.1823
310 0.0217 0.0471 4e-04 0.0026 0.0113 0.0144 0.1577 0.1712 0.0218 0.047 6e-04 0.0032 0.0134 0.0162 0.158 0.1706 0.0294 0.0472 0.0173 0.0328 0.0035 0.0088 0.1589 0.1738
129 0.0125 0.0279 0.0183 0.0192 0.0027 0.0052 0.2227 0.1638 0.0124 0.0278 0.0186 0.0194 0.0027 0.0041 0.2225 0.1643 0.0113 0.0315 0.0373 0.058 0.0062 0.0476 0.1917 0.1765
330 0.0026 0.0119 0.0014 0.0049 0.0182 0.0271 0.1288 0.1766 0.0025 0.0116 9e-04 0.0029 0.0198 0.0252 0.1279 0.1752 0.0032 0.019 0.0202 0.0424 0.0458 0.0681 0.1608 0.1946
160 0.0081 0.018 0.0051 0.0174 0.0484 0.0511 0.1291 0.1372 0.008 0.0179 0.0057 0.0128 0.0467 0.0496 0.1278 0.1368 0.0075 0.0249 0.0081 0.012 0.0356 0.0442 0.1315 0.1425
139 0.0267 0.0332 0.0014 0.0188 0.0048 0.0059 0.1277 0.1623 0.0265 0.033 0.0013 0.0183 0.0052 0.0061 0.1272 0.1617 0.0338 0.0332 0.0209 0.0383 0.0337 0.0345 0.1413 0.1675
409 0.0145 0.0103 0.0114 0.0182 0.0012 0.0012 0.1692 0.14 0.0142 0.0103 0.0128 0.0195 0.0014 0.0015 0.169 0.1399 0.0191 0.0116 0.0088 0.0108 0.0062 0.0116 0.1669 0.1414
180 0.0163 0.0025 0.0035 0.0075 0.0018 0.0088 0.1403 0.1354 0.0162 0.0025 0.0037 0.0078 0.0014 0.0084 0.1403 0.1349 0.0183 0.0047 0.0145 0.0158 0.0147 1.8163 0.1345 0.4519
461 0.0186 0.0622 0.0066 0.0057 0.0091 0.0092 0.1771 0.1257 0.0182 0.0625 0.005 0.0043 0.0099 0.01 0.1756 0.1267 0.022 0.0636 0.0036 0.0087 0.0138 0.0109 0.1832 0.1312
430 0.0105 0.0088 0.0015 0.0068 0.0048 0.0098 0.1183 0.1532 0.0106 0.0088 0.0013 0.0064 0.0052 0.0101 0.1183 0.1531 0.0162 0.0124 0.0019 0.0087 0.0139 0.0367 0.1307 0.1585
480 0.0025 0.0019 0.0593 0.0576 0.0031 0.0059 0.2733 0.1494 0.0027 0.0018 0.0579 0.0562 0.0036 0.0063 0.2724 0.1512 0.0019 0.0033 0.0608 0.0643 0.0035 0.0081 0.2492 0.1359
440 0.0015 0.0039 0.0851 0.0871 0.0157 0.0202 0.1318 0.2042 0.0014 0.0037 0.0812 0.0827 0.0147 0.0191 0.131 0.2043 0.0033 0.0093 0.026 0.0461 0.0441 0.0849 0.1478 0.2643
371 0.0035 0.0262 0.0074 0.0084 0.0012 0.0028 0.1986 0.1748 0.0033 0.0265 0.0074 0.0084 0.0012 0.0027 0.1981 0.1748 0.0064 0.0269 0.0015 0.0034 0.0041 0.0096 0.1741 0.1701
389 0.0044 0.0135 0.0052 0.0067 0.0129 0.0286 0.1032 0.1716 0.0044 0.0129 0.0052 0.0069 0.0124 0.0269 0.1032 0.1703 0.0051 0.0195 0.0057 0.015 0.0064 0.0645 0.1169 0.1994
200 0.0264 0.0288 0.0021 0.004 0.0363 0.0404 0.2607 0.1435 0.0268 0.0285 0.0016 0.0035 0.0367 0.041 0.2611 0.143 0.0296 0.0301 0.0077 0.0055 0.0139 0.0379 0.2303 0.1544
191 0.003 0.0105 0.0125 0.0112 0.0041 0.0056 0.1075 0.1933 0.0028 0.0105 0.011 0.0096 0.0027 0.0042 0.1073 0.1935 0.0094 0.0112 0.0076 0.0189 0.0036 0.0069 0.1298 0.1908
250 0.0161 0.0011 0.0301 0.0335 0.0034 0.0018 0.1209 0.1667 0.016 0.0011 0.0221 0.0296 0.0033 0.002 0.1219 0.1673 0.0222 0.0047 0.0458 0.0639 0.0246 0.0173 0.1304 0.1817
350 0.014 0.0253 0.003 0.0032 0.0101 0.0213 0.2147 0.1412 0.0145 0.0249 0.0026 0.0033 0.0096 0.0201 0.2193 0.1404 0.0146 0.026 0.0013 0.0097 0.0102 0.0139 0.1757 0.1404
450 0.026 0.0733 0.0232 0.023 0.0018 0.0026 0.1217 0.1508 0.0259 0.0736 0.0224 0.0221 0.0019 0.0026 0.1217 0.1514 0.0336 0.081 0.0353 0.0359 0.0109 0.0196 0.143 0.166
491 0.0078 0.0585 0.0155 0.0152 0.0186 0.02 0.113 0.1526 0.0077 0.0587 0.0158 0.0156 0.0184 0.0197 0.1131 0.1526 0.0099 0.0644 0.0099 0.015 0.0277 0.0303 0.118 0.165
219 0.0034 0.0098 0.0089 0.0433 0.0013 0.0064 0.1546 0.145 0.0038 0.0102 0.0085 0.0408 0.0014 0.0047 0.1545 0.145 0.0059 0.0099 0.0131 0.0241 0.0021 0.0377 0.1563 0.1477
539 0.0051 0.037 6e-04 0.0026 0.0024 0.004 0.13 0.1378 0.005 0.037 7e-04 0.0017 0.002 0.0036 0.13 0.1378 0.0075 0.0433 0.0066 0.0128 0.0066 0.0297 0.1423 0.1732
290 0.0031 0.0165 0.001 0.0015 0.0047 0.0052 0.1333 0.139 0.0031 0.0166 0.0014 0.002 0.0048 0.0052 0.1333 0.139 0.0034 0.0186 0.0014 0.0031 0.0068 0.0166 0.1253 0.1555
261 0.0393 0.0029 0.0051 0.0125 0.011 0.0155 0.1383 0.1184 0.0394 0.0027 0.0043 0.0126 0.01 0.0141 0.1391 0.118 0.0409 0.0038 0.0024 0.0153 0.0089 0.0255 0.1377 0.121
170 0.0011 0.0112 0.0026 0.0161 0.0032 0.0029 0.1451 0.1199 0.0011 0.0112 0.0026 0.0152 0.0029 0.0028 0.1451 0.1199 0.0015 0.0151 8e-04 0.0295 0.005 0.0051 0.1475 0.139
531 0.0128 0.01 0.0012 0.0068 0.0043 0.0042 0.1553 0.1472 0.0129 0.0102 0.0012 0.0071 0.0038 0.0038 0.1557 0.147 0.014 0.0177 0.0054 0.0074 0.004 0.0038 0.1561 0.1408
80 0.008 0.0161 8e-04 0.0077 0.0029 0.005 0.186 0.1524 0.0079 0.0163 9e-04 0.0077 0.0051 0.0069 0.1859 0.1523 0.0105 0.0159 0.0063 0.0065 0.0067 0.008 0.1858 0.1587
119 0.01 0.003 0.0236 0.0315 0.0042 0.009 0.1188 0.1508 0.0101 0.0029 0.0221 0.0312 0.0033 0.0083 0.1193 0.1516 0.0138 0.0073 0.0172 0.0251 0.0031 0.7743 0.1326 0.3836
240 0.0137 0.0324 0.0087 0.0522 0.0127 0.0139 0.1634 0.1415 0.0135 0.0334 0.008 0.0462 0.0122 0.0133 0.1584 0.1421 0.0147 0.0304 0.0039 0.0448 0.0144 0.0206 0.165 0.1596
270 0.0316 9e-04 0.0013 0.0029 0.0025 0.0093 0.1927 0.1633 0.0315 0.001 0.0013 0.0023 0.0032 0.0136 0.1916 0.1636 0.0344 0.0023 0.0015 0.0216 0.0028 0.0236 0.1767 0.1697
521 0.0194 0.03 0.0144 0.0392 0.0012 0.0039 0.2037 0.1585 0.0188 0.0303 0.0129 0.0297 0.0011 0.0041 0.2088 0.1581 0.0204 0.032 0.0118 0.0499 0.0063 0.003 0.1767 0.1733
19 0.004 0.0104 0.0019 0.0034 0.002 0.0044 0.1439 0.1596 0.0038 0.0102 0.0014 0.0049 0.0015 0.0033 0.1442 0.1597 0.0034 0.0109 0.0146 0.0206 0.0037 0.0154 0.1516 0.1633
230 0.0025 0.037 0.0088 0.0067 0.0052 0.0098 0.1952 0.1628 0.0026 0.0368 0.0082 0.0061 0.0037 0.0083 0.1956 0.1625 0.0039 0.0401 0.0041 0.0065 0.0019 0.0517 0.1847 0.1885
31 0.0052 0.006 0.0123 0.0122 0.0037 0.0135 0.3128 0.1563 0.0051 0.0058 0.0102 0.0101 0.004 0.0135 0.313 0.1556 0.0077 0.0156 0.0314 0.0366 0.0048 0.039 0.2722 0.1709
550 0.0084 0.0355 0.0016 0.002 0.0083 0.0133 0.1912 0.1811 0.0082 0.0355 0.003 0.0039 0.0079 0.0135 0.1934 0.1816 0.0165 0.0365 0.0234 0.0246 0.0095 0.0188 0.1758 0.2095
361 0.0037 0.0108 0.0064 0.01 0.0106 0.0176 0.1534 0.1908 0.0037 0.0101 0.0056 0.0092 0.0122 0.0191 0.1535 0.1897 0.0079 0.0126 0.0077 0.01 0.0088 0.0334 0.1587 0.2162
311 0.0035 0.0018 7e-04 0.0038 7e-04 0.0027 0.158 0.1283 0.0037 0.0017 5e-04 0.0033 8e-04 0.0028 0.1582 0.1283 0.005 0.0056 0.003 0.0011 0.0017 0.0232 0.1431 0.1535
321 0.0213 0.0055 0.0035 0.0063 0.0029 0.0031 0.1159 0.158 0.0212 0.0054 0.0041 0.0075 0.0027 0.003 0.1156 0.1581 0.0261 0.008 0.007 0.0203 0.0013 0.0064 0.1405 0.1445
470 0.0367 0.0461 0.0029 0.0061 0.0015 0.0034 0.1176 0.1365 0.0365 0.0462 0.0028 0.0055 0.0015 0.0037 0.1179 0.1364 0.0378 0.0523 0.0012 0.0059 0.0058 0.0087 0.1207 0.1533
431 0.0033 0.0249 0.0061 0.0049 9e-04 0.0026 0.1889 0.1617 0.0032 0.0246 0.007 0.0057 0.0012 0.0029 0.1883 0.1612 0.0064 0.0273 0.0127 0.0183 0.0048 0.0135 0.1586 0.1672
280 0.0353 0.0278 0.001 0.0251 0.0121 0.0186 0.131 0.16 0.0351 0.0265 8e-04 0.0249 0.014 0.0203 0.1308 0.1584 0.037 0.036 6e-04 0.0582 0.0262 0.0904 0.1379 0.1962
100 0.0048 0.0185 0.0036 0.0042 0.0018 0.0019 0.1239 0.1664 0.0042 0.0186 0.0031 0.0038 0.0019 0.0018 0.1235 0.1659 0.0074 0.0203 0.0131 0.0144 0.0051 0.0024 0.1329 0.159
380 0.0579 0.0064 3e-04 0.0011 0.0027 0.0058 0.1263 0.1432 0.0575 0.0065 3e-04 0.0014 0.0029 0.0062 0.1263 0.1433 0.0701 0.0084 0.0218 0.0207 0.0056 0.0068 0.1422 0.15
110 0.0021 0.0126 0.002 0.0035 0.0156 0.0167 0.131 0.1605 0.002 0.0125 0.0022 0.004 0.0145 0.0154 0.1305 0.1602 0.0071 0.0131 0.0083 0.0099 0.0223 0.0318 0.1325 0.1619
511 0.0172 0.0025 1e-04 0.0032 0.0131 0.0341 0.1957 0.1341 0.0171 0.0024 1e-04 0.0027 0.0124 0.0327 0.1958 0.1339 0.0225 0.0032 0.0133 0.0148 0.0123 0.0384 0.2075 0.1327
140 0.0398 0.0123 0.0014 0.0023 0.0017 0.0086 0.127 0.1676 0.0401 0.012 0.0013 0.0023 0.0016 0.0085 0.1273 0.1672 0.0501 0.0145 0.0026 0.0162 0.0049 0.0211 0.1254 0.1741
201 0.0073 0.0093 0.0076 0.0131 0.0022 0.0072 0.1357 0.134 0.0072 0.0094 0.0086 0.0139 0.0024 0.0075 0.1357 0.1339 0.0085 0.0109 0.0023 0.016 0.0127 0.0179 0.1393 0.1298
421 0.0221 0.0175 0.008 0.0084 0.0043 0.0039 0.1338 0.1971 0.0218 0.0174 0.0068 0.0076 0.0043 0.0037 0.1344 0.1972 0.0278 0.0188 0.0015 0.0018 0.0055 0.0088 0.1323 0.1867
192 0.0237 0.0157 0.004 0.0141 0.0039 0.0074 0.1446 0.1513 0.0238 0.0155 0.0039 0.0131 0.0033 0.007 0.1451 0.151 0.0248 0.021 0.0028 0.0082 0.0035 0.0222 0.1313 0.1631
501 0.0101 0.0128 2e-04 0.0077 0.0153 0.0178 0.1432 0.1551 0.0103 0.0129 3e-04 0.0105 0.0143 0.0166 0.1435 0.1546 0.0135 0.0135 0.0047 0.0139 0.0193 0.0351 0.1636 0.167
390 0.0128 0.0033 0.001 0.0079 0.0013 0.0017 0.141 0.1872 0.0126 0.0032 0.0011 0.0081 0.0015 0.0019 0.1401 0.1868 0.0203 0.005 0.001 0.0056 0.0049 0.0265 0.1309 0.1914
441 0.0137 0.0461 0.002 0.0026 0.0016 0.0036 0.1369 0.1114 0.0135 0.0465 0.002 0.0026 0.0016 0.0034 0.1368 0.1109 0.0219 0.048 0.0126 0.0128 0.0134 0.0465 0.1316 0.1431
400 0.0089 0.0209 2e-04 0.014 0.0126 0.0178 0.1306 0.2101 0.0088 0.0205 3e-04 0.0154 0.014 0.0195 0.1306 0.2103 0.0095 0.024 0.0019 0.0161 0.0134 0.0397 0.1265 0.2217
340 0.0198 0.0112 0.0052 0.0122 0.0045 0.0078 0.1429 0.1519 0.02 0.0111 0.0058 0.0121 0.0052 0.0085 0.1436 0.1512 0.0196 0.0116 9e-04 0.0189 0.0108 0.0183 0.1375 0.1428
481 0.0256 0.0111 0.0023 0.0026 0.0044 0.0057 0.1355 0.148 0.0255 0.011 0.0021 0.0025 0.0046 0.0061 0.1356 0.148 0.0299 0.0176 0.0022 0.0049 0.0077 0.0224 0.131 0.1657
210 0.0146 0.0035 7e-04 0.0019 0.0024 0.0043 0.1923 0.1462 0.0159 0.0035 9e-04 0.0034 0.0024 0.0044 0.1958 0.1459 0.0198 0.0096 0.0046 0.011 0.0012 0.0074 0.197 0.1564
291 0.0037 0.0237 0.0073 0.0077 0.0027 0.0061 0.1234 0.1371 0.0037 0.024 0.0059 0.0061 0.0029 0.006 0.1232 0.1372 0.0041 0.0228 0.0056 0.0225 0.0072 0.0131 0.1284 0.1577
301 0.013 0.0184 0.003 0.0057 0.0157 0.0197 0.1453 0.1629 0.013 0.0183 0.0034 0.0058 0.0177 0.022 0.1452 0.163 0.0212 0.0243 0.0076 0.0109 0.0078 0.0198 0.1607 0.1805
181 0.0206 0.0424 0.0325 0.0327 0.0032 0.0031 0.1503 0.1535 0.0204 0.0422 0.0328 0.033 0.0033 0.0029 0.1501 0.1531 0.0223 0.0445 0.0123 0.0299 0.0201 0.0298 0.1514 0.1992
231 0.0151 0.0211 0.0016 0.0047 0.0053 0.0074 0.1292 0.1508 0.0147 0.0209 0.0015 0.0039 0.0047 0.0069 0.1274 0.1512 0.0148 0.022 0.0022 0.0165 0.004 0.0083 0.1336 0.1484
331 0.0071 0.002 4e-04 0.0348 0.0194 0.0253 0.1488 0.1562 0.007 0.0021 3e-04 0.0269 0.0211 0.0269 0.1454 0.1569 0.0074 0.0051 0.0046 0.0188 0.0153 0.0208 0.1619 0.1608
130 0.0126 0.009 0.012 0.0129 0.0243 0.0254 0.1489 0.1751 0.0125 0.009 0.0128 0.0131 0.0248 0.0259 0.1489 0.175 0.013 0.0145 0.0039 0.0044 0.0109 0.021 0.1405 0.2072
71 0.0208 0.1001 0.0011 0.0246 0.0023 0.0032 0.1727 0.1324 0.0222 0.1001 0.001 0.0284 0.0024 0.0032 0.1747 0.1325 0.0215 0.0955 9e-04 0.0472 0.0015 0.0233 0.1847 0.1272
372 0.0195 0.0282 0.0035 0.0034 7e-04 0.006 0.1496 0.1494 0.0195 0.0279 0.0048 0.0046 8e-04 0.0057 0.1498 0.1494 0.0217 0.0333 0.0033 0.0035 0.0041 0.0407 0.1424 0.1794
410 0.0037 0.0118 0.0263 0.0277 0.0025 0.0141 0.2232 0.1586 0.0037 0.012 0.0271 0.0285 0.0028 0.0135 0.2238 0.1583 0.0094 0.013 0.0283 0.0261 0.0045 0.0193 0.2259 0.1585
451 0.0028 0.0134 0.001 0.0024 0.0084 0.0164 0.1457 0.1482 0.0028 0.0134 0.0015 0.0027 0.0065 0.0142 0.1458 0.1478 0.0066 0.0137 0.0026 0.0031 0.0158 0.0463 0.1461 0.1554
50 0.0058 0.012 0.0019 0.0031 0.0041 0.0062 0.1907 0.1409 0.0061 0.0121 0.0023 0.0035 0.0031 0.0054 0.1908 0.141 0.0073 0.0171 0.0014 0.0057 0.0115 0.0141 0.1751 0.1346
91 0.0138 0.0113 0.0163 0.0203 0.0022 0.0163 0.3625 0.1427 0.0142 0.0113 0.0149 0.0178 0.0021 0.0133 0.3585 0.1409 0.0219 0.0132 0.0131 0.0152 0.0226 0.0982 0.252 0.1703
10 0.0053 0.0317 0.0278 0.0286 0.0045 0.0077 0.1145 0.1277 0.0055 0.0317 0.0264 0.029 0.005 0.0084 0.1141 0.1279 0.0083 0.0373 0.0211 0.0218 0.0093 0.0273 0.119 0.1326
432 0.0036 0.0444 0.0016 0.0098 0.0424 0.0433 0.1284 0.1353 0.0034 0.0445 0.0017 0.01 0.0398 0.0408 0.1278 0.1354 0.0079 0.0396 6e-04 0.0084 0.0291 0.035 0.1289 0.1455
471 0.0027 0.0416 0.0138 0.0149 0.0089 0.0104 0.1709 0.1254 0.0026 0.0416 0.0139 0.0151 0.0096 0.0112 0.1707 0.1257 0.0028 0.0427 0.0081 0.017 0.0032 0.0099 0.171 0.1232
171 0.0023 0.0211 0.0018 0.0045 0.01 0.0103 0.0999 0.1571 0.0023 0.0214 0.0021 0.0044 0.0134 0.0141 0.1001 0.1577 0.0095 0.0239 0.0021 0.0076 0.013 0.0141 0.1062 0.166
522 0.0283 0.0055 0.0032 0.0028 0.0041 0.008 0.1134 0.1825 0.0282 0.0067 0.003 0.0027 0.0038 0.01 0.1122 0.1834 0.0342 0.0112 8e-04 7e-04 0.0076 0.0259 0.1173 0.1876
241 0.0089 0.003 0.0021 0.0022 0.0013 0.004 0.2398 0.1528 0.0089 0.0028 0.0021 0.0022 0.0014 0.0037 0.242 0.152 0.0124 0.0044 0.0024 0.0029 0.0127 0.0089 0.1943 0.1734
101 0.0343 0.014 0.0024 0.0021 0.0029 0.0018 0.1229 0.1226 0.0343 0.0136 0.0028 0.0025 0.0026 0.0016 0.1233 0.1228 0.0356 0.0136 0.0109 0.0081 0.002 0.0205 0.1296 0.1403
220 0.0214 0.0058 0.0123 0.0168 0.0208 0.0353 0.129 0.143 0.0213 0.0059 0.0145 0.0189 0.0232 0.0377 0.129 0.1427 0.0213 0.0072 0.0032 0.0342 0.0178 0.0345 0.1225 0.1459
540 0.0076 0.0153 0.0133 0.0173 0.003 0.6614 0.1558 0.3764 0.0079 0.0134 0.0129 0.0167 0.0032 0.0042 0.1568 0.1223 0.011 0.0113 0.0242 0.0753 0.0053 0.0195 0.1938 0.1553
462 0.0107 0.0035 0.0123 0.0147 0.0034 0.0038 0.1817 0.1883 0.0121 0.0032 0.0119 0.0171 0.0026 0.0029 0.1831 0.188 0.0185 0.0115 0.0234 0.0246 0.0124 0.0073 0.1964 0.205
322 0.0329 0.0106 0.0054 0.0067 0.0044 0.0078 0.135 0.196 0.0333 0.0105 0.005 0.0061 0.0051 0.0085 0.1363 0.1956 0.0345 0.0144 0.0085 0.013 0.0149 0.0146 0.1463 0.2091
151 0.0096 0.0119 0.002 0.002 0.0101 0.0134 0.1547 0.1348 0.0094 0.0119 0.002 0.0022 0.0102 0.0135 0.1548 0.1346 0.0121 0.0123 0.0181 0.0187 0.0102 0.0164 0.1542 0.1494
193 0.0109 0.0134 2e-04 0.008 0.0032 0.0057 0.2059 0.1637 0.0105 0.0133 5e-04 0.0046 0.0031 0.0055 0.2286 0.1638 0.0121 0.0161 0.001 0.0026 0.0035 0.0147 0.1896 0.1781
312 0.0085 0.0988 0.001 0.0036 0.0148 0.0164 0.1107 0.1805 0.0088 0.099 0.001 0.0033 0.014 0.0154 0.1105 0.1801 0.0105 0.0988 9e-04 0.004 0.0077 0.021 0.1115 0.1851
281 0.0121 0.014 0.0056 0.0064 0.0145 0.0185 0.1138 0.1571 0.012 0.0137 0.0045 0.0052 0.0149 0.0189 0.1135 0.1565 0.0225 0.0221 0.0098 0.0095 0.0202 0.0294 0.1331 0.1783
120 0.0162 0.039 0.0026 0.0138 0.0032 0.0108 0.3104 0.1526 0.0163 0.0387 0.0034 0.0078 0.0022 0.0096 0.3163 0.152 0.0193 0.0419 0.0116 0.0563 0.004 0.0333 0.2515 0.1705
251 0.0127 0.0199 0.0113 0.0159 0.01 0.0116 0.1237 0.137 0.0127 0.0197 0.0107 0.0141 0.0114 0.0128 0.1235 0.1369 0.0135 0.0192 3e-04 0.0016 0.0082 0.0196 0.1308 0.1484
81 0.0124 0.0434 4e-04 0.0018 0.0015 0.0094 0.1791 0.1609 0.0126 0.0436 4e-04 0.002 0.0015 0.0092 0.1788 0.1613 0.0184 0.0447 0.0017 0.0051 0.0131 0.0338 0.1732 0.166
51 0.0384 0.0625 0.05 0.0518 0.0022 0.0036 0.1267 0.1611 0.0384 0.0625 0.0481 0.0496 0.0022 0.0035 0.1266 0.1614 0.0482 0.067 0.0519 0.0631 0.0064 0.0178 0.1381 0.1743
512 0.0217 0.0116 0.0093 0.0098 0.0096 0.0156 0.1495 0.1686 0.0216 0.0117 0.008 0.0087 0.0103 0.0156 0.1493 0.1692 0.0248 0.0188 0.0122 0.012 0.012 0.0399 0.1427 0.1801
32 0.0153 0.0307 0.0021 0.0255 0.0014 0.0029 0.1565 0.1286 0.0151 0.0304 0.0019 0.026 0.0013 0.0029 0.1567 0.1282 0.0171 0.0402 0.0013 0.0359 0.0117 0.0152 0.1679 0.1316
442 0.0045 0.0061 0.0012 0.0047 0.0114 0.0137 0.1637 0.1401 0.0046 0.0061 0.0015 0.0041 0.0128 0.0149 0.1635 0.1403 0.0044 0.0131 0.0032 0.0098 0.0178 0.0172 0.167 0.1461
551 0.0102 0.0026 0.0205 0.0209 0.0061 0.0083 0.1692 0.1552 0.0092 0.0026 0.0211 0.0214 0.0067 0.0072 0.1679 0.1549 0.0128 0.0045 0.0328 0.049 0.002 0.0131 0.1622 0.1604
492 0.0177 0.01 0.0066 0.0407 0.0013 0.0119 0.1545 0.1629 0.0173 0.0102 0.0071 0.0462 0.0012 0.0118 0.1558 0.1629 0.0203 0.0153 0.0111 0.0558 0.003 0.0768 0.1431 0.1843
72 0.0229 0.0208 0.0017 0.0024 0.0086 0.0087 0.1123 0.1509 0.0228 0.021 0.0018 0.0023 0.0101 0.0107 0.1121 0.1499 0.0226 0.0264 0.0063 0.0145 0.0137 0.0229 0.1282 0.1509
502 0.0141 0.0151 0.0104 0.0139 0.0041 0.0074 0.1534 0.1487 0.014 0.0149 0.0085 0.0118 0.0048 0.0075 0.1524 0.1501 0.0168 0.0161 0.0028 0.06 0.014 0.0134 0.1882 0.1624
20 0.0047 0.0219 0.0059 0.0081 0.0015 0.0043 0.1622 0.1466 0.0044 0.0216 0.0049 0.0055 0.0013 0.0037 0.1621 0.1462 0.0088 0.0245 0.0023 0.0059 0.0109 0.1359 0.1616 0.215
362 0.023 0.0208 0.0013 0.016 0.0097 0.0106 0.1536 0.1501 0.0232 0.0207 8e-04 0.0072 0.0093 0.0101 0.1547 0.1503 0.0258 0.0291 0.0011 0.0132 0.0101 0.0109 0.1523 0.1585
411 0.0296 0.0333 0.002 0.0099 0.0076 0.0094 0.1707 0.1757 0.0295 0.0332 0.0027 0.0104 0.0074 0.009 0.1707 0.1755 0.0334 0.0357 0.0013 0.0186 0.0032 0.0107 0.1672 0.1871
41 0.0251 0.0068 0.01 0.0608 0.0032 0.0028 0.2212 0.1485 0.0252 0.0073 0.0088 0.0591 0.0033 0.0028 0.2223 0.1483 0.0266 0.011 0.0081 0.0515 0.0024 0.0146 0.2059 0.1645
482 0.0046 0.0075 6e-04 3e-04 0.0045 0.0095 0.1279 0.138 0.0045 0.0074 8e-04 4e-04 0.0053 0.01 0.1278 0.1381 0.0062 0.0096 0.0046 0.0078 0.0125 0.0124 0.1381 0.1472
60 0.0064 0.036 0.0099 0.0117 0.003 0.0065 0.1135 0.1575 0.0065 0.0359 0.0096 0.0113 0.0027 0.0063 0.1139 0.1573 0.0113 0.0359 0.0079 0.0132 0.0164 0.0276 0.1251 0.1535
401 0.0284 0.01 0.0187 0.0214 0.0021 0.0153 0.2202 0.1471 0.0287 0.0101 0.0185 0.022 0.0031 0.0183 0.2186 0.1487 0.0269 0.0122 0.0279 0.0374 0.0044 0.011 0.1809 0.1423
433 0.004 0.0091 0.0069 0.0124 0.0017 0.0017 0.1584 0.1572 0.004 0.0091 0.0059 0.0115 0.0013 0.0015 0.1586 0.1567 0.006 0.0143 7e-04 0.0447 0.005 0.0046 0.1654 0.1632
463 0.0171 0.0142 0.0073 0.0143 0.007 0.0074 0.1453 0.1411 0.0174 0.0143 0.0074 0.0137 0.0071 0.0076 0.1447 0.1413 0.0246 0.0138 0.0031 0.009 0.0151 0.0147 0.149 0.1461
262 0.0148 0.0109 0.0017 0.0102 0.0164 0.0163 0.1975 0.1252 0.0149 0.0107 0.0014 0.0066 0.0157 0.0154 0.2003 0.1248 0.0163 0.0149 3e-04 0.0412 0.0258 0.0305 0.1862 0.1393
452 0.0116 0.0084 0.0042 0.0032 0.0041 0.0039 0.3364 0.1152 0.0115 0.0083 0.0048 0.0035 0.0037 0.0035 0.3388 0.1152 0.0125 0.0103 0.0069 0.0113 0.008 0.0072 0.2476 0.1153
202 0.0246 0.0476 0.0031 0.0047 0.0128 0.0164 0.1177 0.1624 0.0246 0.0467 0.003 0.005 0.0116 0.014 0.1176 0.1586 0.0279 0.0521 0.0023 0.0064 0.0214 0.096 0.1128 0.2272
141 0.0063 0.0149 0.0166 0.0164 0.0011 0.0016 0.1495 0.1392 0.0064 0.0146 0.0145 0.0145 9e-04 0.0014 0.1496 0.139 0.0083 0.0201 0.0101 0.0095 0.008 0.0073 0.1455 0.1485
422 0.0116 0.0722 7e-04 0.0046 0.0067 0.0093 0.157 0.1731 0.0115 0.0722 8e-04 0.0048 0.0052 0.0078 0.1569 0.1733 0.0132 0.0723 0.0021 9e-04 0.015 0.0133 0.1546 0.1708
381 0.009 0.0085 0.0055 0.0054 0.0012 0.0098 0.1437 0.1541 0.0091 0.0082 0.0059 0.0063 8e-04 0.0068 0.1424 0.1537 0.0116 0.0097 0.0089 0.0104 0.0052 0.0051 0.1369 0.158
131 0.0045 0.0058 0.0105 0.0108 0.0104 0.0136 0.1463 0.1429 0.0044 0.0032 0.011 0.0112 0.0094 0.013 0.1463 0.1396 0.0106 0.0074 0.0139 0.0265 0.0199 0.0327 0.1478 0.1413
172 0.007 0.0228 0.003 0.0057 0.0013 0.0029 0.1022 0.1554 0.007 0.0226 0.0032 0.0055 0.0014 0.0027 0.1027 0.1555 0.0128 0.0216 0.0143 0.0113 0.006 0.0027 0.1169 0.1548
351 0.0145 0.0073 8e-04 0.0168 0.0254 0.0327 0.1318 0.2333 0.0146 0.0043 6e-04 0.021 0.0239 0.0284 0.1331 0.2298 0.0201 0.0124 0.0014 0.0465 0.0091 0.0379 0.1463 0.2432
182 0.0108 0.0024 0.0026 0.0025 0.0053 0.0098 0.1987 0.1488 0.0107 0.0023 0.0035 0.0034 0.0054 0.0098 0.1988 0.1486 0.0146 0.0063 0.0028 0.0049 0.0044 0.0028 0.1789 0.1471
271 0.0086 0.0197 0.0061 0.0064 0.001 0.0021 0.2225 0.1258 0.0091 0.0195 0.0061 0.0064 0.001 0.002 0.2227 0.1258 0.014 0.0256 0.002 0.0421 0.0017 0.0058 0.23 0.1246
252 0.0091 0.0421 0.0063 0.0081 0.0044 0.004 0.1525 0.1212 0.0091 0.0424 0.0058 0.0072 0.0049 0.0045 0.1514 0.122 0.0149 0.0461 0.0116 0.067 0.0105 0.0124 0.1697 0.1343
232 0.0064 0.0081 0.0011 0.0025 0.0054 0.006 0.115 0.1324 0.0063 0.0081 0.0013 0.0026 0.0051 0.0058 0.1146 0.1321 0.0119 0.0101 0.0083 0.0157 0.0042 0.0045 0.1288 0.1346
292 0.008 0.0363 0.0013 0.0019 0.0074 0.0093 0.1223 0.17 0.008 0.0363 0.0014 0.0018 0.0077 0.0105 0.1231 0.1694 0.0098 0.0382 7e-04 0.0017 0.0099 0.0121 0.1213 0.1663
373 0.0237 0.0091 0.0099 0.0176 0.0145 0.0208 0.1818 0.1362 0.0238 0.0092 0.0084 0.0166 0.0137 0.02 0.1819 0.1365 0.0235 0.009 0.0203 0.0738 0.0056 0.0277 0.1877 0.1437
92 0.0116 0.0421 0.0014 0.0025 0.0125 0.023 0.1341 0.1675 0.0116 0.0424 0.0014 0.0021 0.0154 0.0258 0.1337 0.1677 0.0099 0.0425 0.0012 0.0047 0.0137 0.0209 0.133 0.1575
211 0.0365 0.0271 0.0173 0.0277 0.0164 0.0248 0.1254 0.1645 0.0398 0.0274 0.0158 0.023 0.0171 0.0251 0.1289 0.1643 0.0471 0.032 0.0235 0.0296 0.004 0.0286 0.1343 0.1715
111 0.0077 0.0449 0.0017 0.0141 0.0014 0.0023 0.1683 0.1365 0.0075 0.0441 0.0018 0.0258 0.0019 0.0027 0.1665 0.1368 0.0113 0.0448 0.0059 0.02 0.0067 0.0079 0.1834 0.1393
161 0.021 0.0556 0.0076 0.0365 0.0114 0.0125 0.1634 0.1539 0.0212 0.0557 0.0105 0.0509 0.0101 0.0114 0.1616 0.1538 0.0233 0.0519 0.0055 0.0036 0.01 0.0124 0.1803 0.1578
11 0.0128 0.0209 0.0014 0.0012 9e-04 0.0037 0.1257 0.1394 0.0128 0.0208 0.0019 0.0014 8e-04 0.0035 0.1265 0.1395 0.0144 0.0221 0.0139 0.009 0.0025 0.0061 0.138 0.1446
102 0.0115 0.0172 1e-04 0.0033 0.0027 0.0057 0.1728 0.1409 0.0112 0.0171 1e-04 0.002 0.0029 0.0064 0.173 0.1408 0.0227 0.0243 0.0017 0.0018 0.0078 0.0145 0.1792 0.1509
523 0.0138 0.0303 0.0181 0.0261 0.0159 0.0183 0.1608 0.166 0.0132 0.0308 0.0208 0.0291 0.016 0.0189 0.1599 0.1663 0.0213 0.0309 0.0095 0.0605 0.0232 0.0587 0.164 0.1877
341 0.0093 0.0068 0.0024 0.0052 0.0156 0.0181 0.1773 0.1319 0.0093 0.0065 0.0016 0.0034 0.0145 0.0165 0.1786 0.1314 0.0144 0.0069 0.0013 0.002 0.0054 0.0173 0.186 0.1471
541 0.0074 0.0168 3e-04 0.0033 0.0022 0.0075 0.1173 0.1341 0.0076 0.0167 2e-04 0.0031 0.0029 0.0089 0.1167 0.1344 0.0144 0.027 0.0107 0.0234 0.0051 0.0288 0.1313 0.1608
221 0.0133 0.0169 0.0013 0.006 0.0032 0.0098 0.1033 0.1735 0.0132 0.0166 0.0013 0.0058 0.0032 0.0091 0.1036 0.1732 0.0143 0.0201 0.0116 0.0169 0.0023 0.0214 0.1098 0.1735
483 0.0189 0.002 0.0011 0.0025 0.0035 0.0102 0.1578 0.1588 0.0189 0.0019 0.0013 0.003 0.0028 0.0085 0.1581 0.1585 0.021 0.0105 0.0021 0.0103 0.0108 0.0182 0.1733 0.1707
412 0.0086 0.0189 0.0124 0.0131 0.0529 0.0548 0.3043 0.1334 0.0084 0.0185 0.0134 0.0153 0.056 0.0577 0.3096 0.1333 0.0072 0.025 0.0513 0.0516 0.0888 0.1238 0.2461 0.1601
302 0.0017 0.0026 0.0013 0.0164 0.0019 0.0037 0.2251 0.1434 0.0017 0.0026 0.0014 0.016 0.0021 0.0045 0.2252 0.1439 0.0014 0.0077 0.0082 0.0191 0.0056 0.0165 0.2096 0.15
363 0.0029 0.004 0.0064 0.0074 0.0018 0.0016 0.1563 0.1759 0.0031 0.004 0.0055 0.0065 0.0018 0.0018 0.1569 0.1764 0.0046 0.0084 0.001 0.0026 0.008 0.0153 0.141 0.1746
282 0.0071 0.0153 0.0028 0.0044 0.0182 0.0195 0.1634 0.1401 0.007 0.0153 0.0033 0.0049 0.0174 0.0186 0.1632 0.1405 0.0081 0.0151 0.0015 0.0106 0.0301 0.0325 0.1568 0.1432
391 0.0393 0.0712 5e-04 0.0078 0.0377 0.0382 0.1478 0.16 0.0393 0.0709 7e-04 0.0104 0.0384 0.0387 0.1485 0.1605 0.0413 0.0732 2e-04 0.0169 0.0115 0.018 0.1532 0.1535
152 0.0061 0.005 0.0026 0.0138 0.01 0.0114 0.1987 0.1366 0.0062 0.0049 0.0025 0.0131 0.0078 0.0093 0.199 0.1364 0.0134 0.0147 0.0099 0.0164 0.0044 0.0183 0.1921 0.1675
532 0.1154 0.0514 0.0068 0.0141 0.0023 0.0056 0.1761 0.1498 0.1155 0.051 0.0072 0.014 0.0027 0.0056 0.1761 0.149 0.1213 0.0575 5e-04 0.0076 0.0058 0.025 0.1598 0.1729
194 0.0182 0.0158 0.0032 0.006 0.0025 0.0022 0.1717 0.1649 0.0183 0.0156 0.0018 0.0031 0.0021 0.0027 0.1704 0.1647 0.0201 0.0189 0.0021 0.0033 0.0076 0.0201 0.1713 0.1732
82 0.0071 0.0206 0.0012 0.0011 0.0134 0.0143 0.119 0.1763 0.0071 0.0208 0.0014 0.0014 0.013 0.0138 0.1188 0.1762 0.0105 0.0235 0.0015 0.0047 0.0194 0.0198 0.127 0.1691
402 0.0338 0.0182 0.0032 0.0063 0.0394 0.045 0.1497 0.1403 0.0342 0.0179 0.0047 0.007 0.0401 0.0456 0.1548 0.1406 0.0397 0.0192 0.0194 0.0251 0.0206 0.0274 0.1516 0.1507
464 0.0013 0.1097 0.0054 0.0029 0.0021 0.0029 0.1222 0.1377 0.0014 0.1098 0.0055 0.0028 0.0019 0.0027 0.1233 0.1377 0.0042 0.1184 0.0082 0.0106 0.0116 0.0343 0.1215 0.1591
242 0.0052 0.0015 0.0044 0.0077 0.0058 0.0045 0.1464 0.1293 0.0053 0.0016 0.005 0.0095 0.0061 0.0053 0.1463 0.1297 0.008 0.0058 0.0291 0.0347 0.0137 0.0121 0.1479 0.1528
513 0.0167 0.0538 0.001 0.0107 0.0068 0.0078 0.1645 0.1433 0.0168 0.0534 6e-04 0.0099 0.0058 0.0067 0.1645 0.1435 0.0217 0.053 0.0045 0.011 0.0025 0.0101 0.1621 0.1527
374 0.0011 0.0247 0.0026 0.003 0.0067 0.0081 0.1244 0.1443 0.0011 0.0245 0.0018 0.0023 0.0062 0.008 0.1242 0.1442 0.0035 0.0293 0.008 0.0074 0.0044 0.005 0.1376 0.1642
472 0.0199 0.0054 0.0085 0.0068 0.0086 0.0201 0.1869 0.1675 0.0211 0.0051 0.0089 0.0073 0.0086 0.0199 0.1866 0.1674 0.0167 0.0096 0.0152 0.0282 0.0043 0.0113 0.1663 0.1595
203 0.0071 0.0065 0.0035 0.006 0.0028 0.0055 0.1284 0.1325 0.007 0.0066 0.0036 0.0061 0.0033 0.0056 0.1286 0.1324 0.0101 0.0137 0.0015 0.0054 0.0044 0.0261 0.1326 0.1457
443 0.0038 0.0043 3e-04 0.0015 0.0135 0.0177 0.1182 0.1414 0.0044 0.0042 5e-04 0.001 0.0146 0.0185 0.1164 0.1413 0.0096 0.0079 0.0056 0.0074 0.0046 0.0033 0.13 0.1464
52 0.0621 0.0173 0.001 0.0189 0.0075 0.0086 0.161 0.1459 0.0621 0.0172 0.0012 0.0196 0.0077 0.0088 0.1612 0.1458 0.066 0.0219 9e-04 0.0177 0.0055 0.0059 0.1428 0.1608
332 0.0118 0.007 0.001 9e-04 0.0037 0.0076 0.2047 0.1858 0.0126 0.0072 9e-04 8e-04 0.004 0.0075 0.2065 0.1855 0.0145 0.0087 0.0034 0.01 0.0104 0.0229 0.1913 0.1955
503 0.009 0.0147 0.0115 0.016 0.0043 0.0072 0.1557 0.1461 0.0091 0.0144 0.011 0.0151 0.0038 0.0069 0.1556 0.1458 0.0146 0.0156 0.0036 0.0102 0.0064 0.0269 0.1568 0.1685
263 0.0118 0.0487 0.0334 0.039 0.0057 0.008 0.1111 0.1677 0.0117 0.049 0.0313 0.0361 0.0055 0.0077 0.1105 0.1675 0.0188 0.0552 0.0232 0.0768 0.0089 0.0149 0.1566 0.1835
493 0.0168 0.03 0.0011 0.0107 0.0014 0.0087 0.1645 0.1659 0.0167 0.0301 0.001 0.0107 0.0013 0.0074 0.1645 0.1654 0.0211 0.0382 0.0027 0.0702 0.0024 0.0494 0.1788 0.1833
272 0.0154 0.0126 0.004 0.0122 0.0136 0.0177 0.1337 0.1322 0.0152 0.0126 0.0039 0.0118 0.0124 0.0163 0.1334 0.1318 0.0179 0.0132 0.0109 0.0171 0.0127 0.0156 0.1245 0.1562
453 0.0073 0.0023 3e-04 0.0045 0.014 0.016 0.1441 0.1193 0.0072 0.0024 3e-04 0.0026 0.0145 0.0169 0.1434 0.1197 0.0131 0.0097 0.0064 0.0123 0.0224 0.0225 0.1516 0.1303
352 0.0025 0.0109 0.001 0.0059 0.0066 0.0095 0.0986 0.158 0.0023 0.0109 0.0011 0.006 0.0067 0.0101 0.0983 0.158 0.0068 0.0125 0.0013 0.0013 0.0025 0.0205 0.1055 0.1675
183 0.0029 0.0196 0.0094 0.0087 0.0024 0.0061 0.1502 0.1358 0.0029 0.0196 0.01 0.0095 0.0021 0.0058 0.1501 0.1359 0.0027 0.0186 8e-04 0.0046 0.0011 0.0194 0.1331 0.1515
382 0.0073 0.0024 0.003 0.0027 0.0094 0.0132 0.176 0.1557 0.0067 0.0023 0.0023 0.0027 0.012 0.0164 0.1736 0.1559 0.0137 0.0059 0.0079 0.0122 0.008 0.0146 0.1831 0.1677
552 0.0212 0.0019 8e-04 0.0069 0.0014 0.0111 0.1435 0.1274 0.0207 0.0018 6e-04 0.0051 0.0013 0.0103 0.1424 0.1271 0.026 0.0031 5e-04 0.0208 0.0029 0.0263 0.1418 0.1351
162 0.0092 0.0355 0.0036 0.007 0.0191 0.0267 0.1195 0.1865 0.0092 0.0354 0.0039 0.0066 0.018 0.025 0.1193 0.186 0.0098 0.038 0.0029 0.0125 0.0463 0.0771 0.1257 0.1951
313 0.0121 0.0208 1e-04 0.0061 0.0071 0.0067 0.1158 0.1528 0.0121 0.0204 1e-04 0.007 0.0056 0.0053 0.1163 0.1526 0.0166 0.0226 0.0064 0.018 0.0057 0.0214 0.1277 0.1666
434 0.0176 0.0025 0.0077 0.0086 0.0017 0.0015 0.124 0.1682 0.0163 0.0024 0.0012 0.0147 0.0015 0.0014 0.1209 0.1685 0.0145 0.0031 0 0.0195 0.0016 0.0033 0.1264 0.1751
364 0.0027 0.0183 0.0042 0.0042 0.0013 0.0095 0.1598 0.1598 0.0027 0.018 0.0035 0.0035 0.0011 0.0082 0.1588 0.1603 0.007 0.0209 0.0053 0.018 0.0059 0.0162 0.1681 0.1531
61 0.0186 0.0149 0.0012 0.0199 0.0037 0.0027 0.1313 0.1344 0.0186 0.0144 0.001 0.0172 0.0039 0.003 0.131 0.1346 0.0229 0.0192 7e-04 0.0335 0.0089 0.0248 0.1348 0.1644
132 0.0519 0.0379 0.0012 9e-04 0.0064 0.009 0.1722 0.1681 0.052 0.0382 0.0013 0.001 0.0067 0.0095 0.1722 0.1679 0.055 0.0491 0.0034 0.0159 0.0056 0.0325 0.1652 0.1773
21 0.004 0.0274 0.0128 0.0139 0.0016 0.0055 0.1312 0.1402 0.004 0.0274 0.0142 0.0152 0.0016 0.0053 0.1316 0.1401 0.0046 0.033 0.0278 0.0437 0.0049 0.0153 0.1471 0.1445
42 0.0201 0.0456 0.0283 0.0756 0.0083 0.0141 0.1969 0.144 0.0193 0.0456 0.0256 0.0599 0.008 0.0137 0.1937 0.1439 0.0238 0.0435 0.0104 0.061 0.0111 0.0421 0.1941 0.1509
323 0.0417 0.0115 0.0065 0.0074 0.0303 0.0316 0.1478 0.1413 0.0418 0.0115 0.0066 0.0075 0.0327 0.0339 0.1478 0.1408 0.0419 0.0133 0.0059 0.0086 0.0188 0.0169 0.1575 0.1302
142 0.0119 0.034 0.0031 0.0039 0.0105 0.0152 0.1334 0.1337 0.0121 0.034 0.0035 0.0042 0.0106 0.0151 0.1336 0.1333 0.0166 0.0346 8e-04 0.0067 0.0043 0.0146 0.1445 0.14
283 0.0159 0.0096 0.0067 0.0094 0.0023 0.0049 0.1443 0.1392 0.0157 0.0097 0.0068 0.0097 0.0024 0.0056 0.1445 0.1398 0.0221 0.012 0.0054 0.0507 0.0137 0.0187 0.1638 0.1479
12 0.0164 0.0188 0.0011 0.0029 0.0068 0.0078 0.1311 0.1521 0.0162 0.0189 0.0013 0.0031 0.0071 0.0081 0.1309 0.1518 0.0199 0.0211 0.0052 0.0061 0.0035 0.0148 0.1298 0.1539
204 0.0742 0.0039 0.023 0.0237 0.0022 0.0076 0.126 0.1551 0.0746 0.0039 0.0214 0.022 0.0018 0.0075 0.1262 0.1552 0.0729 0.0058 0.0104 0.0135 0.0052 0.0079 0.1477 0.1519
342 0.0073 0.0148 0.0122 0.0128 0.0012 0.0022 0.1318 0.1399 0.0073 0.0147 0.0078 0.0084 0.0017 0.0029 0.132 0.1395 0.0136 0.0165 5e-04 0.004 0.0065 0.0177 0.1438 0.1464
93 0.0069 0.0097 0.0017 0.0044 0.0047 0.0083 0.1301 0.1346 0.0067 0.0093 0.0017 0.0042 0.0041 0.0071 0.1295 0.1338 0.0084 0.0143 0.0017 0.0151 0.0075 0.0291 0.1436 0.1486
212 0.0029 0.0079 5e-04 0.024 0.0014 0.0029 0.1849 0.1894 0.0027 0.0088 0.0029 0.0437 0.0016 0.0027 0.1847 0.1899 0.0038 0.0124 0.0051 0.03 0.0042 0.0095 0.181 0.2068
524 0.0011 0.0115 0.0103 0.0107 0.0087 0.0071 0.1956 0.141 0.0012 0.0114 0.0106 0.011 0.0106 0.0092 0.195 0.1404 0.0035 0.012 0.0043 0.0046 0.0035 0.0156 0.1792 0.1432
264 0.0126 0.0054 0.021 0.0205 0.0012 0.0087 0.1946 0.1476 0.0128 0.0049 0.021 0.0207 0.0013 0.0082 0.195 0.1473 0.0177 0.0056 0.0062 0.0083 0.0019 0.0032 0.1875 0.1431
403 0.0165 0.0016 0.0015 0.0026 0.0084 0.0119 0.1774 0.1583 0.0163 0.0017 0.0014 0.0024 0.0087 0.0122 0.1775 0.1577 0.0163 0.0075 0.0138 0.0184 0.0071 0.0409 0.1779 0.1737
195 0.0729 0.0042 0.0039 0.0058 8e-04 0.0023 0.1914 0.1273 0.0733 0.0042 0.0051 0.0067 0.0016 0.0032 0.1917 0.1269 0.0889 0.0074 0.0095 0.0603 0.0116 0.015 0.1955 0.1251
233 0.0182 0.0052 0.0032 0.0093 0.0043 0.007 0.1319 0.1455 0.0178 0.0054 0.0026 0.008 0.0047 0.007 0.1298 0.1452 0.0259 0.0052 3e-04 0.005 0.0034 0.0625 0.1326 0.1792
73 0.0102 0.0124 0.0053 0.0432 0.0049 0.0108 0.1848 0.1476 0.0097 0.0126 0.0063 0.0491 0.0057 0.0106 0.1856 0.1481 0.0176 0.011 0.0042 0.0424 0.0053 0.0127 0.1836 0.1505
173 0.0149 0.0209 0.0082 0.01 0.0043 0.0063 0.1121 0.1596 0.0149 0.0205 0.0066 0.0082 0.0051 0.0072 0.1122 0.1595 0.0231 0.022 0.0016 0.0031 0.0026 0.0018 0.134 0.1578
484 0.0058 0.0295 0.0022 0.0136 0.0069 0.01 0.143 0.1435 0.0088 0.0291 0.0018 0.0132 0.0079 0.009 0.1456 0.1445 0.0102 0.0285 0.003 0.0175 0.0209 0.0372 0.1627 0.1561
353 0.008 0.0044 0.0095 0.0116 0.0025 0.0049 0.1532 0.1555 0.0081 0.0043 0.0082 0.0108 0.0022 0.0049 0.1537 0.1551 0.0091 0.0111 0.0031 0.0012 0.0238 0.0289 0.1576 0.1748
253 0.0063 0.0123 0.0052 0.0067 0.0193 0.0218 0.1382 0.1326 0.006 0.0122 0.0057 0.0069 0.0207 0.023 0.1385 0.1325 0.0115 0.0165 0.0063 0.053 0.0081 0.0119 0.1343 0.1431
133 0.0479 0.0174 0.0216 0.0292 0.0043 0.0073 0.1211 0.1592 0.0474 0.0175 0.0214 0.0285 0.0043 0.0071 0.1204 0.1588 0.049 0.0213 0.0113 0.0109 0.0079 0.0078 0.1213 0.165
303 0.0086 0.0071 0.0022 0.0067 0.0072 0.0138 0.127 0.1238 0.0087 0.0071 0.0025 0.0066 0.0084 0.0148 0.1269 0.1234 0.0108 0.0081 6e-04 0.0184 0.0048 0.0247 0.1372 0.1377
153 0.0132 0.0205 0.0104 0.0125 0.0047 0.0068 0.1517 0.1459 0.0134 0.0208 0.0096 0.0119 0.0056 0.0083 0.1525 0.1471 0.0151 0.027 0.0164 0.0237 0.0189 0.02 0.1516 0.1727
222 0.0325 9e-04 0.0153 0.0195 0.0052 0.0049 0.1245 0.1325 0.0325 9e-04 0.0177 0.0212 0.0051 0.0048 0.1244 0.1322 0.0436 0.0043 0.0055 0.0125 0.0038 0.0048 0.1311 0.1378
494 0.0097 0.0285 0.0118 0.0167 0.0071 0.0062 0.1204 0.152 0.0096 0.0284 0.0105 0.0155 0.0071 0.0063 0.1203 0.1516 0.0138 0.0344 0.0192 0.059 0.0134 0.0117 0.1453 0.1706
83 0.0229 0.001 0.0014 0.0028 0.0034 0.005 0.1195 0.1305 0.0229 0.0011 0.0016 0.0029 0.0038 0.0051 0.1198 0.1306 0.0242 0.0036 0.0019 0.0048 0.0079 0.0588 0.1208 0.1493
514 0.0404 0.0219 0.0037 0.0094 0.0043 0.0044 0.1768 0.1414 0.0404 0.022 0.003 0.0089 0.0039 0.0039 0.1765 0.141 0.0459 0.0211 0.0014 0.0057 0.0163 0.0149 0.1721 0.1536
435 0.0262 0.0582 0.0099 0.01 0.003 0.0072 0.2135 0.1575 0.027 0.0582 0.0107 0.0109 0.0034 0.0071 0.2143 0.1573 0.0392 0.057 0.0086 0.0101 0.0115 0.0363 0.2004 0.1623
62 0.0436 0.0048 0.0018 0.0015 0.0015 0.0028 0.1581 0.1362 0.0435 0.0047 0.0017 0.0015 0.0014 0.0027 0.1582 0.1363 0.0517 0.0118 0.0066 0.0068 0.0049 0.0173 0.1529 0.1572
392 0.0043 0.0437 0.0091 0.0109 0.0026 0.0024 0.1165 0.1858 0.0043 0.0444 0.0086 0.01 0.0027 0.0026 0.1163 0.1874 0.0085 0.0511 0.0076 0.0354 0.0024 0.0024 0.1332 0.1868
293 0.0033 0.0276 0.0054 0.0024 0.0059 0.0178 0.1946 0.179 0.0034 0.0266 0.0055 0.0025 0.0059 0.0175 0.1949 0.1778 0.0042 0.0303 0.0044 0.0087 0.0117 0.0279 0.1836 0.1895
473 0.0141 0.0199 0.0011 0.0015 0.0043 0.0082 0.1178 0.1299 0.014 0.02 0.0012 0.0019 0.0049 0.0087 0.1178 0.1299 0.0158 0.0253 0.0018 0.0029 0.0073 0.0118 0.1256 0.1719
423 0.004 0.0025 0.0186 0.028 0.0015 0.0022 0.1445 0.1458 0.004 0.0024 0.0202 0.0419 0.0015 0.0023 0.1463 0.1455 0.0045 0.0046 0.014 0.0149 0.0029 0.0237 0.1573 0.1624
33 0.0562 0.0151 0.0025 0.0033 0.0587 0.0632 0.1316 0.1243 0.0563 0.0153 0.0021 0.0032 0.0562 0.061 0.1306 0.1236 0.0645 0.0163 0.0107 0.0123 0.0267 0.029 0.1415 0.1384
273 0.0283 0.0203 0.0291 0.0332 0.006 0.0089 0.1565 0.1361 0.0287 0.0203 0.029 0.0329 0.0056 0.0087 0.1572 0.1364 0.0272 0.0186 0.0166 0.0163 0.0064 0.0112 0.1475 0.1477
112 0.0022 0.0655 0.0079 0.0076 0.0057 0.0144 0.2221 0.1561 0.0022 0.0649 0.0078 0.0079 0.0057 0.0177 0.2215 0.1595 0.0017 0.0663 0.0029 0.003 0.0088 0.018 0.1945 0.1541
184 0.0079 0.0121 0.0016 0.0022 0.0265 0.0269 0.1467 0.1012 0.0081 0.012 0.0024 0.003 0.0268 0.0275 0.1469 0.1014 0.0096 0.0168 0.0241 0.0366 0.0342 0.035 0.1389 0.1077
365 0.0107 0.0141 0.0043 0.0036 7e-04 0.0051 0.1183 0.2609 0.0106 0.0141 0.0044 0.0037 6e-04 0.0049 0.1184 0.2602 0.0151 0.018 0.003 0.0033 0.0066 0.0255 0.1137 0.2639
53 0.0258 0.0333 0.0019 0.0025 0.0112 0.0143 0.159 0.1544 0.0257 0.0333 0.0015 0.0035 0.0121 0.0158 0.1604 0.1566 0.0302 0.0453 0.0019 0.0072 0.0073 0.0036 0.1546 0.1837
542 0.0084 0.0066 0.0025 0.0032 0.0029 0.0031 0.1122 0.1288 0.0088 0.0064 0.0019 0.0032 0.0031 0.0036 0.1125 0.1285 0.0128 0.0046 0.0117 0.0085 0.0016 0.0107 0.1276 0.1313
525 0.0017 0.0065 0.0022 9e-04 0.0022 0.003 0.1305 0.1388 0.0016 0.0065 0.0021 7e-04 0.0022 0.0028 0.1305 0.1389 0.002 0.0097 0.0045 0.0119 0.0056 0.0108 0.1294 0.1554
375 0.0084 0.0109 0.0011 7e-04 0.0166 0.0179 0.1835 0.1445 0.0086 0.011 9e-04 5e-04 0.0144 0.0153 0.1832 0.1451 0.0132 0.0106 0.0013 0.0064 0.0186 0.0393 0.1703 0.1433
243 0.0059 0.014 0.0208 0.0393 0.0121 0.0146 0.1312 0.1457 0.0057 0.0145 0.0206 0.0424 0.011 0.0143 0.1324 0.1462 0.0066 0.0165 0.0159 0.0183 0.0102 0.0363 0.1417 0.1588
504 0.004 0.0199 3e-04 0.0133 0.0012 0.0012 0.159 0.1459 0.0036 0.0199 2e-04 0.0051 0.0012 0.0014 0.1575 0.1462 0.0103 0.0201 0.0014 0.0265 0.0079 0.0051 0.1672 0.1681
485 0.0384 0.0242 0.0351 0.037 0.002 0.0059 0.1672 0.1347 0.0384 0.0243 0.0356 0.0372 0.0022 0.0059 0.1673 0.1348 0.0428 0.0281 0.0225 0.0497 0.0048 0.0296 0.146 0.1393
314 0.0801 0.0388 0.0013 0.0058 0.0145 0.0178 0.1806 0.1436 0.0796 0.0388 0.0013 0.0062 0.0137 0.0175 0.1806 0.1437 0.0801 0.0334 0.001 0.0089 0.0215 0.0416 0.1821 0.1525
134 0.0109 0.0681 0.001 0.0026 0.0019 0.006 0.1568 0.1192 0.0109 0.0681 0.001 0.0026 0.0023 0.0062 0.1568 0.1192 0.0164 0.0756 0.0037 0.0065 0.0032 0.0185 0.1526 0.1405
205 0.0082 0.0218 0.0065 0.007 0.0094 0.0073 0.1457 0.1328 0.0082 0.0219 0.0073 0.0079 0.0087 0.0068 0.1451 0.1325 0.0113 0.0207 0.0074 0.0121 0.0159 0.0149 0.157 0.133
254 0.0184 0.0079 0.0021 0.0029 0.0024 0.007 0.2537 0.1376 0.0183 0.0078 0.0022 0.0032 0.0023 0.0065 0.2538 0.1371 0.0231 0.0152 0.0239 0.1026 0.003 0.012 0.3249 0.1536
454 0.0092 0.0112 9e-04 0.0061 0.0037 0.0035 0.1548 0.1457 0.0091 0.01 6e-04 0.0059 0.0039 0.004 0.1553 0.1445 0.0128 0.0171 0.0019 0.057 0.0079 0.0124 0.1776 0.1691
413 0.0218 0.0054 5e-04 0.0295 0.0102 0.0097 0.152 0.1201 0.0216 0.0056 2e-04 0.0272 0.0094 0.0089 0.1513 0.1202 0.0221 0.0103 3e-04 0.028 0.0043 0.0109 0.1504 0.1359
63 0.0138 0.0053 0.0019 0.0112 0.0092 0.0077 0.1346 0.1416 0.0138 0.0052 0.0033 0.0133 0.0108 0.0089 0.1345 0.1413 0.0172 0.0085 0.0019 0.0114 0.0115 0.013 0.1319 0.1612
383 0.0297 0.0147 4e-04 4e-04 0.0181 0.0196 0.2661 0.1293 0.0297 0.0145 4e-04 9e-04 0.014 0.0151 0.2635 0.1291 0.0339 0.0219 7e-04 0.0015 0.021 0.0449 0.2307 0.1482
333 0.0125 0.0407 5e-04 0.0093 0.0036 0.0033 0.1728 0.1546 0.0128 0.0408 4e-04 0.0096 0.0039 0.0034 0.1732 0.154 0.0135 0.0462 0.0114 0.0718 0.0036 0.0498 0.1765 0.1864
553 0.0331 0.0118 8e-04 0.0091 0.0024 0.0079 0.1616 0.2101 0.033 0.0117 9e-04 0.0115 0.002 0.0077 0.1619 0.2105 0.036 0.0142 0.0055 0.0188 0.002 0.0301 0.1639 0.1955
13 0.0033 0.0309 0.0027 0.0128 0.0093 0.0095 0.2363 0.1238 0.0025 0.031 0.0065 0.0072 0.0111 0.0112 0.24 0.1237 0.0074 0.0287 0.0027 0.0113 0.0051 0.0057 0.2232 0.1298
121 0.0598 0.0272 0.0102 0.0603 0.0019 0.0047 0.2575 0.1547 0.0595 0.0271 0.0097 0.0596 0.002 0.0046 0.2574 0.1537 0.0704 0.0285 0.0131 0.0212 0.0061 0.0316 0.2465 0.1856
103 0.0105 0.0142 0.0023 0.0021 0.0026 0.002 0.1266 0.1434 0.0104 0.0144 0.0025 0.0022 0.0027 0.0021 0.1268 0.1437 0.0182 0.0173 0.0078 0.0136 0.0053 0.0099 0.1522 0.1528
223 0.015 0.0064 0.003 0.0032 0.0061 0.009 0.1249 0.1419 0.0148 0.0063 0.0029 0.0029 0.0064 0.0089 0.1246 0.1413 0.0216 0.0089 0.0123 0.0098 0.0038 0.014 0.1393 0.1551
74 0.012 0.0045 0.0014 0.0033 0.0027 0.0116 0.1401 0.1491 0.0104 0.0045 8e-04 0.0023 0.0029 0.0116 0.1386 0.149 0.0145 0.0099 0.0016 0.0174 0.0114 0.0262 0.1445 0.1679
43 0.0175 0.0327 0.0094 0.0117 0.0352 0.0375 0.1684 0.148 0.0177 0.0329 0.0093 0.0123 0.0312 0.0333 0.1691 0.1479 0.0219 0.0334 0.009 0.0452 0.028 0.0268 0.1761 0.1558
22 0.0137 0.057 0.0057 0.0064 0.0053 0.0039 0.1788 0.1851 0.0137 0.0551 0.0049 0.0053 0.0052 0.0038 0.1786 0.1836 0.0203 0.0632 0.002 0.0019 0.0081 0.0096 0.1854 0.1826
174 0.0062 0.0316 0.0171 0.0365 0.0025 0.0054 0.1341 0.1492 0.006 0.033 0.0141 0.0158 0.0025 0.005 0.1313 0.149 0.01 0.0332 0.0223 0.0753 0.0032 0.025 0.157 0.1614
465 0.0086 0.0245 8e-04 0.0179 0.0017 0.0048 0.1453 0.1421 0.0085 0.0247 8e-04 0.0191 0.0019 0.0051 0.1456 0.1423 0.0125 0.0284 6e-04 0.0282 0.0126 0.0236 0.1583 0.1653
143 0.022 0.0256 0.0355 0.0347 0.0073 0.0402 0.1401 0.2141 0.0217 0.0253 0.0381 0.0373 0.0054 0.029 0.1399 0.2071 0.0249 0.024 0.0125 0.0147 0.003 0.0288 0.1513 0.2007
265 0.0154 0.0414 0.0031 0.008 0.0032 0.0052 0.135 0.1175 0.0155 0.0417 0.0033 0.0084 0.0029 0.0053 0.135 0.1173 0.0153 0.0417 0.005 0.0546 0.0048 0.0025 0.1536 0.129
284 0.0496 0.0212 0.0043 0.0085 0.0416 0.0432 0.1398 0.1347 0.0494 0.021 0.0037 0.0057 0.0431 0.0456 0.1394 0.1329 0.0521 0.0258 0.0234 0.0673 0.0626 0.0724 0.1531 0.1479
274 0.0331 0.0553 0.0269 0.0282 0.0108 0.0129 0.1385 0.1357 0.0329 0.055 0.0262 0.0285 0.0096 0.0119 0.139 0.1357 0.0361 0.0534 0.0329 0.0317 0.0128 0.023 0.1329 0.1516
324 0.008 0.0846 0.0011 0.019 6e-04 0.0038 0.1518 0.1659 0.0079 0.0843 0.0012 0.0195 6e-04 0.004 0.1521 0.1661 0.0107 0.0845 0.0018 0.0209 7e-04 0.0337 0.1494 0.1806
393 0.0052 0.0134 0.0013 0.0045 0.003 0.0081 0.116 0.1618 0.0052 0.0133 0.0011 0.0044 0.0027 0.0065 0.1157 0.1611 0.009 0.0176 0.0013 0.0157 0.0048 0.0153 0.1382 0.1715
354 0.013 0.0084 0.0088 0.0085 0.0072 0.0077 0.1328 0.1489 0.0134 0.0082 0.0074 0.0075 0.007 0.0078 0.1329 0.1483 0.0169 0.0139 0.0029 0.0346 0.0184 0.0194 0.142 0.1569
154 0.0038 0.0143 0.0028 0.0052 0.0141 0.0164 0.2148 0.1334 0.0038 0.0141 0.0027 0.0155 0.0132 0.015 0.2156 0.1327 0.0108 0.0164 0.0045 0.0273 0.0115 0.0305 0.2165 0.1503
495 0.0036 0.0204 0.0028 0.0064 0.007 0.0081 0.2376 0.1616 0.0038 0.0206 0.0031 0.0056 0.0072 0.0083 0.2347 0.1634 0.0078 0.0228 0.0065 0.0121 0.0028 0.0084 0.2073 0.1636
213 0.0035 0.0449 0.0414 0.0609 0.0015 0.0061 0.2166 0.2036 0.0043 0.0444 0.0388 0.0521 0.0017 0.006 0.2201 0.2032 0.0103 0.0464 0.0275 0.0293 0.0103 0.0513 0.2065 0.2628
343 0.0103 0.0483 0.029 0.0369 0.004 0.0092 0.1237 0.156 0.0102 0.0484 0.0318 0.0424 0.0031 0.0086 0.1239 0.1561 0.0127 0.0518 0.0093 0.0204 0.0036 0.0119 0.1338 0.1602
505 0.0054 0.0078 0.0018 0.0011 0.0059 0.006 0.1834 0.1375 0.0051 0.0074 0.0016 9e-04 0.006 0.0063 0.1828 0.1356 0.0132 0.0073 0.0029 0.0036 0.0093 0.0108 0.1791 0.1269
84 0.015 0.0204 0.0029 0.0062 0.0046 0.008 0.1462 0.1512 0.0151 0.0204 0.0031 0.0063 0.0042 0.0077 0.1457 0.1511 0.0196 0.0324 0.009 0.0603 0.0111 0.0274 0.1776 0.1688
34 0.0126 0.0443 0.017 0.0199 0.0028 0.0038 0.1778 0.1654 0.0123 0.0441 0.0159 0.0184 0.0023 0.0028 0.1776 0.1641 0.0133 0.0462 0.0045 0.0147 0.0158 0.0229 0.1682 0.1758
175 0.0066 0.0089 0.0112 0.0173 0.0056 0.0076 0.1583 0.1658 0.0068 0.0088 0.0113 0.0179 0.0055 0.0072 0.1588 0.1655 0.0092 0.0135 0 0.066 0.0098 0.0314 0.1774 0.1818
104 0.0068 0.012 0.0024 0.008 6e-04 0.0016 0.1391 0.1566 0.0064 0.012 0.0024 0.0078 6e-04 0.0016 0.1384 0.157 0.0104 0.0124 0.004 0.005 0.006 0.0089 0.1314 0.1572
533 0.0046 0.0078 4e-04 0.0095 0.0068 0.016 0.1161 0.1562 0.0046 0.0075 4e-04 0.0096 0.006 0.014 0.1159 0.1552 0.0049 0.0109 0.0028 0.0038 0.005 0.0184 0.1134 0.1675
94 0.0097 0.001 0.001 0.0118 0.0075 0.0046 0.1624 0.1533 0.0097 0.001 9e-04 0.0114 0.007 0.0042 0.1623 0.1531 0.0136 0.0025 0.0027 0.0113 0.0059 0.0333 0.1525 0.1673
144 0.0167 0.0142 0.0038 0.0078 0.0103 0.0118 0.2052 0.1496 0.0165 0.0142 0.0037 0.0072 0.0101 0.0113 0.2057 0.1497 0.0206 0.0134 0.0074 0.0065 0.0072 0.0242 0.2082 0.1801
543 0.0054 0.052 0.0036 0.0062 0.0048 0.0107 0.1694 0.1286 0.0057 0.0519 0.0028 0.0047 0.0045 0.0106 0.1683 0.1287 0.007 0.0566 0.0111 0.02 0.0184 0.0539 0.1617 0.1462
474 0.0108 0.0072 0.001 0.0054 0.015 0.0165 0.1425 0.152 0.0106 0.0071 0.001 0.0051 0.0145 0.0161 0.1422 0.1518 0.0171 0.0068 0.0013 0.0066 0.0217 0.0371 0.1489 0.1637
334 0.0133 0.0351 0.0014 0.0054 0.0073 0.0075 0.1198 0.1477 0.0131 0.0348 0.0012 0.0056 0.0084 0.0085 0.1198 0.1475 0.0162 0.0326 0.0084 0.058 0.0068 0.0131 0.1445 0.1574
244 0.0102 0.0348 2e-04 0.0016 0.0045 0.0038 0.1093 0.1677 0.0102 0.0342 1e-04 0.0015 0.0042 0.0031 0.1091 0.1663 0.0089 0.0381 0.0019 0.0569 0.0083 0.029 0.1361 0.1859
414 0.0026 0.0399 0.019 0.0185 0.0025 0.0052 0.1082 0.1632 0.0025 0.0401 0.0214 0.021 0.0026 0.0048 0.1081 0.163 0.0043 0.0402 0.0105 0.0176 0.0029 0.0303 0.1237 0.1842
44 0.0526 0.0372 0.0125 0.012 0.0018 0.0043 0.1152 0.1755 0.0528 0.0367 0.0127 0.0121 0.0015 0.0041 0.115 0.1745 0.0556 0.0367 0.0111 0.0693 0.0048 0.005 0.1501 0.166
304 0.0063 0.0134 7e-04 0.0168 0.0112 0.0162 0.1922 0.1405 0.0065 0.0136 6e-04 0.0072 0.0119 0.0182 0.1939 0.1414 0.0084 0.0175 0.0018 0.0217 0.0254 0.0468 0.1942 0.1519
436 0.008 0.0828 0.0034 0.0318 0.0066 0.0065 0.1472 0.1569 0.0065 0.0826 0.0028 0.0295 0.007 0.0073 0.1456 0.1565 0.0094 0.0847 0.0046 0.0141 0.0042 0.0124 0.1569 0.1572
196 0.0049 0.0142 0.0457 0.0537 0.0173 0.0183 0.1294 0.1358 0.005 0.0142 0.0417 0.0504 0.019 0.0203 0.1298 0.1369 0.0052 0.0139 0.0484 0.0526 0.0224 0.0239 0.1356 0.1407
135 0.0081 0.0143 0.0021 0.0019 0.0137 0.0235 0.1538 0.1764 0.0082 0.0138 0.0022 0.0022 0.0119 0.0191 0.1544 0.1758 0.0162 0.0141 4e-04 0.0045 0.0157 0.0441 0.1427 0.1761
394 0.0089 0.0083 0.0338 0.0368 0.0108 0.0127 0.1685 0.1483 0.0095 0.0084 0.0343 0.0397 0.0114 0.0134 0.1718 0.1479 0.009 0.0103 0.0076 0.0044 0.0098 0.0167 0.1527 0.1466
384 0.0049 0.0044 0.0134 0.0159 0.0025 0.0142 0.1772 0.1525 0.0048 0.0043 0.0135 0.0159 0.002 0.0121 0.1774 0.1506 0.0086 0.0049 0.0062 0.01 0.0107 0.0334 0.181 0.1593
266 0.0122 0.0056 0.0072 0.0066 0.0016 0.0036 0.1216 0.135 0.0121 0.0055 0.0057 0.005 0.0019 0.0036 0.1214 0.1349 0.0163 0.0082 0.0032 0.0023 0.0088 0.019 0.1303 0.1373
376 0.0045 0.0104 0.0011 0.0031 0.001 0.0045 0.1324 0.1345 0.0043 0.0105 0.0013 0.0034 9e-04 0.0041 0.1323 0.1344 0.0064 0.0159 0.0045 0.0043 0.0032 0.0349 0.1447 0.1576
234 0.0138 0.041 0.0133 0.06 0.0037 0.0041 0.1542 0.1208 0.0144 0.041 0.0143 0.0649 0.0037 0.0039 0.1563 0.1208 0.0184 0.0429 0.0147 0.0235 0.0119 0.0147 0.1539 0.1503
122 0.0181 0.0039 0.0015 0.0082 0.0022 0.0023 0.1325 0.1474 0.0182 0.004 0.0015 0.0089 0.002 0.0021 0.1339 0.1466 0.02 0.0066 5e-04 0.01 0.0093 0.0283 0.1266 0.1694
366 0.0075 0.0263 0.0462 0.046 0.0021 0.0045 0.164 0.17 0.0076 0.0267 0.0461 0.0459 0.002 0.0046 0.1646 0.1702 0.0137 0.0266 0.0027 0.0093 0.0035 0.0166 0.1557 0.1739
455 0.0783 0.0227 0.0045 0.0186 0.0047 0.0052 0.1583 0.1536 0.0769 0.0228 0.0033 0.008 0.0062 0.0069 0.1494 0.1536 0.0862 0.028 0.0078 0.0556 0.0025 0.0235 0.1861 0.1767
294 0.0871 0.0104 0.0158 0.0254 0.0025 0.0043 0.1511 0.1488 0.0873 0.0102 0.0172 0.0253 0.0022 0.0038 0.151 0.1487 0.0868 0.0143 0.0072 0.0129 0.0068 0.0264 0.1509 0.1551
185 0.0091 0.0011 7e-04 0.0019 0.0011 0.0065 0.123 0.1809 0.0094 0.0011 7e-04 0.0018 0.0011 0.006 0.1241 0.1803 0.0183 0.0029 0.006 0.0068 0.0043 0.031 0.1323 0.1978
315 0.0159 0.0136 0.0209 0.031 0.0221 0.0236 0.1859 0.1627 0.016 0.0132 0.0246 0.0323 0.0197 0.0212 0.1874 0.1619 0.0215 0.0187 0.032 0.0384 0.0034 0.0135 0.1806 0.1721
113 0.0082 0.0077 0.0019 0.0057 0.0178 0.0184 0.1693 0.1232 0.0083 0.0077 0.0016 0.0053 0.0182 0.0189 0.1697 0.1231 0.0077 0.0081 5e-04 0.0151 0.0086 0.0088 0.1675 0.1296
486 0.0063 0.0487 0.021 0.0218 0.0014 0.0015 0.1762 0.1493 0.0093 0.0487 0.0206 0.0229 0.0013 0.0015 0.1837 0.1482 0.0109 0.0562 0.027 0.0248 0.004 0.0058 0.1816 0.1487
23 0.0255 0.037 4e-04 0.0012 0.0051 0.0044 0.1246 0.1537 0.0255 0.0373 3e-04 0.001 0.0046 0.0042 0.1248 0.1536 0.0287 0.0341 0.0046 0.0208 0.0066 0.0125 0.139 0.1625
424 0.0101 0.0245 0.0273 0.0346 0.0211 0.0226 0.1204 0.1386 0.0103 0.0246 0.0279 0.0365 0.0189 0.0204 0.1207 0.1393 0.0168 0.0281 0.0293 0.0387 0.0086 0.0153 0.125 0.1382
506 0.0188 0.0643 0.0174 0.0262 0.0054 0.0097 0.1437 0.1496 0.0187 0.064 0.0132 0.0229 0.0055 0.0094 0.1437 0.1492 0.0198 0.075 0.0231 0.0339 0.0019 0.0465 0.1591 0.1867
515 0.0045 0.0045 0.0087 0.0081 0.0377 0.0387 0.1584 0.1617 0.0043 0.0045 0.0083 0.0092 0.0376 0.0387 0.161 0.1623 0.007 0.0056 0.0075 0.0107 0.055 0.057 0.1533 0.1521
45 0.0018 0.0314 0.0033 0.0079 7e-04 0.0011 0.1893 0.1591 0.0017 0.0313 0.0039 0.0085 7e-04 0.0012 0.1879 0.159 0.0033 0.0393 0.0055 0.0097 0.0014 0.0202 0.1647 0.1788
163 0.0149 0.0081 0.0374 0.0497 0.0077 0.0089 0.1005 0.1552 0.0139 0.0079 0.0387 0.0512 0.0096 0.0113 0.0995 0.1562 0.0168 0.0144 0.0491 0.0476 0.016 0.0258 0.1238 0.1598
444 0.0062 0.0226 0.0074 0.0568 0.0038 0.011 0.1723 0.1618 0.006 0.0226 0.0078 0.0573 0.0041 0.0106 0.1729 0.1614 0.0133 0.0291 0.0063 0.0511 0.0042 0.0421 0.1774 0.1836
54 0.0196 0.0084 0.001 0.0078 0.0059 0.0076 0.1268 0.1393 0.0192 0.0083 0.0011 0.008 0.0065 0.0081 0.1262 0.1391 0.0188 0.0165 0.0026 0.0247 0.006 0.0187 0.1363 0.1578
554 0.003 0.011 0.003 0.0223 0.0034 0.0039 0.1608 0.163 0.0029 0.0108 0.0029 0.0275 0.0035 0.0038 0.1624 0.163 0.0061 0.0154 0.0083 0.0244 0.0088 0.0181 0.1632 0.172
325 7e-04 0.0146 2e-04 0.0133 0.0116 0.0195 0.1508 0.1544 8e-04 0.0145 1e-04 0.0082 0.0125 0.0206 0.1514 0.1554 0.0071 0.0157 6e-04 0.018 0.007 0.0225 0.1495 0.1676
206 0.0069 0.0089 0.0144 0.0147 0.0036 0.031 0.1549 0.1611 0.0066 0.0089 0.0138 0.0141 0.0033 0.0299 0.1547 0.1609 0.0079 0.0084 0.0048 0.0149 0.0032 0.0385 0.1438 0.1579
14 0.042 0.0047 0.0026 0.0169 0.0225 0.0236 0.1495 0.1269 0.0418 0.0044 0.003 0.0177 0.0223 0.0235 0.1499 0.1267 0.0437 0.0083 0.0098 0.006 0.0186 0.0203 0.1507 0.1309
496 0.029 0.0066 0.0018 0.0029 0.01 0.0126 0.1986 0.1529 0.0287 0.0065 0.0015 0.0028 0.0106 0.0134 0.1983 0.1527 0.0291 0.008 0.0014 0.0048 0.0111 0.0205 0.1626 0.1485
255 0.0127 0.0134 7e-04 0.001 0.0104 0.0115 0.1733 0.1475 0.0126 0.0133 7e-04 0.0014 0.0111 0.0121 0.1725 0.1473 0.0183 0.0168 0.0017 0.002 0.0227 0.0283 0.1776 0.161
267 0.0014 0.005 0.028 0.0276 0.0027 0.0056 0.1373 0.1607 0.0014 0.005 0.0263 0.0258 0.003 0.0063 0.1371 0.1609 0.0048 0.0038 0.0041 0.0048 6e-04 0.0179 0.134 0.1618
344 0.0058 0.0032 0.0017 0.0052 0.0054 0.0087 0.1252 0.1499 0.0074 0.0022 0.0017 0.0041 0.0052 0.0084 0.1263 0.1492 0.0097 0.0053 0.008 0.0142 0.0014 0.0097 0.1259 0.1495
224 0.0104 0.0055 0.0018 0.039 0.003 0.0066 0.1826 0.1625 0.0103 0.0053 0.002 0.0391 0.0036 0.0073 0.1826 0.1625 0.0124 0.009 0.0019 0.0467 0.0048 0.0147 0.193 0.1762
437 0.0128 0.0212 0.0022 0.0014 0.0192 0.022 0.1358 0.1286 0.0128 0.0211 0.0021 0.0013 0.0182 0.0211 0.1358 0.1288 0.0225 0.0231 9e-04 0.0021 0.0082 0.0672 0.1458 0.1595
475 0.0225 0.0314 0.0149 0.013 0.0045 0.0049 0.0936 0.166 0.0227 0.0319 0.0161 0.0138 0.0037 0.0039 0.0943 0.1661 0.023 0.0328 0.0262 0.0377 0.0078 0.0156 0.1102 0.1658
425 0.0085 0.0079 0.011 0.0113 0.0034 0.0055 0.2472 0.1561 0.0087 0.008 0.0116 0.0134 0.0037 0.0063 0.2542 0.1566 0.0122 0.0221 0.004 0.0368 0.0057 0.0658 0.2044 0.2047
176 0.0272 0.0417 0.0422 0.0415 0.0071 0.4688 0.123 0.4895 0.0258 0.0471 0.0395 0.0389 0.0057 0.9487 0.1221 0.4914 0.0282 0.0396 0.036 0.0393 0.0059 0.6095 0.1297 0.4916
285 0.0049 0.0176 0.0128 0.0157 0.0028 0.0075 0.1965 0.1753 0.0051 0.0175 0.0129 0.0157 0.0031 0.0084 0.197 0.1754 0.0088 0.0212 0.0019 0.0047 0.0033 0.0127 0.1773 0.176
197 0.0135 0.0285 0.0091 0.0102 0.0068 0.0123 0.1563 0.1569 0.0135 0.0282 0.008 0.0092 0.007 0.0122 0.1565 0.1566 0.0172 0.0296 0.0139 0.0204 0.0032 0.0124 0.1545 0.1659
487 0.02 0.0233 0.0013 0.0024 0.0036 0.0072 0.1554 0.1298 0.02 0.0232 8e-04 0.0019 0.0033 0.0068 0.1552 0.1298 0.0252 0.0256 3e-04 0.0015 0.0031 0.0032 0.1617 0.1282
395 0.0042 0.003 0.0391 0.0419 0.0209 0.0355 0.1307 0.1556 0.0041 0.0031 0.0366 0.0393 0.021 0.036 0.1312 0.156 0.0096 0.0058 0.0174 0.0211 0.0315 0.0316 0.1296 0.1682
75 0.0029 0.0065 3e-04 0.001 0.0047 0.0102 0.1575 0.1697 0.0029 0.0064 4e-04 0.0012 0.0049 0.0094 0.1577 0.1685 0.0068 0.0057 0.0018 0.0038 0.0067 0.0139 0.1593 0.173
85 0.0475 0.0187 0.0146 0.014 0.0086 0.0266 0.1513 0.1459 0.0473 0.0184 0.0154 0.0148 0.0076 0.0253 0.1515 0.1454 0.0466 0.0207 0.0108 0.0207 0.0226 0.0907 0.1701 0.1653
355 0.0015 0.0021 0.0035 0.004 0.0077 0.0097 0.1578 0.1504 0.0017 0.0021 0.0042 0.0048 0.0082 0.0103 0.1584 0.1507 0.0024 0.0035 0.0083 0.0089 0.0152 0.0198 0.1502 0.1522
155 0.0042 0.0021 0.0049 0.0492 0.0014 0.0057 0.259 0.1613 0.0043 0.002 0.0054 0.0498 0.0016 0.0057 0.2595 0.161 0.0091 0.0043 0.0056 0.0053 0.0022 0.0088 0.2429 0.1617
526 0.0396 0.0328 6e-04 0.0302 0.0094 0.013 0.1596 0.1634 0.0416 0.0331 7e-04 0.0305 0.0109 0.0144 0.1617 0.1656 0.0452 0.0378 5e-04 0.0154 0.0041 0.017 0.1591 0.1708
275 0.0144 0.0136 0.0016 0.003 0.0017 0.0015 0.125 0.181 0.0146 0.0139 0.0022 0.0031 0.0017 0.0016 0.1255 0.181 0.0172 0.0139 0.0053 0.0147 0.0121 0.0162 0.1328 0.1674
534 0.0387 0.0095 0.0063 0.0063 0.0015 0.0099 0.2599 0.151 0.0381 0.0098 0.0063 0.0065 0.0011 0.0095 0.2576 0.1512 0.0428 0.011 8e-04 0.0017 0.0026 0.0655 0.2344 0.1785
114 0.0027 0.0041 0.0453 0.0594 0.0029 0.0037 0.1592 0.1724 0.0026 0.004 0.0451 0.0601 0.0025 0.0033 0.1602 0.1724 0.005 0.0111 0.0264 0.0806 0.011 0.0125 0.155 0.1749
105 0.0264 0.0079 4e-04 0.0329 0.0025 0.0043 0.1392 0.2195 0.0244 0.0081 6e-04 0.0346 0.0023 0.0043 0.1377 0.2179 0.0351 0.0106 0.0021 0.0127 0.0062 0.0072 0.1419 0.2178
507 0.0413 0.0424 4e-04 0.0034 0.0033 0.0078 0.1174 0.1383 0.0401 0.0423 3e-04 0.0033 0.0033 0.0077 0.1159 0.1385 0.0427 0.0428 0.0033 0.0154 0.0046 0.0408 0.1194 0.1639
64 0.0184 0.0141 0.0063 0.0542 0.009 0.0104 0.1652 0.1386 0.0188 0.0131 0.0034 0.0431 0.0093 0.0108 0.1622 0.1376 0.0245 0.0225 0.0088 0.0591 0.0026 0.0027 0.1643 0.1463
123 0.0042 0.0078 0.0052 0.0192 0.0014 0.0048 0.1337 0.1324 0.0041 0.0077 0.0051 0.0188 0.0012 0.0046 0.1337 0.1323 0.0039 0.0082 0.0315 0.0383 0.0026 0.0143 0.1229 0.1418
476 0.0023 0.0043 3e-04 0.0034 0.0015 0.0078 0.1191 0.1368 0.0022 0.0048 5e-04 0.0037 0.0017 0.0078 0.1192 0.1376 0.0064 0.006 0.0024 0.02 0.0031 0.0127 0.1362 0.1537
46 0.0064 0.0138 0.0134 0.0144 0.004 0.0175 0.1389 0.1502 0.0065 0.0137 0.0156 0.0169 0.0032 0.0141 0.1396 0.1491 0.0095 0.0174 0.0025 0.0125 0.005 0.0263 0.1382 0.166
335 0.0162 0.0287 9e-04 0.0037 0.0064 0.0098 0.1564 0.1333 0.0165 0.0286 0.001 0.0035 0.0056 0.0081 0.1564 0.1333 0.0225 0.0344 0.0028 0.0054 0.0037 0.0118 0.1546 0.131
456 0.0292 0.0187 0.0045 0.0051 0.0231 0.0328 0.2375 0.1611 0.0291 0.0187 0.0042 0.0047 0.0228 0.0325 0.2371 0.1607 0.0334 0.0216 0.004 0.0166 0.0239 0.0505 0.2136 0.165
466 0.0145 0.0048 0.0011 0.001 0.002 0.0022 0.1369 0.1899 0.0146 0.0048 0.0012 9e-04 0.002 0.0021 0.1372 0.1901 0.0158 0.007 0.0068 0.0155 0.0037 0.0097 0.1485 0.1892
145 0.0281 0.0043 0.0024 0.008 0.0013 0.0037 0.189 0.1199 0.028 0.0042 0.0022 0.0075 0.0014 0.004 0.1889 0.1201 0.0407 0.0105 9e-04 0.0169 0.0015 0.0033 0.1851 0.1165
24 0.0011 0.0431 9e-04 0.0082 0.0011 0.0072 0.1863 0.1299 0.001 0.0428 0.001 0.0084 0.0011 0.0065 0.1862 0.1295 0.0053 0.0491 0.0034 0.0055 0.0079 0.0184 0.179 0.1395
295 0.0227 0.0298 0.0035 0.0034 0.0024 0.0065 0.1647 0.1493 0.0227 0.0295 0.004 0.004 0.0026 0.0067 0.1646 0.1484 0.0315 0.034 0.0082 0.0084 0.0021 0.0166 0.1634 0.1493
245 0.0178 0.0467 0.0329 0.037 0.0044 0.0073 0.1693 0.1673 0.0177 0.0473 0.0297 0.0339 0.0037 0.0067 0.17 0.1684 0.027 0.0452 0.0617 0.0802 0.0054 0.0104 0.1824 0.1621
256 0.0271 0.0096 0.001 0.0194 0.0065 0.0081 0.2106 0.145 0.0273 0.0094 9e-04 0.02 0.0063 0.0076 0.2134 0.1446 0.0294 0.0127 0.0105 0.0289 0.0102 0.0193 0.1831 0.1467
95 0.004 0.0061 0.0018 0.0138 8e-04 0.0013 0.1568 0.1239 0.004 0.0061 0.0011 0.0125 8e-04 0.0013 0.1564 0.1241 0.0053 0.0089 0.002 0.0416 0.0019 0.0026 0.1709 0.1274
316 0.0061 0.0234 3e-04 0.0024 0.0026 0.0122 0.1426 0.1846 0.0061 0.0233 5e-04 0.0026 0.0026 0.0146 0.1426 0.1848 0.0159 0.0283 0.008 0.0147 0.0135 0.0629 0.1467 0.2089
367 0.0776 0.0453 0.0025 0.0139 0.0021 0.0048 0.1683 0.1338 0.0775 0.045 0.0032 0.0147 0.0021 0.0051 0.1685 0.1335 0.0802 0.047 0.0038 0.0037 0.0042 0.0121 0.1593 0.1513
186 0.0126 0.0252 0.0013 0.0015 0.0051 0.0083 0.1241 0.185 0.0126 0.0252 0.0011 0.0015 0.0056 0.0091 0.1243 0.1855 0.0109 0.0265 0.0018 0.0016 0.0053 0.0496 0.1247 0.2078
544 0.0451 0.1164 0.0052 0.0091 0.0035 0.0023 0.1711 0.16 0.0452 0.1162 0.0042 0.0095 0.0035 0.0024 0.1711 0.1596 0.0485 0.1151 0.0124 0.0143 0.0036 0.0394 0.1649 0.1858
225 0.0039 0.0462 0.0019 0.0014 0.0017 0.0057 0.1425 0.1496 0.0037 0.0465 0.0022 0.0017 0.0016 0.0053 0.1422 0.1497 0.0037 0.0567 0.0148 0.0187 0.0144 0.0259 0.1402 0.164
136 0.007 0.0337 0.0024 0.0026 0.0023 8e-04 0.1547 0.1323 0.007 0.0333 0.0037 0.0039 0.0024 8e-04 0.1543 0.1318 0.0097 0.0406 0.008 0.0155 0.0103 0.0568 0.1717 0.1729
35 0.0195 0.0034 0.0016 0.0018 0.0092 0.0131 0.2069 0.1345 0.0189 0.0035 0.0018 0.0018 0.0087 0.0122 0.206 0.135 0.0224 0.0093 0.0068 0.0245 0.0072 0.0104 0.2198 0.1485
415 0.0198 0.0187 0.0061 0.0086 0.0162 0.017 0.1703 0.1762 0.0196 0.0184 0.0054 0.0075 0.0162 0.017 0.1704 0.1759 0.0299 0.023 0.0031 0.0082 0.0153 0.0149 0.1729 0.2036
55 0.0096 0.0169 0.0058 0.0067 0.0181 0.0189 0.1256 0.1389 0.0092 0.0168 0.0049 0.0059 0.0172 0.0182 0.1256 0.1391 0.0158 0.0243 0.0013 0.0089 0.0176 0.0181 0.122 0.1605
345 0.0242 0.0105 9e-04 0.0012 0.0155 0.0149 0.118 0.151 0.0242 0.0103 8e-04 0.0011 0.0152 0.0146 0.1181 0.1513 0.023 0.0165 0.0038 0.0224 0.0054 0.0053 0.1225 0.1591
235 0.0289 0.0143 0.0097 0.0126 0.0134 0.016 0.1472 0.1003 0.0285 0.0145 0.0092 0.0127 0.0116 0.014 0.1462 0.1004 0.0377 0.0147 0.0062 0.0144 0.006 0.0069 0.1494 0.1062
377 0.0116 0.1303 4e-04 0.0015 0.0045 0.0055 0.0842 0.1467 0.0116 0.1301 2e-04 9e-04 0.0055 0.0064 0.0846 0.1467 0.0134 0.1287 4e-04 7e-04 0.0142 0.0186 0.1033 0.1659
15 0.0115 0.0142 0.0041 0.0065 0.0419 0.0446 0.1425 0.1351 0.0115 0.0143 0.0057 0.0084 0.0392 0.0419 0.1426 0.1356 0.0141 0.0158 0.0031 0.016 0.0486 0.0444 0.1453 0.1513
214 0.0037 0.0193 0.0236 0.0457 0.0044 0.007 0.1565 0.1698 0.0035 0.019 0.0256 0.0628 0.0047 0.0074 0.1601 0.1703 0.0062 0.0226 0.0067 0.0039 0.0015 0.0061 0.1523 0.1823
356 0.0152 0.0061 0.0093 0.0121 0.0156 0.0169 0.138 0.143 0.0151 0.0064 0.0094 0.0122 0.0173 0.0187 0.1374 0.1433 0.0181 0.0055 0.0016 0.0079 0.0092 0.019 0.1542 0.1466
177 0.0105 0.027 0.0041 0.0031 3e-04 0.0024 0.1321 0.199 0.0103 0.0272 0.0043 0.003 4e-04 0.0026 0.1325 0.1985 0.019 0.0232 0.0032 7e-04 0.0088 0.0199 0.1539 0.2295
326 0.0079 0.0378 3e-04 5e-04 0.0011 0.0029 0.1826 0.1587 0.0083 0.0378 1e-04 0.0016 0.0011 0.0027 0.1803 0.1588 0.0111 0.0427 0.02 0.0197 0.0045 0.0238 0.1696 0.1743
115 0.0064 0.0421 0.0034 0.0062 0.0012 0.0018 0.1345 0.1668 0.0064 0.0419 0.0032 0.0056 0.0012 0.0014 0.1348 0.1671 0.0151 0.0418 7e-04 0.0152 0.0036 0.0028 0.1301 0.1598
76 0.0096 0.0071 0.0033 0.0042 7e-04 0.0028 0.1328 0.1491 0.0097 0.007 0.0041 0.0054 8e-04 0.0029 0.1336 0.1495 0.0121 0.0088 0.002 0.0103 0.003 0.0132 0.1332 0.1566
555 0.0152 0.0122 0.0024 0.0038 0.0035 0.0246 0.1822 0.1567 0.0138 0.0123 0.0032 0.0042 0.0033 0.0235 0.1823 0.1555 0.0209 0.0137 0.0045 0.0173 0.0095 0.1096 0.1835 0.2064
497 0.0156 0.0027 0.0015 0.0013 0.0012 0.0022 0.1423 0.1215 0.0156 0.0026 0.0016 0.0014 0.0012 0.0019 0.142 0.122 0.0168 0.0111 0.0143 0.0172 0.0058 0.0247 0.1481 0.141
527 0.0069 0.0031 9e-04 0.0013 0.0148 0.0233 0.1236 0.1659 0.007 0.0032 8e-04 0.0014 0.0158 0.0242 0.1236 0.1652 0.0111 0.0026 0.0027 0.0032 0.0029 0.0114 0.1413 0.1714
207 0.0142 0.011 0.0037 0.0145 0.0018 0.0019 0.1694 0.1341 0.0142 0.0111 0.0034 0.0106 0.0018 0.0023 0.1703 0.1337 0.0145 0.0148 0.003 0.0171 0.0063 0.0105 0.1662 0.1428
445 0.0045 0.0232 0.001 0.0051 0.001 0.003 0.2504 0.1752 0.004 0.0234 0.001 0.0047 0.0017 0.0037 0.2477 0.1753 0.0095 0.0282 1e-04 0.0171 9e-04 0.0052 0.2234 0.1601
467 0.025 0.0193 0.0088 0.0096 0.0145 0.0143 0.1661 0.1712 0.025 0.0197 0.0088 0.0093 0.0141 0.0136 0.1665 0.1718 0.0281 0.0224 0.0101 0.0209 0.0212 0.0188 0.1739 0.1785
317 0.0208 0.0963 0.002 0.0185 0.0237 0.0265 0.1328 0.1283 0.0209 0.0967 0.0018 0.0185 0.0232 0.0262 0.1332 0.1285 0.0203 0.096 0.0288 0.0619 0.0045 0.0084 0.1426 0.1332
346 0.0055 0.0171 0.0056 0.0066 0.0015 0.0044 0.1312 0.1426 0.0057 0.0169 0.0062 0.0076 0.0017 0.0047 0.1319 0.1424 0.0152 0.0188 0.0023 0.0308 0.0099 0.0279 0.1578 0.1562
236 0.0247 0.0154 0.0215 0.0207 0.0034 0.0063 0.1525 0.1441 0.0244 0.0153 0.0207 0.02 0.0026 0.0054 0.1526 0.1441 0.0234 0.0214 0.0051 0.0387 0.0022 0.0194 0.1577 0.1485
305 0.0069 0.0104 8e-04 0.0011 0.0051 0.0045 0.1219 0.1707 0.0065 0.0102 7e-04 0.0012 0.0045 0.0038 0.1217 0.1696 0.0162 0.0158 0.002 0.0156 0.0071 0.011 0.1297 0.1792
156 0.0112 0.0214 0.048 0.0466 0.0129 0.0133 0.1298 0.1423 0.0114 0.0214 0.0435 0.0423 0.0116 0.0121 0.1297 0.142 0.0207 0.0225 0.0458 0.0461 0.0075 0.0263 0.1459 0.1551
16 0.0567 0.0141 0.0053 0.0062 0.0157 0.0161 0.1355 0.1426 0.0564 0.0141 0.0054 0.0062 0.0133 0.0138 0.135 0.1421 0.0551 0.022 0.0037 0.0021 0.0036 0.0079 0.1398 0.1464
396 0.0378 0.0383 0.0014 0.0025 0.0052 0.0062 0.1521 0.1458 0.0374 0.0384 0.0012 0.0023 0.0035 0.0044 0.1521 0.1455 0.0415 0.0414 0.0161 0.0201 0.0214 0.0236 0.1536 0.1577
426 0.0268 0.1273 0.0303 0.0545 0.0042 0.0119 0.1419 0.1436 0.0273 0.1272 0.0297 0.0527 0.0039 0.0115 0.1415 0.1437 0.0306 0.1239 0.0439 0.0836 0.0148 0.065 0.1501 0.1698
516 0.0093 0.0181 6e-04 0.0014 9e-04 0.0108 0.2811 0.1333 0.0124 0.0183 9e-04 0.0016 9e-04 0.0102 0.2816 0.133 0.0191 0.0187 5e-04 0.0023 0.0028 0.0581 0.2691 0.1582
106 0.0092 0.0253 0.0052 0.0116 0.0032 0.0037 0.184 0.1451 0.0091 0.0257 0.0054 0.01 0.0024 0.0031 0.1827 0.1447 0.0093 0.027 0.0025 0.0144 0.0028 0.0144 0.1589 0.1601
65 0.0049 0.0088 9e-04 0.001 0.0037 0.0039 0.1392 0.128 0.0048 0.0089 0.0013 0.0015 0.0037 0.004 0.1391 0.1283 0.0158 0.0159 0.0027 0.0042 0.005 0.0134 0.1449 0.1549
86 0.0424 0.0163 4e-04 0.0038 0.0062 0.0184 0.2196 0.1321 0.0414 0.016 2e-04 0.0034 0.0062 0.0187 0.2193 0.1321 0.0437 0.0185 0.0054 0.0171 0.007 0.014 0.211 0.1408
286 0.0144 0.0275 0.0024 0.0052 0.0012 0.0024 0.2019 0.1459 0.0143 0.0278 0.0023 0.0047 0.001 0.0022 0.2019 0.1459 0.0197 0.0379 0.0015 0.0042 0.0099 0.0256 0.1938 0.1617
276 0.0686 0.0439 0.0078 0.0097 0.0132 0.0213 0.1203 0.1641 0.0685 0.0439 0.0073 0.0092 0.014 0.0236 0.1203 0.1652 0.0711 0.0462 0.0016 0.0046 0.0127 0.0407 0.1283 0.176
47 0.0217 0.0012 3e-04 0.0051 0.0144 0.0146 0.1397 0.1396 0.0216 0.0012 6e-04 0.0053 0.0158 0.0163 0.1398 0.14 0.0331 0.0031 0.0018 0.0091 0.0118 0.0326 0.1426 0.1793
535 0.0534 0.0831 0.0025 0.0094 0.0068 0.0049 0.1257 0.17 0.0536 0.083 0.0018 0.008 0.007 0.0051 0.1263 0.1696 0.0575 0.089 0.0018 0.0054 0.0203 0.0098 0.1321 0.1791
116 0.0088 0.0162 0.021 0.0221 0.0128 0.0132 0.1144 0.1347 0.0094 0.0158 0.0212 0.0223 0.0106 0.0105 0.117 0.1345 0.0095 0.0168 0.0048 0.0023 0.0354 0.0673 0.1249 0.1688
545 0.0143 0.0393 3e-04 0.0016 0.0104 0.0131 0.1303 0.1862 0.0145 0.0392 2e-04 0.0016 0.0117 0.014 0.1303 0.1849 0.0204 0.0396 0.0033 0.0152 0.0086 0.0126 0.1532 0.1791
215 0.0143 0.0156 5e-04 0.0015 0.0022 0.0052 0.1347 0.1383 0.0144 0.0155 5e-04 0.0014 0.002 0.0047 0.135 0.1382 0.0199 0.0173 0.0024 0.0177 0.0059 0.0114 0.1413 0.1386
385 0.0444 0.0259 0.004 0.0126 0.0048 0.4682 0.139 0.3679 0.0444 0.0242 0.0057 0.0121 0.0048 0.4693 0.1381 0.3661 0.0455 0.0248 0.0052 0.0118 0.0066 0.0151 0.135 0.1447
416 0.0136 0.0059 0.0039 0.0072 0.0117 0.0167 0.1407 0.1624 0.0135 0.006 0.0032 0.0064 0.0132 0.0182 0.1405 0.1619 0.0164 0.0098 0.0044 0.0192 0.0078 0.0114 0.1524 0.1633
36 0.0448 0.0065 0.0092 0.011 0.0025 0.0066 0.1944 0.1445 0.0447 0.0063 0.0095 0.0111 0.0024 0.0065 0.1948 0.1444 0.0499 0.0081 0.0064 0.0166 0.0213 0.0195 0.1818 0.1684
137 0.0215 0.0165 0.0143 0.0245 0.0022 0.004 0.1436 0.1314 0.0215 0.0165 0.0143 0.0235 0.0023 0.0037 0.1435 0.1312 0.0272 0.0217 0.0123 0.0365 0.0059 0.0148 0.1446 0.1456
146 0.0752 0.1282 0.0035 0.0258 0.0047 0.0072 0.1613 0.1215 0.0753 0.1284 0.0031 0.0229 0.0054 0.0081 0.1614 0.1216 0.0751 0.1329 0.0031 0.0292 0.0083 0.0142 0.1552 0.1442
257 0.0285 0.0542 0.0476 0.0581 0.0011 0.0012 0.1084 0.1645 0.0299 0.0541 0.0525 0.0699 0.0014 0.0013 0.1112 0.1636 0.0254 0.0531 0.0294 0.0825 0.0013 0.0103 0.1335 0.154
477 0.0064 0.0119 5e-04 0.0186 0.0056 0.0051 0.1459 0.1708 0.0064 0.0121 4e-04 0.0162 0.005 0.0045 0.1455 0.1712 0.0138 0.021 0.0061 0.0206 0.0069 0.0502 0.1503 0.1936
96 0.0019 0.0112 1e-04 0.0084 0.0066 0.0112 0.1216 0.1551 0.0019 0.0109 1e-04 0.0084 0.0057 0.0097 0.1214 0.1548 0.0044 0.013 0.0041 0.0224 0.0433 0.0587 0.1348 0.1722
56 0.0184 0.0044 1e-04 3e-04 0.0111 0.0222 0.1868 0.2148 0.0181 0.0036 1e-04 4e-04 0.0113 0.025 0.1878 0.2173 0.0246 0.0061 1e-04 0.0041 0.0072 0.069 0.1766 0.2321
25 0.0126 0.0073 0.0025 0.0045 0.0115 0.0179 0.1184 0.1761 0.0125 0.0074 0.0027 0.0045 0.012 0.018 0.118 0.1753 0.0157 0.0095 0.0089 0.0162 0.0069 0.0176 0.1318 0.1721
446 0.0129 0.0176 0.001 0.0096 0.0146 0.0175 0.2371 0.181 0.013 0.0176 9e-04 0.0087 0.0172 0.0202 0.236 0.181 0.0164 0.0219 0.0089 0.0236 0.0256 0.0264 0.2214 0.1746
457 0.0107 0.0201 0.0096 0.0271 0.0038 0.0093 0.1427 0.189 0.0105 0.0202 0.0087 0.0182 0.0041 0.0089 0.1413 0.1883 0.0105 0.0222 0.026 0.0272 0.0043 0.0208 0.1589 0.1866
246 0.0101 0.0012 0.0379 0.0727 0.0028 0.0039 0.1442 0.125 0.0101 0.0014 0.0375 0.0676 0.0028 0.0037 0.1433 0.1255 0.0136 0.0025 0.04 0.0539 0.0197 0.0293 0.1518 0.1237
226 0.0124 0.0152 0.0038 0.0196 0.0081 0.0093 0.1675 0.1564 0.0116 0.0149 0.005 0.0148 0.0081 0.0099 0.1673 0.1551 0.0098 0.024 0.0086 0.0304 0.0118 0.0278 0.1648 0.1711
164 0.0222 0.0061 0.0139 0.0439 0.0399 0.0428 0.1889 0.1497 0.0222 0.0062 0.0142 0.0464 0.0388 0.0417 0.1883 0.1498 0.0204 0.0086 0.0054 0.0107 0.054 0.0553 0.2117 0.1651
327 0.027 0.0603 0.0013 0.0063 0.0011 0.0051 0.1485 0.1567 0.0269 0.0601 0.0013 0.0044 0.0015 0.0059 0.148 0.1574 0.0301 0.0636 0.0046 0.0267 0.0089 0.0298 0.1635 0.1802
124 0.1229 0.0386 0.0031 0.0042 0.006 0.0065 0.1347 0.1622 0.123 0.0394 0.0031 0.0085 0.0066 0.0074 0.135 0.1625 0.1285 0.0399 0.0028 0.0118 0.0038 0.0156 0.146 0.1529
336 0.0407 0.03 0.0061 0.0085 0.0038 0.0012 0.1678 0.1417 0.0406 0.0312 0.0044 0.0072 0.0031 8e-04 0.1683 0.142 0.0461 0.0326 7e-04 0.0188 0.0103 0.0058 0.1695 0.1522
397 0.0059 0.0092 0.0107 0.016 0.0041 0.0035 0.1695 0.1479 0.0058 0.0091 0.0103 0.0152 0.0037 0.0039 0.169 0.1473 0.0103 0.0094 0.008 0.0288 0.0104 0.009 0.1742 0.1458
287 0.004 0.0326 0.001 0.0016 0.0029 0.0063 0.1144 0.1783 0.004 0.0328 0.0011 0.0016 0.0025 0.006 0.1148 0.179 0.0073 0.037 0.0039 0.0103 0.0022 0.0064 0.1167 0.1716
517 0.0095 0.1384 5e-04 0.0018 0.0221 0.0296 0.1878 0.1266 0.0106 0.1379 6e-04 0.0022 0.0205 0.0282 0.1897 0.1269 0.0159 0.1387 0.0032 0.0063 0.0307 0.0342 0.1869 0.1302
357 0.0033 0.0154 0.001 0.0245 0.001 0.0084 0.1162 0.1607 0.0034 0.0156 0.0013 0.0224 7e-04 0.009 0.1155 0.1597 0.0075 0.0188 0.0136 0.0453 0.0046 0.0665 0.1304 0.172
237 0.0312 0.0218 0.0112 0.0113 0.0321 0.0319 0.1342 0.1493 0.031 0.0217 0.0114 0.0115 0.0333 0.0332 0.1342 0.1492 0.0313 0.0254 0.012 0.0115 0.0296 0.0326 0.133 0.1475
427 0.0314 0.0631 0.0048 0.0071 0.0029 0.0064 0.1687 0.1353 0.0291 0.0631 0.003 0.0051 0.0032 0.0047 0.166 0.1349 0.0328 0.0663 9e-04 0.0087 0.0062 0.0188 0.1797 0.141
296 0.0046 0.0043 0.0139 0.0382 0.0288 0.0322 0.1614 0.1281 0.0044 0.0039 0.0145 0.0356 0.0303 0.037 0.1595 0.1286 0.0086 0.0123 0.0023 0.0162 0.0302 0.0464 0.1633 0.1556
447 0.017 0.0149 0.0123 0.0126 0.0126 0.0144 0.1619 0.1216 0.0175 0.0147 0.0126 0.0121 0.0128 0.0144 0.1625 0.1218 0.02 0.0156 0.016 0.0682 0.0087 0.0113 0.1968 0.1388
157 0.0115 0.004 0.0085 0.0105 0.0014 0.0075 0.1293 0.1405 0.0116 0.0041 0.0085 0.0102 0.0016 0.0074 0.1289 0.1411 0.0126 0.0112 0.0204 0.033 0.0099 0.0104 0.1328 0.1532
187 0.0038 0.059 0.0241 0.0287 0.0109 0.0128 0.159 0.1573 0.0037 0.0593 0.0253 0.0302 0.0115 0.013 0.1588 0.1573 0.0099 0.0621 0.0206 0.036 0.0066 0.0109 0.1656 0.1609
87 0.0199 0.0226 0.001 0.0056 0.0021 0.0011 0.1943 0.1531 0.0197 0.0224 0.0011 0.0055 0.0023 0.0013 0.1942 0.1534 0.0217 0.0263 0.0015 0.03 0.0021 0.0027 0.1966 0.1458
386 0.064 0.0472 0.008 0.0078 0.0208 0.0232 0.1401 0.1564 0.0636 0.0474 0.007 0.0069 0.0219 0.0243 0.1395 0.1565 0.0622 0.0559 0.0064 0.0068 0.0272 0.0675 0.1415 0.181
247 0.0057 0.0055 0.0097 0.0168 0.001 0.01 0.1527 0.1318 0.0057 0.0054 0.0084 0.015 9e-04 0.0097 0.1528 0.1319 0.0089 0.0066 0.0081 0.0079 0.0044 0.0096 0.155 0.1495
227 0.0062 0.0085 0.0025 0.0026 0.0152 0.0192 0.1554 0.1462 0.0061 0.0085 0.0025 0.0027 0.0134 0.0173 0.1555 0.146 0.0101 0.0106 0.0132 0.0063 0.0132 0.0252 0.1685 0.1553
77 0.0138 0.0196 5e-04 8e-04 0.0122 0.0116 0.1404 0.1454 0.0145 0.0196 2e-04 6e-04 0.0139 0.0137 0.142 0.1449 0.0176 0.0233 0.0083 0.0114 0.014 0.0143 0.1421 0.1561
546 0.0031 0.0172 0.0056 0.0062 0.0082 0.0271 0.1444 0.1592 0.003 0.0166 0.0057 0.0068 0.0086 0.0213 0.1442 0.1581 0.0097 0.0211 0.0118 0.0296 0.0098 0.042 0.1604 0.1617
277 0.0328 0.0034 0.0185 0.0202 0.0064 0.0093 0.1139 0.1642 0.0332 0.0035 0.0204 0.0215 0.0074 0.0097 0.1138 0.1641 0.0391 0.0048 0.0058 0.006 0.0298 0.0979 0.12 0.2113
556 0.0592 0.0328 0.0166 0.0398 0.0026 0.0053 0.1556 0.146 0.0596 0.0328 0.0167 0.037 0.0031 0.0063 0.1557 0.1455 0.0628 0.0366 0.0086 0.0107 0.0207 0.0162 0.1582 0.1832
306 0.0132 0.1083 8e-04 0.0219 0.0228 0.0247 0.1811 0.1327 0.0127 0.108 9e-04 0.0205 0.0225 0.0241 0.1813 0.1324 0.0181 0.1051 0.0027 0.0393 0.016 0.032 0.1747 0.148
107 0.0227 0.0081 0.0031 0.001 0.0011 0.0024 0.1416 0.1458 0.0225 0.0077 0.0024 4e-04 0.0012 0.0023 0.1419 0.1452 0.0252 0.0081 0.0103 0.0104 9e-04 0.0342 0.1381 0.1733
216 0.0093 0.006 0.0216 0.0222 0.0042 0.0046 0.1321 0.1468 0.0092 0.0059 0.02 0.022 0.0038 0.0042 0.1309 0.1467 0.013 0.0086 0.01 0.0202 0.013 0.018 0.1526 0.1411
17 0.0112 0.0018 0.0014 0.0162 0.0074 0.0119 0.1952 0.1371 0.012 0.0014 0.0012 0.0151 0.0095 0.0128 0.1964 0.1357 0.0127 0.0053 0.0043 0.0499 0.0035 0.0177 0.1977 0.1433
57 0.0082 0.0102 0.0074 0.0083 0.0166 0.0216 0.1512 0.1543 0.0083 0.0103 0.0043 0.005 0.0147 0.0199 0.1506 0.1547 0.0091 0.0131 0.0082 0.0083 0.01 0.0162 0.1326 0.1514
117 0.0033 0.0057 0.0136 0.0178 0.0073 0.0079 0.146 0.1649 0.0032 0.0047 0.0143 0.0201 0.0089 0.0086 0.1472 0.1629 0.0094 0.0103 0.0073 0.0092 0.0098 0.0086 0.1467 0.1684
37 0.0166 0.072 0.0051 0.0057 0.0026 0.0053 0.1477 0.1402 0.0168 0.0721 0.0055 0.006 0.0027 0.0052 0.1483 0.1402 0.0324 0.0773 0.0029 0.0045 0.0063 0.0142 0.1611 0.151
97 0.0066 0.0315 0.0127 0.0628 0.0095 0.0091 0.1742 0.1717 0.0066 0.0312 0.0152 0.0662 0.0086 0.0084 0.1749 0.1722 0.0075 0.0328 0.0042 0.0457 0.0027 0.0107 0.1614 0.1757
165 0.0121 0.009 0.0093 0.0085 0.0018 0.0021 0.1653 0.1197 0.0123 0.0089 0.0094 0.0085 0.0017 0.0021 0.1658 0.1198 0.0148 0.0175 0.0078 0.0037 0.0077 0.0165 0.1612 0.1517
66 0.0249 0.0142 0.005 0.025 0.0033 0.0025 0.2068 0.1279 0.0247 0.0143 0.0049 0.0268 0.0044 0.0034 0.2074 0.1279 0.0248 0.0159 0.0032 0.0262 0.0081 0.0419 0.1902 0.1662
337 0.0121 0.0305 0.0228 0.0298 0.0243 0.026 0.1547 0.1345 0.0119 0.0304 0.0221 0.0277 0.0233 0.025 0.1563 0.1339 0.0224 0.038 0.018 0.0234 0.0332 0.0382 0.1437 0.1634
26 0.0186 0.0222 0.0018 0.0018 0.0243 0.0322 0.1124 0.1505 0.0186 0.022 0.0015 0.0015 0.0231 0.0306 0.1122 0.1501 0.0207 0.0233 0.0015 0.0174 0.0453 0.0533 0.1196 0.1532
417 0.0041 0.0169 0.024 0.0302 0.004 0.0094 0.1394 0.167 0.004 0.0166 0.023 0.0269 0.0039 0.009 0.1376 0.1667 0.0026 0.0189 0.0707 0.0733 0.0047 0.0327 0.145 0.1719
307 0.0083 0.0778 0.0022 0.0073 0.003 0.0067 0.1237 0.1702 0.0081 0.0775 0.0025 0.0079 0.0025 0.0061 0.123 0.1702 0.0134 0.0814 0.0019 0.0059 9e-04 0.0061 0.1152 0.1693
547 0.0112 0.0231 0.071 0.0711 0.0025 0.0022 0.1389 0.1568 0.011 0.0233 0.0741 0.074 0.0024 0.0023 0.1388 0.1564 0.0154 0.0253 0.0357 0.0358 0.0032 0.0469 0.1548 0.1852
147 0.0092 0.019 0.0042 0.049 0.0051 0.0163 0.1529 0.142 0.0093 0.0191 0.004 0.0488 0.005 0.016 0.1529 0.142 0.0107 0.0282 0.0074 0.0575 0.0046 0.0562 0.1493 0.1725
387 0.0105 0.0232 7e-04 0.0013 0.0038 0.0056 0.1234 0.1631 0.0105 0.0231 5e-04 0.0011 0.0039 0.0055 0.1235 0.1634 0.014 0.0226 0.01 0.0246 0.0036 0.0096 0.1358 0.1669
536 0.0054 0.0198 0.0104 0.0158 0.0028 0.0025 0.1249 0.1571 0.0053 0.0197 0.0089 0.0135 0.003 0.0027 0.1243 0.1573 0.0089 0.025 0.0175 0.0245 0.0052 0.0089 0.132 0.1474
297 0.009 0.0606 0.0011 0.0013 0.0261 0.0325 0.25 0.185 0.009 0.0609 0.001 7e-04 0.0252 0.0294 0.2452 0.1851 0.0178 0.0579 0.0111 0.0246 0.0439 0.061 0.2564 0.1885
404 0.0048 0.0016 0.0021 0.0062 0.0416 0.0426 0.1209 0.1653 0.005 0.0017 0.003 0.0042 0.0407 0.0419 0.1233 0.1653 0.0093 4e-04 2e-04 9e-04 0.0382 0.044 0.1223 0.1558
125 0.0054 0.0038 0.0148 0.0174 0.0115 0.0193 0.1279 0.1331 0.0053 0.0039 0.0136 0.016 0.0116 0.0203 0.1276 0.1337 0.0086 0.0074 0.0065 0.0125 0.0093 0.0245 0.1387 0.1489
347 0.0076 0.0067 0.0254 0.0338 0.0018 0.0016 0.2414 0.1392 0.0079 0.0066 0.0234 0.033 0.0021 0.0015 0.2409 0.1392 0.0159 0.0108 0.0132 0.0164 0.0025 0.0043 0.2095 0.1492
557 0.0114 0.0239 0.0011 0.0016 0.0014 0.0048 0.133 0.1646 0.0114 0.0255 8e-04 0.0013 0.0013 0.004 0.1335 0.1671 0.0124 0.0306 8e-04 0.001 0.0089 0.0095 0.1329 0.1655
217 0.0098 0.0121 0.0013 0.008 0.0026 0.0036 0.1599 0.158 0.0096 0.0122 0.0012 0.009 0.0029 0.0039 0.1597 0.158 0.0197 0.0135 0.0041 0.0188 0.0054 0.0105 0.1677 0.164
166 0.0112 0.0188 0.012 0.0142 0.0064 0.0058 0.1676 0.1401 0.011 0.0189 0.0086 0.0108 0.0052 0.0047 0.1672 0.14 0.0136 0.0211 0.044 0.0478 0.0111 0.0129 0.1647 0.1442
67 0.028 0.0089 0.02 0.0227 0.0047 0.0046 0.1301 0.2362 0.0281 0.0089 0.0197 0.0223 0.005 0.0049 0.1303 0.2368 0.0362 0.0171 0.0143 0.0199 0.0048 0.0063 0.1377 0.2218
537 0.0676 0.055 0.009 0.0094 0.0015 0.0139 0.1907 0.1313 0.0674 0.0547 0.0079 0.0089 0.0015 0.0143 0.1916 0.1309 0.0627 0.0614 0.0063 0.0148 0.005 0.0232 0.1844 0.1434
126 0.0091 0.0084 0.0046 0.0059 0.0041 0.0122 0.1492 0.1491 0.009 0.0084 0.0058 0.0071 0.0033 0.0076 0.1497 0.1469 0.0085 0.0075 0.0078 0.0102 0.0092 0.0336 0.1506 0.159
167 0.0031 0.0094 0.0043 0.0055 0.008 0.0121 0.1551 0.1497 0.0031 0.0092 0.0053 0.0065 0.0085 0.0127 0.1551 0.1492 0.0057 0.0107 0.0059 0.0114 0.0193 0.0303 0.152 0.1733
27 0.0232 0.0271 0.0118 0.0121 0.0159 0.0233 0.2099 0.1319 0.0227 0.0271 0.0109 0.0111 0.0162 0.0222 0.2104 0.1314 0.034 0.0301 0.0206 0.0232 0.0152 0.0327 0.2002 0.1578
405 0.0064 0.04 0.0052 0.0101 0.0215 0.0223 0.1147 0.1279 0.0066 0.0399 0.004 0.0094 0.0216 0.0222 0.1151 0.1282 0.0083 0.0451 0.0239 0.0348 0.0078 0.0134 0.1245 0.1375
127 0.032 0.005 0.0033 0.0071 0.0429 0.0439 0.1491 0.1457 0.0307 0.0049 0.0033 0.0046 0.0414 0.0425 0.15 0.1458 0.0372 0.0093 0.0014 0.0038 0.0188 0.0152 0.1446 0.1436
406 0.0022 0.0229 9e-04 0.0026 7e-04 0.0041 0.1432 0.1819 0.0024 0.0229 7e-04 0.0023 7e-04 0.0041 0.1434 0.1822 0.0058 0.0212 0.0014 0.0062 0.0023 0.0115 0.1461 0.1782
407 0.0133 0.0019 0.0087 0.0074 0.0012 0.0017 0.1346 0.1564 0.0132 0.0018 0.0067 0.0054 0.0018 0.0025 0.1345 0.1563 0.0187 0.0066 0.007 0.0081 0.0062 0.0274 0.1435 0.1761
"Mean1" "Mean2" "YPC1" "YPC2" "ZPC1" "ZPC2" "IND1" "IND2"
"t" 16.1 22.98 8.04 13.78 8.05 13.1 154.57 151.56
"slash" 16.09 22.91 7.94 13.6 8 13.92 154.69 151.42
"norm" 19.62 26.02 9.48 21.42 10.33 30.31 155.82 162.95
