"x"
"1" "Generate from n distribution. Repeat 550 times. The variance of residual is 0.04"
"x"
"1" "== degree of freedom:  1 =="
198 0.0325 0.0253 0.0183 0.0184 0.017 0.0179 0.1154 0.1155 0.0325 0.0252 0.019 0.0191 0.0161 0.0171 0.1155 0.1159 0.04 0.0336 0.0488 0.083 0.0176 0.0966 0.1176 0.16
498 0.0104 0.0778 4e-04 0.0031 0.0021 0.0026 0.0982 0.128 0.0103 0.0778 4e-04 0.003 0.003 0.0035 0.098 0.1278 0.0143 0.0875 0.0013 0.001 0.0076 0.0112 0.1029 0.134
408 0.0126 0.0143 7e-04 0.0013 0.0055 0.0057 0.1054 0.1399 0.0126 0.0143 0.001 0.0015 0.0052 0.0054 0.1052 0.1399 0.0185 0.0174 0.0149 0.0163 0.0037 0.0125 0.1023 0.1387
238 0.0358 0.027 0.0236 0.025 0.0031 0.0037 0.2568 0.1103 0.0357 0.027 0.0242 0.0256 0.0044 0.005 0.256 0.1102 0.0344 0.0298 0.0121 0.0437 0.0324 0.0397 0.1772 0.1104
458 0.0449 0.0506 0.0121 0.0124 0.0011 0.0016 0.1374 0.1155 0.045 0.0507 0.0105 0.0108 0.0013 0.0019 0.1373 0.1157 0.0435 0.0496 0.0291 0.0284 0.0091 0.0185 0.1269 0.1199
308 0.003 0.0071 0.0034 0.0039 2e-04 4e-04 0.1493 0.1434 0.0029 0.0071 0.0034 0.0038 3e-04 6e-04 0.1489 0.144 0.007 0.0111 5e-04 0.0027 0.0141 0.0192 0.1482 0.1514
368 0.0526 0.0252 0.0079 0.0072 9e-04 0.0021 0.0856 0.1136 0.0525 0.0252 0.007 0.0063 7e-04 0.002 0.0855 0.1136 0.0571 0.0312 0.0077 0.0109 0.0063 0.0035 0.0967 0.135
248 0.006 0.0029 0.0027 0.0029 0.019 0.0201 0.1557 0.1808 0.006 0.0029 0.0037 0.0039 0.0161 0.0172 0.1556 0.1804 0.0171 0.0052 0.0063 0.0051 0.0245 0.0451 0.133 0.1935
68 0.0018 0.0185 0.0027 0.0038 0.0159 0.0167 0.1087 0.1019 0.0018 0.0185 0.0026 0.0039 0.0166 0.0174 0.1091 0.1018 0.0036 0.0289 0.0202 0.0379 0.0141 0.0165 0.1069 0.119
188 0.013 0.0277 0.0037 0.0054 0.0204 0.0209 0.1188 0.1362 0.0131 0.0277 0.0031 0.0044 0.0197 0.0201 0.1191 0.1361 0.0151 0.0331 0.0059 0.0078 0.0209 0.0417 0.1137 0.1462
528 0.0139 0.0173 0.0031 0.0036 0.0014 0.0015 0.1257 0.1209 0.0139 0.0173 0.004 0.0046 0.0011 0.0012 0.1258 0.1211 0.0169 0.0213 0.0234 0.0318 0.0052 0.0099 0.1204 0.1237
78 0.0082 0.0153 0.0027 0.0037 4e-04 0.0018 0.1148 0.138 0.0081 0.0152 0.0017 0.0029 5e-04 0.0018 0.1149 0.1382 0.0115 0.0229 0.0059 0.006 0.0036 0.0358 0.1076 0.164
488 0.0193 0.053 0.0037 0.0048 6e-04 8e-04 0.123 0.1316 0.0194 0.0529 0.0041 0.0052 8e-04 0.001 0.123 0.1315 0.0221 0.0509 0.0019 0.0102 0.0121 0.0194 0.1039 0.126
38 0.0066 0.002 0.0013 0.0013 0.0211 0.0219 0.1039 0.1049 0.0066 0.002 0.0014 0.0013 0.0219 0.0227 0.1038 0.1049 0.0079 0.0028 0.0091 0.0108 0.0105 0.0224 0.1137 0.1316
508 0.0037 0.0201 0.0068 0.0084 6e-04 8e-04 0.097 0.1238 0.0045 0.0201 0.007 0.0087 7e-04 8e-04 0.0976 0.1239 0.008 0.0229 0.0127 0.0138 9e-04 0.0151 0.0942 0.1164
418 0.0403 0.0014 0.0028 0.0029 0.0012 0.0075 0.2045 0.1418 0.0402 0.0014 0.0028 0.003 9e-04 0.0022 0.2047 0.1372 0.0437 0.0024 0.0048 0.0197 0.0024 0.0165 0.1731 0.1324
258 0.0301 0.0154 0.0675 0.067 0.0137 0.0145 0.1092 0.1093 0.0298 0.0155 0.0658 0.0657 0.0127 0.0134 0.1079 0.1094 0.0284 0.0218 0.0527 0.0522 0.0086 0.0328 0.1076 0.1325
328 0.0037 0.006 0.0026 0.0026 5e-04 9e-04 0.1739 0.1258 0.0029 0.006 0.0026 0.0027 2e-04 6e-04 0.1733 0.1257 0.0053 0.0123 0.0168 0.0195 0.0043 0.0325 0.138 0.1758
268 0.0169 0.048 0.0013 0.0012 6e-04 8e-04 0.0988 0.1567 0.0168 0.05 0.0011 0.001 0.0013 0.0039 0.0982 0.157 0.0192 0.0494 0.002 0.0019 0.0064 0.0064 0.1056 0.139
499 0.0045 0.0113 0.0249 0.0258 0.0034 0.0037 0.093 0.1412 0.0045 0.0113 0.025 0.026 0.0022 0.0025 0.0931 0.1413 0.0052 0.0119 0.0148 0.0655 0.001 0.024 0.133 0.1466
168 0.0052 0.0305 4e-04 5e-04 5e-04 7e-04 0.1941 0.1392 0.005 0.0306 0.001 0.0018 5e-04 7e-04 0.1914 0.139 0.0077 0.0326 0.0021 0.004 0.0013 0.027 0.1662 0.1343
158 0.0891 0.0998 0.0073 0.0075 0.0064 0.0068 0.097 0.1175 0.0891 0.0998 0.0063 0.0066 0.0069 0.0074 0.097 0.1176 0.0899 0.1045 0.0476 0.1021 0.0051 0.0086 0.1204 0.1216
478 0.0119 0.1551 0.0153 0.0152 3e-04 0.0011 0.1159 0.1474 0.0119 0.155 0.0135 0.0135 3e-04 0.0011 0.1159 0.1475 0.0207 0.1533 5e-04 0.0035 0.0047 0.0098 0.1202 0.136
69 0.0142 0.0549 9e-04 0.001 0.0013 0.0014 0.1519 0.132 0.0141 0.0548 8e-04 9e-04 0.0019 0.0021 0.1516 0.1317 0.0155 0.0553 0.028 0.0382 0.0032 0.0055 0.1382 0.1331
88 0.0039 0.0222 0.0384 0.038 0.0035 0.0034 0.0801 0.134 0.0039 0.0221 0.036 0.0356 0.0038 0.0038 0.08 0.1339 0.0083 0.0265 0.0312 0.0316 0.0039 0.0033 0.0814 0.143
239 0.0165 0.0236 9e-04 0.0011 0.0536 0.0544 0.1044 0.1187 0.0164 0.0238 0.0014 0.0017 0.0522 0.0529 0.1042 0.1188 0.0194 0.0295 0.0048 0.0682 0.0221 0.0429 0.1411 0.1581
348 0.0058 7e-04 6e-04 0.0013 7e-04 0.0022 0.1432 0.1194 0.0059 7e-04 5e-04 0.0012 3e-04 0.0018 0.1431 0.1197 0.0085 0.0111 1e-04 0.0174 0.0023 0.0182 0.1361 0.1349
468 8e-04 0.0134 0.0054 0.0052 0.0051 0.0049 0.0831 0.1267 8e-04 0.0134 0.0051 0.0049 0.0046 0.0044 0.0831 0.1264 0.0014 0.0172 0.0021 0.0045 0.0012 0.0252 0.0902 0.1361
18 0.003 8e-04 0.0039 0.0044 0.0495 0.0504 0.0846 0.1019 0.003 8e-04 0.0048 0.0052 0.0465 0.0475 0.0845 0.1016 0.0055 0.0041 0.0031 0.0047 0.0293 0.0277 0.082 0.112
298 0.0128 0.0389 0.0061 0.0063 0.0092 0.0101 0.0968 0.1205 0.0128 0.0388 0.006 0.0062 0.0082 0.009 0.0967 0.1205 0.0169 0.0384 0.0251 0.0251 0.0028 0.0212 0.091 0.1287
259 0.0119 0.012 0.0011 0.0026 0.0014 0.0014 0.1027 0.1451 0.0119 0.012 0.001 0.0026 0.0014 0.0014 0.1029 0.1451 0.0137 0.0169 0.0055 0.0133 0.0053 0.013 0.1125 0.144
138 0.052 0.0146 0.0204 0.0207 0.0024 0.003 0.0915 0.1217 0.052 0.0145 0.019 0.0193 0.0026 0.0032 0.0915 0.1216 0.0569 0.0168 0.0272 0.0456 0.0091 0.0241 0.0996 0.1414
419 0.0019 0.0236 1e-04 5e-04 0.0069 0.008 0.0949 0.1066 0.0019 0.0235 1e-04 4e-04 0.0077 0.0088 0.095 0.1066 0.0044 0.0361 0.0026 0.0055 0.0155 0.0312 0.0959 0.1368
358 0.006 0.0037 6e-04 0.002 0.0024 0.0026 0.132 0.0835 0.0059 0.0037 4e-04 0.0019 0.0026 0.0028 0.1318 0.0835 0.0085 0.0057 0.0079 0.013 0.0099 0.0101 0.1248 0.0857
8 0.0058 9e-04 0.0023 0.0026 1e-04 5e-04 0.0984 0.1049 0.0058 9e-04 0.0021 0.0023 1e-04 5e-04 0.0985 0.105 0.0088 0.0026 0.0015 0.0036 0.0036 0.0142 0.1021 0.1173
208 0.0092 0.0414 0.0011 0.0052 9e-04 4e-04 0.1993 0.1041 0.0093 0.0414 0.001 0.0051 0.001 4e-04 0.1993 0.1041 0.0121 0.0523 0.0048 0.0277 0.0027 0.0053 0.1723 0.1266
329 0.0083 0.0978 0.0367 0.0383 0.0053 0.0062 0.118 0.1586 0.0083 0.0978 0.0388 0.0403 0.0046 0.0054 0.118 0.1584 0.0115 0.102 0.0234 0.0519 0.0101 0.0117 0.127 0.1444
518 0.0095 0.0085 0.0049 0.006 0.0042 0.0047 0.2929 0.1571 0.0095 0.0084 0.005 0.006 0.0043 0.0048 0.2934 0.157 0.0097 0.0085 0.0015 0.0077 0.0071 0.0182 0.1491 0.1478
489 0.0088 0.0092 0.0051 0.0066 0.0032 0.0037 0.1239 0.1502 0.0088 0.0092 0.0041 0.0056 0.0032 0.0037 0.1239 0.1503 0.0104 0.0129 0.0054 0.0162 0.0028 0.0101 0.1194 0.1488
169 0.0088 0.0377 0.0139 0.014 0.001 9e-04 0.3384 0.1287 0.0088 0.0377 0.0145 0.0146 0.001 9e-04 0.3386 0.1286 0.0105 0.0434 0.0148 0.0174 0.0142 0.0293 0.2808 0.1491
70 0.0025 0.0231 0.0047 0.0047 0.0144 0.015 0.1041 0.1284 0.0025 0.0231 0.0046 0.0046 0.0137 0.0142 0.104 0.1286 0.0044 0.0269 0.0128 0.0154 0.005 0.0153 0.102 0.1265
309 0.0058 0.0202 0.0026 0.0031 0.0027 0.003 0.229 0.1318 0.0058 0.0203 0.0035 0.0039 0.0028 0.0031 0.2285 0.1318 0.0143 0.0206 0.0052 0.0062 0.0024 0.0113 0.1929 0.1224
148 0.0189 0.0096 0.0046 0.0052 0.0125 0.0125 0.1082 0.0909 0.0186 0.0097 0.003 0.0036 0.0111 0.011 0.1079 0.0909 0.0216 0.0133 0.0105 0.0652 0.0135 0.0237 0.1314 0.0952
118 0.0161 0.0505 0.005 0.005 0.0016 0.0027 0.2009 0.0987 0.0161 0.0503 0.0051 0.0052 0.0017 0.0032 0.2021 0.099 0.023 0.0529 0.0108 0.023 0.0079 0.0129 0.1459 0.1172
178 0.0166 0.0107 0.0057 0.0064 8e-04 9e-04 0.1727 0.1316 0.0167 0.0107 0.0048 0.0055 6e-04 9e-04 0.172 0.1316 0.0229 0.0141 0.0098 0.0192 0.0063 0.0086 0.1703 0.1461
459 0.0051 0.0121 0.0141 0.0155 0.0015 0.0019 0.1198 0.1496 0.0049 0.0121 0.013 0.0142 0.0018 0.0021 0.1196 0.1492 0.0101 0.0178 0.0119 0.0089 0.0058 0.0114 0.1261 0.1449
249 0.0158 0.0165 0.0015 0.0014 3e-04 6e-04 0.1643 0.0831 0.0159 0.0164 0.0018 0.0017 3e-04 6e-04 0.1642 0.0827 0.0169 0.0173 0.0043 0.0268 0.001 0.0775 0.1602 0.1502
28 0.0059 0.0028 0.0055 0.0056 3e-04 9e-04 0.1087 0.1299 0.006 0.0022 0.0051 0.0057 7e-04 0.0011 0.1091 0.1293 0.015 0.0053 0.0036 0.014 0.0058 0.006 0.1083 0.1158
199 0.0213 0.0722 0.0213 0.021 0.0088 0.0094 0.1215 0.106 0.0215 0.0722 0.0203 0.02 0.0081 0.0088 0.1216 0.1059 0.0278 0.0713 0.0146 0.0152 0.0056 0.0107 0.1133 0.1233
288 0.0076 0.0012 3e-04 9e-04 0.0041 0.0057 0.1267 0.12 0.0076 0.0012 3e-04 9e-04 0.0039 0.0056 0.1267 0.1199 0.0097 0.0045 0.004 0.0119 0.0019 0.0231 0.1326 0.123
369 0.0219 0.0116 0.0188 0.0193 3e-04 8e-04 0.1051 0.0937 0.0219 0.0117 0.0201 0.0206 4e-04 7e-04 0.1051 0.0938 0.0305 0.0135 0.0352 0.046 4e-04 0.0095 0.102 0.1053
438 0.0079 0.0046 0.0049 0.0142 0.0152 0.0168 0.1445 0.1112 0.0079 0.0046 0.005 0.0138 0.0157 0.0173 0.1447 0.1111 0.0105 0.0075 6e-04 0.0169 0.0083 0.0323 0.142 0.1317
218 0.0092 0.0011 3e-04 0.0081 8e-04 0.0011 0.1064 0.1365 0.0091 0.0011 6e-04 0.0081 7e-04 0.0011 0.1063 0.1366 0.012 0.0033 0.0014 0.0122 0.002 0.0209 0.1086 0.1478
538 0.0078 0.0169 0.0118 0.0128 0.0018 0.0034 0.1675 0.1225 0.0079 0.0169 0.0104 0.0113 0.0017 0.0033 0.1676 0.1223 0.0106 0.0216 0.0032 0.0037 0.0069 0.0164 0.1601 0.1321
469 0.0214 0.0043 0.0035 0.0034 0.0057 0.0061 0.1351 0.131 0.0214 0.0043 0.0052 0.0051 0.0055 0.0058 0.1351 0.1309 0.0283 0.0079 0.0043 0.0052 0.0058 0.0138 0.1266 0.1448
378 0.0403 0.032 6e-04 0.0015 7e-04 5e-04 0.1407 0.1455 0.0403 0.0319 4e-04 0.0013 6e-04 5e-04 0.141 0.1455 0.0519 0.0401 6e-04 0.0013 0.0036 0.0162 0.1479 0.1578
548 0.0079 0.0152 0.0143 0.015 0.003 0.0025 0.244 0.1432 0.0079 0.0149 0.0146 0.0154 0.0025 0.0022 0.244 0.1426 0.0127 0.0214 0.0051 0.0043 0.0124 0.0096 0.1985 0.1592
509 0.0184 0.0091 6e-04 8e-04 0.0015 0.0016 0.185 0.1112 0.0175 0.0083 4e-04 7e-04 0.0017 0.0019 0.1846 0.1104 0.0206 0.0168 0.0032 0.002 0.0071 0.05 0.1691 0.1445
39 0.0115 0.0095 3e-04 7e-04 9e-04 7e-04 0.1114 0.1263 0.0115 0.0099 2e-04 6e-04 0.001 7e-04 0.1115 0.1259 0.0126 0.0115 0.0085 0.0146 0.0021 0.4695 0.1039 0.3366
128 0.0071 0.0228 0.0099 0.0155 0.0021 0.0033 0.0742 0.1253 0.007 0.0228 0.0108 0.0162 0.0018 0.0031 0.0742 0.1253 0.0082 0.0289 0.012 0.0235 0.0126 0.0229 0.0897 0.1249
108 0.0285 0.0098 0.001 0.0011 0.0275 0.0289 0.1473 0.1439 0.0286 0.008 0.0016 0.0018 0.0275 0.0289 0.1481 0.1417 0.0333 0.0132 0.0108 0.0386 0.0135 0.018 0.1311 0.1466
359 0.0145 0.0058 0.007 0.0078 0.0012 0.002 0.0936 0.1239 0.0145 0.0059 0.0061 0.0068 0.0011 0.0019 0.0936 0.1239 0.017 0.0063 0.0017 0.0208 0.0043 0.0041 0.1177 0.1268
179 0.012 0.0151 4e-04 7e-04 0.0018 0.0029 0.1248 0.1374 0.012 0.0151 3e-04 6e-04 0.001 0.0021 0.1249 0.1372 0.0136 0.0176 0.0013 8e-04 0.0023 0.0086 0.1147 0.1312
318 0.0123 0.0052 3e-04 0.0011 0.0029 0.005 0.1372 0.1266 0.0123 0.0052 3e-04 0.0012 0.0038 0.0073 0.137 0.1286 0.0175 0.0071 0.0425 0.0408 0.0073 0.0352 0.1298 0.1301
189 0.0101 0.0086 0.002 0.0019 0.0145 0.0162 0.127 0.1147 0.0101 0.0087 0.0011 9e-04 0.0133 0.0146 0.1269 0.1156 0.0148 0.0112 0.006 0.0278 0.0128 0.0127 0.1224 0.1294
349 0.0064 0.0346 0.0037 0.0035 0.0243 0.0251 0.0979 0.1061 0.0064 0.0344 0.0035 0.0032 0.0214 0.0221 0.0979 0.1059 0.0105 0.0368 0.0146 0.0106 0.0147 0.0309 0.1154 0.1079
500 0.0495 0.0067 0.0122 0.0127 9e-04 9e-04 0.1565 0.1091 0.0496 0.0067 0.0104 0.0108 6e-04 6e-04 0.1566 0.1089 0.0485 0.0088 0.0154 0.0179 0.01 0.0209 0.1365 0.1178
409 0.0098 0.0077 0.0103 0.0141 0.001 0.001 0.1409 0.1164 0.0097 0.0077 0.0111 0.015 0.0016 0.0016 0.1408 0.1164 0.0154 0.0104 0.0076 0.0085 0.0066 0.0141 0.1316 0.1206
398 0.0019 0.0053 0.0056 0.0098 0.0014 0.0016 0.1734 0.1178 0.0019 0.0053 0.0044 0.0064 0.001 0.0011 0.1748 0.1177 0.008 0.0074 0.0073 0.0491 0.0077 0.029 0.156 0.1343
269 0.0178 0.0095 9e-04 0.0011 0.0554 0.0574 0.1205 0.138 0.0178 0.0095 9e-04 0.001 0.0587 0.0604 0.1207 0.138 0.0237 0.012 0.0024 0.0063 0.0233 0.0275 0.1077 0.1473
448 0.0021 0.0189 0.0172 0.0212 0.0029 0.0047 0.1032 0.1164 0.0021 0.0188 0.0188 0.0218 0.0035 0.0052 0.1032 0.1159 0.0034 0.0225 0.0222 0.0295 0.0094 0.0543 0.1061 0.1333
289 0.0045 0.0025 0.0242 0.0249 1e-04 5e-04 0.1182 0.1039 0.0045 0.0025 0.0245 0.0251 1e-04 4e-04 0.1184 0.1039 0.0077 0.0035 0.0135 0.0293 0.0125 0.0188 0.1064 0.1328
460 0.0072 0.0117 0.0103 0.0109 0.003 0.0029 0.1631 0.1093 0.0072 0.0117 0.0095 0.0101 0.0025 0.0023 0.1629 0.1092 0.0118 0.0195 0.008 0.0057 0.0025 0.0155 0.1335 0.1128
129 0.013 0.0251 0.0123 0.0123 6e-04 9e-04 0.1968 0.1411 0.0129 0.0252 0.0124 0.0124 6e-04 8e-04 0.1966 0.1411 0.0125 0.0289 0.0321 0.0589 0.0065 0.0464 0.1604 0.1552
338 0.0024 0.0619 0.0071 0.0178 0.0054 0.0061 0.1363 0.1141 0.0025 0.062 0.0071 0.0204 0.0046 0.0052 0.1363 0.1143 0.0053 0.0741 0.0011 0.0124 0.0108 0.0275 0.1239 0.1312
519 0.0039 0.017 0.0168 0.0175 0.0024 0.0025 0.1914 0.1122 0.0039 0.0165 0.0158 0.0163 0.0028 0.0038 0.1908 0.1105 0.0063 0.0198 0.0143 0.0433 0.0014 0.0069 0.1675 0.1092
79 0.0112 0.0441 0.0064 0.0074 7e-04 0.0012 0.1316 0.092 0.0112 0.0442 0.0068 0.0078 6e-04 0.0011 0.1322 0.0921 0.0134 0.052 0.0108 0.032 0.004 0.009 0.1121 0.1166
170 0.0019 0.0069 0.0018 0.0028 0.0028 0.0029 0.1251 0.0975 0.0019 0.0069 0.0017 0.0026 0.0026 0.0027 0.125 0.0974 0.0038 0.0098 4e-04 0.0327 0.0054 0.0081 0.125 0.1173
119 0.0082 0.0015 0.0174 0.018 0.0042 0.0061 0.0917 0.1358 0.0082 0.0015 0.0164 0.0171 0.0031 0.0052 0.0919 0.1361 0.0149 0.0044 0.0142 0.0236 0.003 0.0231 0.1047 0.1269
98 0.0101 0.0137 0.0056 0.0141 0.0014 0.0018 0.112 0.1467 0.0102 0.0138 0.0048 0.0136 0.0015 0.0018 0.1121 0.1469 0.0182 0.0264 9e-04 0.0175 0.0107 0.0157 0.1313 0.1623
48 0.0219 0.0308 0.0038 0.0184 0.001 0.0016 0.0972 0.0924 0.0211 0.0308 0.0032 0.011 0.0015 0.0021 0.0965 0.0925 0.0286 0.0362 0.0022 0.0047 0.0038 0.0128 0.1087 0.1015
58 0.0027 0.0103 0.0125 0.0292 0.0091 0.0094 0.1058 0.0934 0.0028 0.0102 0.0125 0.0291 0.0092 0.0095 0.1059 0.0933 0.0062 0.011 0.0109 0.0304 0.0211 0.0231 0.1075 0.092
240 0.0145 0.0356 0.0124 0.0131 0.009 0.0094 0.1245 0.1265 0.0145 0.0323 0.0128 0.0133 0.0082 0.0085 0.1244 0.1239 0.0155 0.0323 0.0012 0.0279 0.0115 0.0171 0.1339 0.1362
260 0.009 0.002 7e-04 9e-04 0.0226 0.0235 0.1332 0.0943 0.009 0.002 9e-04 0.001 0.0229 0.0238 0.1329 0.0943 0.0112 0.0045 0.0126 0.0603 0.0114 0.0222 0.1601 0.1106
428 0.003 0.0085 3e-04 6e-04 0.0099 0.0109 0.1206 0.1047 0.0025 0.0084 3e-04 7e-04 0.0118 0.0127 0.1203 0.1047 0.0056 0.0121 0.0072 0.0029 0.0048 0.0107 0.1152 0.1171
350 0.0135 0.0283 0.0049 0.0057 0.0119 0.0147 0.2185 0.1203 0.0135 0.0283 0.0049 0.0055 0.0116 0.0143 0.2183 0.1202 0.0126 0.03 0.0016 0.008 0.011 0.0096 0.1592 0.1193
149 0.0365 0.0118 0.0107 0.011 2e-04 8e-04 0.1584 0.1552 0.0364 0.0123 0.0117 0.012 2e-04 6e-04 0.1585 0.1549 0.0426 0.0172 0.0022 0.0043 0.0057 0.0111 0.1551 0.1517
539 0.0025 0.0365 7e-04 0.0015 0.0012 0.0016 0.1017 0.113 0.0025 0.0365 8e-04 0.0015 9e-04 0.0013 0.1017 0.1129 0.0064 0.0406 0.0067 0.0103 0.0052 0.0075 0.105 0.131
139 0.0226 0.0256 5e-04 0.0019 0.0034 0.0036 0.0961 0.14 0.0228 0.0255 6e-04 0.0023 0.0037 0.0039 0.0972 0.1401 0.0299 0.0277 0.0225 0.0376 0.0284 0.0295 0.1169 0.1446
200 0.023 0.0229 0.0073 0.0076 0.031 0.0322 0.2574 0.1233 0.023 0.0229 0.0055 0.0058 0.0313 0.0325 0.2575 0.1233 0.0269 0.0247 0.0073 0.0044 0.0136 0.0343 0.2172 0.1373
9 0.0028 0.0596 0.008 0.0082 0.0293 0.0299 0.1171 0.1436 0.0028 0.0596 0.0056 0.0059 0.0264 0.027 0.1172 0.1433 0.0086 0.0656 0.0013 0.0114 0.002 0.0052 0.109 0.1428
310 0.0177 0.0472 8e-04 0.001 0.0117 0.0126 0.1429 0.1568 0.0177 0.0471 4e-04 6e-04 0.0134 0.0143 0.1429 0.1566 0.0252 0.0475 0.0126 0.0241 0.0033 0.0113 0.1348 0.1607
190 0.0108 0.0025 0.0013 0.0013 5e-04 3e-04 0.2413 0.1191 0.0108 0.0023 0.0014 0.0015 5e-04 2e-04 0.242 0.1187 0.0122 0.0058 0.0082 0.0096 0.0053 0.0326 0.1616 0.1375
29 6e-04 0.011 0.0029 0.0032 0.0011 0.0029 0.0832 0.135 6e-04 0.0109 0.0031 0.0035 0.0013 0.003 0.0831 0.1348 0.0034 0.0164 6e-04 0.0199 0.0021 0.0163 0.0955 0.1386
549 0.0492 0.0043 2e-04 0.001 0.0028 0.0025 0.1395 0.0822 0.0492 0.0041 2e-04 9e-04 0.0026 0.0028 0.1397 0.0821 0.0539 0.0111 0.0053 0.0311 0.0017 0.0113 0.147 0.1008
130 0.0091 0.0053 0.0127 0.0142 0.028 0.0286 0.1215 0.1387 0.0092 0.0054 0.0145 0.0159 0.0282 0.0288 0.1219 0.1389 0.01 0.0107 0.0041 0.007 0.0084 0.0142 0.1089 0.1687
99 0.0027 0.0077 0.0069 0.0085 6e-04 5e-04 0.1198 0.1785 0.0028 0.0076 0.0075 0.0091 6e-04 6e-04 0.1197 0.1787 0.0035 0.0138 0.0113 0.0122 0.0025 0.0105 0.1248 0.1642
490 0.0089 0.0057 0.0021 0.003 0.002 0.0026 0.0868 0.1235 0.0089 0.0059 0.0017 0.0023 0.0027 0.0033 0.0863 0.1236 0.0106 0.0142 0.0105 0.0141 0.0104 0.0121 0.0871 0.1538
520 0.0043 0.0203 0.0016 0.0019 0.0045 0.0047 0.1359 0.1874 0.0043 0.0203 0.0021 0.0024 0.0044 0.0046 0.1358 0.1876 0.0092 0.0182 0.0026 0.0046 0.018 0.033 0.1227 0.1782
330 0.001 0.0149 9e-04 0.0022 0.0096 0.0111 0.1095 0.1567 0.001 0.0143 7e-04 0.002 0.0099 0.0111 0.1096 0.1554 0.0026 0.0216 0.0226 0.0439 0.0356 0.0543 0.14 0.165
299 0.006 0.0258 0.0192 0.019 0.0036 0.0041 0.1241 0.0984 0.006 0.0258 0.0191 0.0189 0.0033 0.004 0.1251 0.0984 0.008 0.0255 0.0284 0.0319 8e-04 0.0099 0.1154 0.1059
180 0.012 0.0013 0.0029 0.0039 5e-04 0.0019 0.1436 0.1201 0.0121 0.0013 0.003 0.0038 3e-04 0.0016 0.145 0.1199 0.0151 0.0038 0.015 0.0154 0.0129 0.0378 0.1292 0.1294
399 0.0586 0.0186 0.0016 0.0018 0.0064 0.0072 0.1819 0.1076 0.0583 0.0185 0.0018 0.0019 0.0056 0.0061 0.1827 0.1075 0.0626 0.019 0.0094 0.0081 0.0164 0.0309 0.1586 0.115
360 0.0194 0.0345 0.0032 0.0043 0.0011 0.0016 0.0943 0.1262 0.0195 0.0339 0.0028 0.0036 3e-04 4e-04 0.094 0.1278 0.024 0.0363 0.0015 0.0096 0.0102 0.0068 0.1001 0.1285
388 0.0026 0.0083 2e-04 0.0125 9e-04 0.0024 0.1119 0.1126 0.0037 0.0083 1e-04 0.0103 5e-04 0.0019 0.1125 0.1125 0.0097 0.0125 0.001 0.0122 0.0092 0.013 0.1147 0.1187
510 0.0217 0.0244 0.044 0.0441 9e-04 0.0011 0.3081 0.1068 0.0217 0.0243 0.048 0.0477 0.0015 0.0017 0.3046 0.1068 0.0255 0.0261 0.0062 0.0069 0.0028 0.0076 0.2117 0.113
228 0.0113 0.0036 0.0152 0.0491 0.0137 0.014 0.1119 0.1331 0.0113 0.0032 0.016 0.0533 0.0121 0.0121 0.1134 0.1325 0.0114 0.0137 0.0151 0.0667 0.0038 0.0176 0.1273 0.1549
550 0.005 0.0281 8e-04 0.0022 0.0079 0.0087 0.1734 0.1341 0.0049 0.0281 0.0012 0.0026 0.0078 0.0085 0.1733 0.1342 0.0119 0.028 0.0226 0.0232 0.0073 0.0136 0.1465 0.1596
479 0.0114 0.0189 2e-04 0.0027 0.0173 0.0181 0.1407 0.1273 0.0114 0.0189 2e-04 0.0026 0.0169 0.0175 0.1407 0.127 0.0133 0.027 0.0071 0.0138 0.0034 0.0146 0.1323 0.1408
491 0.0064 0.0533 0.014 0.014 0.0186 0.0196 0.0942 0.1316 0.0064 0.0534 0.0141 0.0141 0.018 0.019 0.0941 0.1315 0.0088 0.0594 0.0062 0.0068 0.031 0.0332 0.0907 0.1426
339 0.0016 0.0041 0.001 9e-04 0.0015 0.0022 0.1631 0.1396 0.0016 0.0042 0.0012 0.0012 0.0019 0.0028 0.1626 0.1399 0.0059 0.0075 3e-04 0.003 0.0081 0.0175 0.1517 0.1429
250 0.0172 5e-04 0.0199 0.0235 5e-04 3e-04 0.1041 0.1365 0.0172 5e-04 0.0163 0.0206 5e-04 3e-04 0.1043 0.1364 0.0236 0.0039 0.0382 0.0544 0.0184 0.015 0.1043 0.1497
319 2e-04 0.0095 0.0124 0.0132 0.0022 0.0027 0.1199 0.122 2e-04 0.0095 0.0132 0.0135 0.0023 0.0025 0.1203 0.1212 0.0022 0.0131 0.0114 0.013 0.0029 0.0181 0.1129 0.1261
439 0.0096 0.009 0.0046 0.005 0.0022 0.002 0.133 0.1138 0.0094 0.009 0.0058 0.0066 0.002 0.0018 0.1321 0.1138 0.0171 0.0164 0.0161 0.0169 0.0219 0.0355 0.1291 0.1138
241 0.0086 0.0012 0.0014 0.0018 8e-04 0.0013 0.2465 0.131 0.0086 0.0012 0.0014 0.0018 5e-04 0.001 0.2466 0.1309 0.0117 0.0031 0.0026 0.0067 0.0093 0.0065 0.1872 0.1474
290 0.0018 0.0097 6e-04 8e-04 0.0013 0.0016 0.1118 0.111 0.0018 0.0099 0.0011 0.0013 0.0016 0.0018 0.1118 0.1115 0.0022 0.0159 6e-04 0.0019 0.0051 0.0191 0.1022 0.1296
89 0.0264 0.0342 0.0021 0.0024 8e-04 7e-04 0.1416 0.1057 0.0265 0.0344 0.0023 0.0028 0.0013 0.0012 0.1412 0.1056 0.032 0.0353 0.0038 0.0049 0.0063 0.0134 0.1517 0.1054
420 0.0057 0.0166 2e-04 0.0055 0.0169 0.0176 0.0934 0.1503 0.0057 0.0163 3e-04 0.0051 0.0172 0.0179 0.0929 0.15 0.0094 0.0184 0.0032 0.0581 0.0098 0.0219 0.1168 0.1437
270 0.0308 6e-04 0.0022 0.0026 0.0017 0.0033 0.17 0.1446 0.0308 6e-04 0.0023 0.0026 0.0022 0.0044 0.1702 0.1443 0.0337 0.0024 0.0011 0.0091 0.0019 0.0181 0.1498 0.1445
159 0.0013 0.0635 0.0019 0.002 0.008 0.0291 0.1088 0.1113 0.0013 0.0636 0.002 0.0023 0.0089 0.0325 0.1089 0.1134 0.0038 0.0755 0.0311 0.0344 0.025 0.2399 0.1075 0.2093
140 0.0378 0.0075 3e-04 4e-04 4e-04 0.0013 0.1154 0.1412 0.038 0.0073 2e-04 7e-04 4e-04 0.0011 0.1148 0.1416 0.0456 0.013 0.0028 0.0101 0.0033 0.0115 0.104 0.1452
551 0.0066 6e-04 0.0162 0.0159 0.0079 0.0083 0.1513 0.132 0.0066 6e-04 0.0161 0.0158 0.008 0.0083 0.1511 0.1321 0.0122 0.0035 0.0259 0.0531 0.002 0.0112 0.1425 0.1403
19 0.0014 0.01 9e-04 8e-04 0.0018 0.0043 0.1234 0.1435 0.0014 0.0099 7e-04 7e-04 0.0015 0.003 0.1235 0.1431 0.0024 0.0102 0.0079 0.0124 0.0047 0.0145 0.1212 0.1382
461 0.0192 0.0602 0.0056 0.0059 0.0098 0.01 0.1698 0.1089 0.0192 0.0602 0.0043 0.0044 0.0107 0.011 0.1712 0.1088 0.0226 0.0612 0.0029 0.0059 0.0126 0.0093 0.1625 0.1149
331 0.0037 0.0012 5e-04 0.0018 0.0203 0.0218 0.1058 0.1435 0.0037 0.0012 5e-04 0.0018 0.0211 0.0225 0.1058 0.1433 0.0062 0.0046 0.0044 0.0145 0.0137 0.0193 0.1332 0.1428
370 0.0107 0.0689 1e-04 3e-04 0.0045 0.005 0.4289 0.1261 0.0108 0.069 1e-04 3e-04 0.0035 0.0039 0.4304 0.1259 0.0106 0.0766 0.0143 0.0147 0.0114 0.0144 0.2772 0.1408
150 0.0021 0.0357 0.0036 0.0034 0.0012 0.0026 0.1665 0.1002 0.002 0.0353 0.0033 0.003 0.0012 0.0027 0.1665 0.101 0.0038 0.035 0.0081 0.0194 0.0032 8e-04 0.1533 0.1028
511 0.013 8e-04 5e-04 0.001 0.0129 0.0162 0.1922 0.1154 0.0131 8e-04 7e-04 0.0012 0.0121 0.0153 0.1924 0.1154 0.0211 0.0021 0.0211 0.0337 0.0129 0.0302 0.2177 0.1087
191 8e-04 0.0085 0.0096 0.0094 0.0039 0.0046 0.082 0.167 7e-04 0.0084 0.0091 0.009 0.0027 0.0035 0.082 0.1681 0.0067 0.0104 0.0068 0.0127 0.0031 0.0087 0.0999 0.1642
201 0.0075 0.0102 0.0143 0.0158 0.0024 0.0037 0.122 0.1195 0.0075 0.0103 0.0149 0.0164 0.0024 0.0037 0.122 0.1195 0.0102 0.013 0.0013 0.007 0.0171 0.0203 0.1139 0.111
10 0.0047 0.0344 0.0254 0.0261 0.0039 0.0042 0.0946 0.1094 0.0047 0.0344 0.0255 0.0263 0.0045 0.0049 0.0947 0.1095 0.008 0.0423 0.0193 0.0425 0.0116 0.0218 0.1004 0.1179
261 0.0329 7e-04 0.0071 0.0082 0.0139 0.0156 0.1121 0.1129 0.0328 7e-04 0.0063 0.0075 0.0131 0.0148 0.1122 0.1129 0.0346 0.0018 0.0017 0.0085 0.0082 0.0163 0.1102 0.1066
171 0.0013 0.0204 0.0023 0.0033 0.012 0.0126 0.0872 0.1395 0.0013 0.0205 0.0026 0.0035 0.0143 0.015 0.0873 0.1397 0.0098 0.0233 0.003 0.0446 0.0104 0.0106 0.1094 0.1378
109 0.0025 0.0103 8e-04 0.0011 0.0052 0.0098 0.1685 0.1604 0.0026 0.0102 8e-04 0.001 0.0058 0.0106 0.1686 0.1606 0.0064 0.0118 0.0136 0.015 0.0142 0.0514 0.1484 0.1789
120 0.0168 0.0374 5e-04 0.0275 0.0037 0.0051 0.3177 0.1379 0.0168 0.0372 5e-04 0.0209 0.0028 0.0041 0.3234 0.1378 0.0189 0.0397 0.0094 0.0481 0.0037 0.0301 0.2431 0.1572
311 0.0032 0.0012 0.0026 0.0028 3e-04 7e-04 0.1453 0.0986 0.0032 0.0012 0.0016 0.0019 4e-04 8e-04 0.1454 0.0987 0.005 0.006 0.0018 5e-04 0.0024 0.0203 0.1284 0.1287
529 0.0027 0.0299 0.0093 0.0169 0.0015 0.0016 0.1838 0.1127 0.0027 0.0301 0.0091 0.0172 0.0015 0.0016 0.1838 0.1126 0.007 0.0367 0.0122 0.0464 0.0039 0.0113 0.1591 0.1444
251 0.0122 0.0162 0.0082 0.0077 0.0139 0.0145 0.1105 0.1014 0.0122 0.0162 0.0078 0.0073 0.0157 0.0163 0.1107 0.1015 0.0151 0.0165 6e-04 0.0018 0.0108 0.0208 0.1128 0.1121
300 0.0051 0.0184 0.0038 0.0043 0.0101 0.0109 0.1838 0.1424 0.0051 0.0184 0.0036 0.0042 0.009 0.0098 0.1843 0.1423 0.0079 0.0215 0.0093 0.0202 0.0027 0.0149 0.1369 0.1417
291 0.0021 0.0222 0.0054 0.0057 0.0013 0.0014 0.0948 0.1102 0.0021 0.0224 0.0037 0.0039 0.0014 0.0014 0.0948 0.1102 0.0034 0.023 0.0037 0.0193 0.0068 0.0095 0.1047 0.1308
30 0.0094 0.1159 0.0251 0.0251 7e-04 0.0012 0.0913 0.1366 0.0094 0.1158 0.0288 0.0288 6e-04 0.0012 0.0913 0.1365 0.0104 0.1279 0.0151 0.0151 0.0022 0.0129 0.087 0.1395
501 0.0079 0.0111 0.0011 0.0011 0.0089 0.0118 0.1122 0.1439 0.0079 0.011 9e-04 9e-04 0.0086 0.0103 0.1122 0.1441 0.0097 0.0129 0.004 0.0103 0.0171 0.0276 0.1238 0.1412
219 0.0012 0.0067 0.0112 0.0339 2e-04 0.0013 0.1246 0.1203 0.0011 0.0066 0.0155 0.0524 2e-04 9e-04 0.1281 0.1203 0.0032 0.0088 0.0182 0.0409 0.0018 0.0346 0.128 0.1252
320 0.0137 0.0251 0.0291 0.0304 3e-04 6e-04 0.1313 0.1443 0.0137 0.025 0.0298 0.0311 3e-04 6e-04 0.1312 0.1439 0.0173 0.0299 0.0355 0.0422 0.0058 0.0011 0.1292 0.1302
462 0.0073 0.0031 0.0077 0.0079 0.0015 0.0021 0.1579 0.1674 0.0074 0.003 0.0078 0.008 0.0011 0.0016 0.1578 0.1674 0.0131 0.006 0.0129 0.0202 0.0117 0.0081 0.158 0.1709
400 0.005 0.0217 2e-04 0.001 0.0116 0.0136 0.1102 0.1844 0.0056 0.0216 3e-04 0.0011 0.0129 0.0152 0.1111 0.1849 0.008 0.0246 0.0019 0.0216 0.0136 0.0342 0.1085 0.1889
429 0.0158 0.01 0.0073 0.0071 0.001 0.0058 0.1305 0.1262 0.0158 0.0102 0.0056 0.0055 0.001 0.0054 0.1302 0.1265 0.0175 0.0121 0.0147 0.0106 0.0022 0.0121 0.1305 0.1328
100 0.0039 0.0178 0.0014 0.0014 9e-04 6e-04 0.0929 0.1425 0.0038 0.0179 0.0011 0.0012 9e-04 5e-04 0.093 0.1423 0.0065 0.0185 0.0142 0.0156 0.0049 0.0039 0.1005 0.1326
11 0.0123 0.0203 0.002 0.0027 3e-04 0.0012 0.1038 0.1211 0.0123 0.0204 0.0022 0.0028 2e-04 0.001 0.1038 0.1206 0.0149 0.0216 0.0144 0.0104 0.0017 0.0034 0.1092 0.1244
512 0.0226 0.0115 0.005 0.0054 0.0075 0.0084 0.1337 0.1413 0.0226 0.0115 0.0045 0.0049 0.008 0.0089 0.1336 0.1416 0.0252 0.019 0.0067 0.0085 0.0142 0.0423 0.1229 0.1538
278 0.066 0.098 0.0013 0.0234 0.0061 0.0141 0.1539 0.1302 0.0657 0.0978 0.0017 0.0219 0.0058 0.0127 0.153 0.1296 0.0699 0.0947 0.011 0.0163 0.0128 0.0201 0.1464 0.1423
71 0.0174 0.0997 0.001 0.0184 8e-04 0.0012 0.1508 0.1197 0.0176 0.0996 7e-04 0.0238 9e-04 0.0012 0.1506 0.1198 0.019 0.0954 5e-04 0.0427 0.0013 0.0245 0.1541 0.1108
181 0.0192 0.0372 0.0239 0.0257 0.0017 0.0019 0.1131 0.1104 0.0192 0.0372 0.0242 0.0258 0.0018 0.002 0.1131 0.1104 0.0247 0.0412 0.0094 0.0209 0.0164 0.0301 0.1213 0.1556
252 0.0093 0.0381 0.006 0.0061 0.0048 0.0054 0.1403 0.1044 0.0093 0.0381 0.006 0.0061 0.0049 0.0054 0.1399 0.1048 0.0158 0.0418 0.012 0.0681 0.0093 0.0156 0.1492 0.1168
49 9e-04 0.0355 0.0124 0.0221 0.0061 0.0079 0.1288 0.121 8e-04 0.0354 0.013 0.0193 0.0056 0.008 0.1306 0.1206 0.0054 0.036 0.0104 0.0119 0.0022 0.0073 0.1135 0.1065
209 0.0134 0.0052 0.0021 0.0029 7e-04 7e-04 0.1161 0.1493 0.0133 0.0052 0.0018 0.0025 9e-04 9e-04 0.1161 0.1492 0.0181 0.0041 0.0027 0.0046 0.0116 0.015 0.1219 0.1334
449 0.0126 0.116 0.0033 0.0045 0.0059 0.0059 0.0959 0.1163 0.0125 0.116 0.0036 0.0043 0.0056 0.0057 0.0956 0.1165 0.0164 0.1074 9e-04 0.0026 0.0296 0.0327 0.0983 0.1145
389 0.0026 0.0146 0.0027 0.003 0.0138 0.0153 0.0758 0.1381 0.0026 0.015 0.003 0.0032 0.013 0.0154 0.0759 0.1391 0.0045 0.0179 0.0031 0.0085 0.0039 0.047 0.0884 0.1604
59 0.0249 0.0144 5e-04 9e-04 0.0105 0.0115 0.0837 0.12 0.0247 0.0144 0.001 0.0012 0.0114 0.0124 0.0838 0.1199 0.0254 0.0143 7e-04 0.0025 0.0366 0.0448 0.0825 0.1417
371 7e-04 0.0279 0.0092 0.0097 0.0013 0.0016 0.1752 0.16 7e-04 0.028 0.0091 0.0096 0.0014 0.0016 0.1751 0.1596 0.0045 0.0286 0.0014 0.0027 0.0044 0.008 0.1487 0.1457
90 0.0214 0.0084 3e-04 8e-04 0.0086 0.0117 0.1236 0.1033 0.0214 0.0083 6e-04 0.0012 0.0079 0.0111 0.1235 0.1033 0.0266 0.0075 0.0044 0.0044 0.0017 0.0013 0.1166 0.1058
379 0.0411 0.007 0.0027 0.004 0.0255 0.0271 0.1002 0.113 0.0411 0.0069 0.0017 0.0024 0.0276 0.0293 0.0999 0.113 0.043 0.0151 0.0032 0.0025 0.0247 0.0278 0.1041 0.1232
101 0.0334 0.0125 6e-04 5e-04 0.0017 0.0018 0.1025 0.0942 0.0334 0.0124 7e-04 6e-04 0.0011 0.0013 0.1026 0.0945 0.0353 0.0144 0.0078 0.0078 0.0028 0.0265 0.1076 0.1222
540 0.007 0.0106 0.0099 0.0137 0.0014 0.002 0.1287 0.0885 0.007 0.0106 0.0092 0.0115 0.0017 0.0022 0.1285 0.0886 0.0102 0.0097 0.0201 0.0681 0.0045 0.0172 0.1586 0.1233
192 0.0231 0.0144 0.0024 0.0044 0.004 0.0047 0.1324 0.1403 0.0232 0.0145 0.0021 0.0039 0.0032 0.0038 0.1328 0.1401 0.0246 0.02 0.0014 0.0035 0.0034 0.0198 0.113 0.144
80 0.0067 0.0223 3e-04 0.0041 6e-04 0.0013 0.1714 0.1308 0.007 0.0224 4e-04 0.005 0.0022 0.0025 0.1713 0.1303 0.0097 0.0218 0.005 0.0052 0.0037 0.0077 0.1649 0.1352
121 0.0585 0.0214 8e-04 0.0018 4e-04 0.0012 0.217 0.1157 0.0585 0.0215 8e-04 0.0019 4e-04 0.0013 0.217 0.1158 0.0667 0.024 0.0122 0.0595 0.0056 0.0335 0.2216 0.1526
421 0.0211 0.016 0.0105 0.0117 0.0051 0.0049 0.1321 0.1805 0.019 0.0162 0.0077 0.009 0.0051 0.005 0.1348 0.1804 0.0256 0.0179 9e-04 0.0029 0.0031 0.0065 0.1237 0.1576
131 0.0048 0.0031 0.0069 0.0069 0.0078 0.0087 0.1243 0.129 0.0047 0.003 0.0075 0.0076 0.0076 0.0085 0.1243 0.1289 0.0131 0.0093 0.0131 0.0212 0.0198 0.0296 0.1224 0.127
361 0.0051 0.0073 0.0014 0.0021 0.0171 0.02 0.1269 0.1642 0.005 0.0071 0.0011 0.0017 0.0184 0.0219 0.1268 0.1651 0.0072 0.011 0.0065 0.0045 0.0089 0.0322 0.1241 0.1914
530 0.0224 0.0088 0.0186 0.0196 3e-04 6e-04 0.1494 0.1015 0.0224 0.0086 0.0163 0.0173 6e-04 9e-04 0.1492 0.1026 0.0254 0.0099 0.0041 0.0131 0.0051 0.0065 0.1382 0.1289
410 0.0043 0.0114 0.0242 0.0251 0.0025 0.0084 0.2145 0.1389 0.0043 0.0115 0.0246 0.0253 0.0027 0.0064 0.2156 0.1372 0.0091 0.0124 0.0221 0.0211 0.0035 0.0167 0.2033 0.1343
440 6e-04 0.0039 0.0641 0.0636 0.0133 0.0147 0.1035 0.1809 6e-04 0.0039 0.0605 0.06 0.012 0.0133 0.1033 0.1809 0.0035 0.0111 0.0188 0.0423 0.037 0.0805 0.1199 0.2333
552 0.0136 0.0013 1e-04 0.0016 0.0018 0.0032 0.161 0.1061 0.0135 0.0013 1e-04 0.0016 0.0015 0.0028 0.1611 0.1057 0.0209 0.0029 7e-04 0.0212 0.0024 0.0176 0.1142 0.1115
351 0.0162 0.0035 4e-04 0.001 0.0231 0.0268 0.109 0.1948 0.0163 0.0031 2e-04 9e-04 0.0232 0.0275 0.1092 0.1951 0.0208 0.0091 7e-04 0.0376 0.0082 0.0354 0.1213 0.2084
470 0.0326 0.045 0.0046 0.008 8e-04 0.0029 0.0961 0.1159 0.0327 0.0451 0.0044 0.0072 8e-04 0.0023 0.0964 0.1158 0.0349 0.0491 0.0013 0.0064 0.0052 0.0079 0.0963 0.1254
513 0.0178 0.0521 0.0033 0.0034 0.0095 0.0107 0.1486 0.1202 0.0178 0.052 0.0012 0.0014 0.0089 0.0099 0.1488 0.1202 0.0235 0.0528 0.0046 0.0211 0.0024 0.0054 0.1475 0.1194
172 0.0047 0.0206 0.0031 0.0034 0.0014 0.0019 0.081 0.1434 0.0044 0.0205 0.0029 0.0033 0.0015 0.0019 0.0806 0.1435 0.011 0.021 0.0148 0.0127 0.0062 0.0024 0.0933 0.1393
40 0.0277 0.0399 8e-04 0.0013 0.0074 0.0085 0.1385 0.1135 0.0276 0.0392 8e-04 0.0014 0.0075 0.0084 0.1384 0.1128 0.0327 0.043 0.0014 0.0132 0.0056 0.009 0.1427 0.119
141 0.0059 0.0137 0.0169 0.0166 2e-04 2e-04 0.1321 0.1177 0.0059 0.0136 0.0149 0.0147 2e-04 2e-04 0.1323 0.1177 0.0087 0.0194 0.0089 0.0097 0.0075 0.0079 0.1168 0.122
390 0.01 0.0023 0.0011 0.0025 0.0013 0.0016 0.1164 0.1571 0.01 0.0023 0.0015 0.0029 0.0018 0.0022 0.1163 0.1571 0.018 0.0043 0.0011 0.0014 0.007 0.0244 0.1046 0.1561
271 0.0094 0.0207 0.0109 0.0111 2e-04 4e-04 0.1961 0.1013 0.0094 0.0206 0.0104 0.0107 2e-04 3e-04 0.1961 0.1013 0.0161 0.0248 0.0025 0.0027 0.0024 0.0065 0.1715 0.0977
480 0.0024 0.001 0.049 0.0489 0.0027 0.0033 0.2744 0.1333 0.0024 0.001 0.0462 0.0464 0.0029 0.0034 0.2723 0.1336 0.0025 0.0027 0.0596 0.0637 0.0038 0.0095 0.2427 0.119
301 0.0096 0.0181 0.004 0.0044 0.0129 0.0134 0.1157 0.1301 0.0096 0.018 0.0043 0.0046 0.0151 0.0157 0.1157 0.1301 0.0182 0.0249 0.0095 0.0145 0.0082 0.0155 0.1315 0.1494
160 0.0065 0.0181 0.0032 0.004 0.0565 0.0581 0.1111 0.1165 0.0065 0.0181 0.0038 0.0041 0.055 0.0565 0.1111 0.1164 0.0067 0.0253 0.0013 0.0141 0.0402 0.0459 0.1122 0.1162
312 0.005 0.0876 0.0021 0.0028 0.0136 0.0144 0.0898 0.1534 0.005 0.0876 0.0022 0.0029 0.0139 0.0146 0.0897 0.1532 0.0082 0.0895 0.0019 0.0049 0.0057 0.0221 0.0919 0.1592
81 0.012 0.043 5e-04 4e-04 5e-04 0.0024 0.1751 0.1374 0.0121 0.0429 4e-04 3e-04 5e-04 0.0024 0.1749 0.1375 0.0171 0.0448 0.0019 0.0035 0.0102 0.0314 0.1457 0.1366
193 0.0072 0.0129 3e-04 0.0012 0.0033 0.0038 0.2199 0.1313 0.0071 0.0129 2e-04 0.0011 0.0033 0.0038 0.2195 0.1313 0.0095 0.0161 1e-04 0.0089 0.0037 0.016 0.166 0.1448
20 0.0023 0.0182 0.0029 0.0056 0.0011 0.0014 0.1347 0.1325 0.0023 0.0182 0.0019 0.0044 0.001 0.0013 0.1346 0.1324 0.0077 0.0218 0.0023 0.0017 0.0132 0.1111 0.131 0.1972
110 0.0016 0.0115 0.0023 0.0028 0.01 0.0104 0.1084 0.1395 0.0016 0.0115 0.0026 0.0034 0.0088 0.0093 0.1077 0.1397 0.0072 0.0129 0.0077 0.0102 0.0165 0.0205 0.1036 0.1349
463 0.0119 0.0151 0.0093 0.0106 0.0057 0.0058 0.1195 0.113 0.012 0.015 0.0096 0.0107 0.0062 0.0064 0.1192 0.1133 0.0191 0.0148 0.0044 0.0099 0.0165 0.0171 0.1293 0.119
242 0.0038 5e-04 0.0053 0.0051 0.0035 0.0031 0.1382 0.1006 0.0038 5e-04 0.0068 0.0067 0.0039 0.0036 0.139 0.1007 0.0074 0.0057 0.0318 0.0392 0.0148 0.0129 0.1264 0.1207
102 0.0091 0.0131 4e-04 0.002 9e-04 0.0013 0.1485 0.113 0.0091 0.013 1e-04 0.0017 9e-04 0.0014 0.1482 0.1129 0.0191 0.02 0.0014 0.0016 0.0098 0.0139 0.1413 0.1217
279 0.0093 0.0109 0.0024 0.0033 4e-04 0.0013 0.0832 0.1 0.0093 0.0109 0.0024 0.0033 4e-04 0.0013 0.0832 0.0999 0.0134 0.014 0.0179 0.0234 0.0029 0.0104 0.0923 0.0953
430 0.0103 0.0073 5e-04 0.0011 0.002 0.003 0.0916 0.1238 0.0104 0.0084 3e-04 7e-04 0.0024 0.0037 0.0916 0.1242 0.0143 0.0115 9e-04 0.0033 0.0111 0.0277 0.103 0.1282
362 0.0204 0.0172 8e-04 9e-04 0.0112 0.0116 0.1496 0.1312 0.0204 0.0172 8e-04 0.001 0.0103 0.0106 0.1497 0.131 0.0224 0.0235 9e-04 0.0042 0.0108 0.0117 0.1287 0.1349
521 0.0165 0.0323 0.0101 0.0188 0.0012 0.002 0.2758 0.1285 0.0148 0.0324 0.0106 0.018 0.0013 0.0021 0.2786 0.1287 0.0181 0.0364 0.0042 0.0222 0.0073 0.0058 0.1787 0.1494
151 0.0082 0.0096 1e-04 0.0051 0.0107 0.0123 0.1334 0.1029 0.0082 0.0094 1e-04 0.0052 0.0109 0.0125 0.1334 0.1026 0.0121 0.0108 0.0152 0.0155 0.0107 0.0164 0.1255 0.1136
142 0.0087 0.0284 0.0038 0.0049 0.0097 0.0111 0.1087 0.1081 0.0087 0.0285 0.004 0.005 0.0097 0.0111 0.1086 0.1081 0.0134 0.029 3e-04 0.0069 0.0037 0.0094 0.1185 0.1107
302 0.0013 0.0015 0.0013 0.0011 0.004 0.0043 0.2266 0.1259 0.0013 0.0015 0.0013 0.001 0.0035 0.0039 0.2266 0.1261 0.0019 0.0064 0.0057 0.0218 0.0083 0.0181 0.19 0.1297
502 0.0106 0.0126 0.0119 0.0119 0.0023 0.0027 0.1085 0.1167 0.0105 0.0126 0.0102 0.0102 0.0025 0.0029 0.1082 0.1168 0.015 0.0151 0.0024 0.0552 0.0099 0.0092 0.1517 0.1277
332 0.0069 0.0047 3e-04 3e-04 0.0028 0.0038 0.1834 0.1457 0.0072 0.0047 2e-04 3e-04 0.0033 0.0041 0.1842 0.1454 0.0114 0.0097 0.0055 0.0085 0.0095 0.0203 0.1574 0.1584
514 0.0415 0.026 0.0052 0.0068 0.0051 0.0053 0.1795 0.113 0.0416 0.026 0.0045 0.006 0.0051 0.0052 0.1801 0.1131 0.0455 0.0245 0.0015 0.0046 0.0218 0.0202 0.152 0.1274
182 0.0115 0.0014 0.001 0.0014 0.0067 0.0083 0.1767 0.1296 0.0115 0.0013 0.0017 0.002 0.0069 0.0085 0.1766 0.1294 0.0163 0.0073 0.003 0.0054 0.0044 0.0034 0.153 0.126
229 0.0068 0.0124 0.0155 0.0218 0.0126 0.0141 0.1594 0.1322 0.0068 0.0124 0.0165 0.021 0.0134 0.0148 0.1594 0.1324 0.0129 0.0219 8e-04 0.0048 0.0056 0.0124 0.1489 0.1404
72 0.0205 0.0182 0.0034 0.0036 0.0071 0.0088 0.0875 0.1403 0.0208 0.0183 0.0035 0.0038 0.0088 0.0105 0.0875 0.1402 0.0204 0.0246 0.0065 0.0145 0.0122 0.0253 0.0956 0.1359
321 0.0229 0.0053 0.0021 0.0026 0.0055 0.0055 0.1027 0.1399 0.0205 0.0053 0.0027 0.0036 0.0046 0.0046 0.0999 0.1395 0.023 0.0072 0.0056 0.0156 0.0024 0.0076 0.1151 0.125
292 0.0084 0.04 0.0014 0.0017 0.004 0.0044 0.0996 0.1503 0.0084 0.0401 0.0013 0.0015 0.0039 0.0043 0.0996 0.1502 0.0104 0.042 3e-04 0.0014 0.0069 0.0128 0.0935 0.1383
111 0.0064 0.0435 9e-04 0.0012 0.001 0.0013 0.1528 0.1148 0.0064 0.0435 7e-04 0.001 0.0015 0.0018 0.1525 0.1149 0.0084 0.0426 0.0011 0.0015 0.0061 0.0063 0.1355 0.1143
220 0.0148 0.003 0.0125 0.0139 0.0169 0.0244 0.1137 0.1164 0.0148 0.0025 0.0143 0.0156 0.0193 0.0253 0.1137 0.1142 0.016 0.0078 0.0035 0.0331 0.0167 0.0293 0.1063 0.122
253 0.0034 0.0073 0.0115 0.0118 0.027 0.0281 0.1452 0.1054 0.0033 0.0061 0.0118 0.0122 0.0275 0.0287 0.1471 0.1042 0.0081 0.0115 0.0019 0.0277 0.0111 0.0155 0.1045 0.1123
431 0.0019 0.0207 0.0064 0.0063 3e-04 0.0012 0.1807 0.1439 0.0019 0.0206 0.0081 0.008 8e-04 0.0017 0.1806 0.1438 0.0045 0.0244 0.0082 0.0156 0.0043 0.0227 0.1355 0.1482
31 0.0017 0.0053 0.0118 0.0119 0.0043 0.0078 0.298 0.1328 0.0017 0.0041 0.0092 0.0092 0.0048 0.0079 0.2979 0.1312 0.0055 0.0152 0.032 0.0382 0.0057 0.0422 0.2468 0.1507
243 0.0073 0.0063 0.0281 0.0286 0.009 0.0097 0.094 0.1141 0.0072 0.0064 0.0288 0.0294 0.0079 0.0085 0.094 0.1142 0.0084 0.0088 0.0149 0.0107 0.0077 0.029 0.1113 0.124
202 0.0272 0.0406 0.0027 0.0032 0.0038 0.0059 0.0989 0.1307 0.0272 0.0405 0.0024 0.003 0.0043 0.0063 0.0988 0.1303 0.032 0.0446 0.001 0.0022 0.017 0.0857 0.0926 0.1924
492 0.0155 0.0093 0.0162 0.0583 4e-04 0.0019 0.1517 0.1417 0.0156 0.0099 0.0127 0.0515 4e-04 0.0019 0.1507 0.1417 0.0215 0.0162 0.0119 0.0602 0.0034 0.0962 0.1291 0.1803
531 0.0084 0.0107 7e-04 0.0023 0.0038 0.0039 0.1466 0.1215 0.0084 0.0107 6e-04 0.0023 0.0033 0.0034 0.1466 0.1214 0.0106 0.0163 0.0039 0.0041 0.0037 0.0037 0.1377 0.1078
503 0.0107 0.0116 0.0126 0.0142 0.0069 0.0075 0.1292 0.113 0.0108 0.0115 0.0128 0.0144 0.0066 0.0071 0.1289 0.1128 0.0157 0.0134 0.0027 0.0141 0.0095 0.0425 0.1264 0.1433
372 0.0177 0.0282 0.0021 0.0022 3e-04 0.0015 0.1451 0.1287 0.0176 0.0286 0.0033 0.0034 4e-04 0.0015 0.1453 0.1293 0.0206 0.0355 0.0025 0.002 0.0037 0.035 0.1295 0.1574
481 0.0263 0.014 0.0028 0.0028 0.0024 0.0026 0.1147 0.1266 0.0262 0.014 0.0027 0.0027 0.0026 0.0028 0.1148 0.1266 0.0318 0.021 0.0018 0.0046 0.0082 0.0186 0.1045 0.1424
210 0.0131 9e-04 1e-04 5e-04 0.0026 0.0032 0.1666 0.1145 0.0129 9e-04 1e-04 7e-04 0.0027 0.0032 0.1673 0.1143 0.019 0.0063 2e-04 0.0012 0.0012 0.0103 0.1556 0.1237
522 0.024 0.0035 0.0023 0.0021 0.0033 0.004 0.1009 0.1512 0.023 0.0032 0.0026 0.0027 0.0022 0.003 0.1014 0.1511 0.029 0.01 3e-04 0.0021 0.0076 0.0194 0.0989 0.1507
50 0.0041 0.0104 7e-04 0.0011 0.0036 0.0046 0.1961 0.1222 0.0042 0.0104 7e-04 0.0011 0.0028 0.0038 0.1961 0.1222 0.0055 0.0145 8e-04 0.0034 0.0111 0.0131 0.1497 0.1068
183 0.0016 0.0138 0.0075 0.0079 9e-04 0.0014 0.1291 0.1139 0.0016 0.0138 0.008 0.0085 7e-04 0.0012 0.1291 0.1139 0.0019 0.0149 2e-04 0.0066 0.0011 0.0142 0.1089 0.1247
411 0.0298 0.0313 0.0012 0.0024 0.0094 0.0099 0.1432 0.1581 0.0297 0.0314 0.0021 0.0038 0.0087 0.0091 0.1433 0.1578 0.034 0.0338 8e-04 0.01 0.0028 0.0158 0.1341 0.1653
401 0.0254 0.0085 0.0189 0.0196 0.0013 0.005 0.2232 0.1354 0.0252 0.0085 0.0208 0.0217 0.0013 0.0044 0.2221 0.1355 0.0246 0.0111 0.0258 0.042 0.004 0.0068 0.165 0.1254
441 0.0129 0.0468 0.002 0.0019 3e-04 7e-04 0.1278 0.086 0.0129 0.0471 0.002 0.0019 4e-04 7e-04 0.128 0.0858 0.022 0.0484 0.0106 0.011 0.0155 0.0475 0.1138 0.1168
132 0.0456 0.0295 8e-04 7e-04 0.0085 0.009 0.1547 0.1307 0.0446 0.0304 0.001 7e-04 0.009 0.0096 0.1541 0.1315 0.0443 0.0381 0.0013 9e-04 0.0042 0.0269 0.1204 0.1436
450 0.0275 0.0728 0.0175 0.0173 8e-04 9e-04 0.1004 0.1157 0.0274 0.0729 0.0173 0.0172 0.001 0.0011 0.1005 0.1159 0.0374 0.0775 0.0367 0.0404 0.01 0.0203 0.1271 0.1281
272 0.0122 0.0084 0.0044 0.0055 0.0097 0.0106 0.105 0.1058 0.0121 0.0085 0.0043 0.0053 0.0083 0.0092 0.1047 0.1058 0.0164 0.0112 0.0131 0.0179 0.0089 0.005 0.1042 0.1228
12 0.0129 0.0158 8e-04 0.0021 0.005 0.0053 0.1019 0.1344 0.0129 0.0158 8e-04 0.0021 0.0054 0.0058 0.1018 0.1344 0.0164 0.0182 0.0062 0.0078 0.0019 0.0161 0.0977 0.1341
60 0.0043 0.0333 0.0086 0.0095 0.0022 0.0026 0.0899 0.1395 0.0043 0.0333 0.0081 0.0087 0.0019 0.0023 0.0901 0.1395 0.0075 0.0325 0.0073 0.0079 0.0217 0.0278 0.0958 0.1345
313 0.0122 0.0206 3e-04 9e-04 0.0046 0.0048 0.0985 0.1453 0.0123 0.0222 1e-04 0.001 0.0035 0.0037 0.0991 0.1441 0.0191 0.0228 0.0055 0.0396 0.0038 0.0258 0.1212 0.1503
262 0.0133 0.0071 0.0028 0.0106 0.0119 0.0125 0.1986 0.1098 0.0132 0.0069 0.0026 0.01 0.0107 0.0113 0.1994 0.1099 0.0135 0.0129 3e-04 0.0396 0.0266 0.0368 0.1713 0.1141
122 0.0161 0.0024 0.0025 0.005 8e-04 0.0013 0.1238 0.1191 0.0161 0.0024 0.0028 0.0052 5e-04 0.001 0.1237 0.1188 0.0196 0.0047 5e-04 0.0149 0.0061 0.0385 0.1129 0.14
32 0.0089 0.0316 8e-04 0.0014 5e-04 9e-04 0.1375 0.1197 0.0088 0.0315 8e-04 0.0014 4e-04 7e-04 0.1367 0.1192 0.014 0.04 0.0022 0.0028 0.0104 0.0119 0.1367 0.116
412 0.0043 0.0129 0.0039 0.0047 0.0381 0.0392 0.3189 0.1082 0.0043 0.0128 0.0042 0.005 0.0403 0.0414 0.3184 0.1081 0.0044 0.0179 0.0565 0.057 0.0678 0.1026 0.233 0.1272
21 0.0017 0.0262 0.0091 0.0096 0.0012 0.0022 0.1139 0.1163 0.0018 0.0262 0.0106 0.0111 0.0013 0.0022 0.114 0.1163 0.0041 0.0321 0.0287 0.0442 0.0056 0.0129 0.136 0.1185
541 0.0062 0.0141 0.0012 0.0019 0.0024 0.0044 0.0992 0.1179 0.0062 0.014 0.0019 0.0027 0.0032 0.0054 0.0991 0.1179 0.0123 0.0233 0.0249 0.0782 0.0033 0.0201 0.1289 0.1381
391 0.0332 0.0736 9e-04 9e-04 0.0363 0.0371 0.1134 0.1384 0.0341 0.074 0.0028 0.0119 0.0361 0.0369 0.1149 0.1382 0.0376 0.0766 3e-04 0.0151 0.0112 0.0183 0.1178 0.1353
471 0.0019 0.0423 0.0116 0.012 0.0064 0.0073 0.135 0.1129 0.0018 0.0427 0.0116 0.012 0.0079 0.0099 0.135 0.1124 0.0019 0.0447 0.0045 0.0046 0.0022 0.0102 0.128 0.1061
363 0.0024 0.0034 0.0095 0.0098 7e-04 7e-04 0.1451 0.1664 0.0025 0.0055 0.008 0.0083 7e-04 8e-04 0.1456 0.1678 0.0047 0.0085 3e-04 0.0064 0.0092 0.0112 0.1242 0.1577
280 0.0353 0.0209 4e-04 0.0028 0.0024 0.0029 0.104 0.13 0.0357 0.0209 4e-04 0.0038 0.0039 0.0048 0.1044 0.1308 0.0376 0.029 4e-04 0.0355 0.0152 0.0763 0.1096 0.168
380 0.0547 0.0058 3e-04 8e-04 9e-04 0.002 0.1057 0.1321 0.0557 0.0059 3e-04 8e-04 0.001 0.0024 0.107 0.1322 0.068 0.0081 0.0328 0.0315 0.0033 0.0058 0.1235 0.124
352 6e-04 0.01 3e-04 0.0055 0.0064 0.007 0.0746 0.1368 5e-04 0.01 3e-04 0.0055 0.0063 0.007 0.0744 0.1368 0.0053 0.0117 0.0015 0.0013 0.0036 0.0173 0.079 0.1418
553 0.0289 0.0112 2e-04 0.0105 0.0014 0.0025 0.1343 0.2068 0.0285 0.0111 7e-04 0.0015 0.0013 0.0025 0.138 0.2062 0.0315 0.0138 0.0044 0.012 0.0015 0.0263 0.1339 0.172
173 0.012 0.0194 0.0083 0.0098 0.0055 0.0064 0.0827 0.1262 0.012 0.0193 0.0063 0.0078 0.0063 0.0072 0.0829 0.1263 0.0182 0.0219 0.0011 0.003 0.0016 0.0029 0.1023 0.123
340 0.0161 0.0137 0.0071 0.014 0.004 0.0069 0.1303 0.1346 0.016 0.0136 0.0082 0.0169 0.0042 0.0068 0.1289 0.134 0.017 0.0145 8e-04 0.0154 0.0094 0.0169 0.1113 0.1185
13 0.0027 0.0265 0.003 0.0029 0.0129 0.0132 0.2284 0.1009 0.001 0.0266 0.0035 0.0034 0.0137 0.014 0.2258 0.101 0.005 0.0244 0.0048 0.0099 0.0056 0.0075 0.1999 0.1107
152 0.0059 0.0025 0.001 0.0013 0.0098 0.0107 0.1845 0.1165 0.006 0.0025 9e-04 0.0011 0.0074 0.0082 0.1846 0.1166 0.0125 0.0138 0.0059 0.0104 0.0038 0.0149 0.1709 0.1446
504 0.0029 0.016 3e-04 0.0014 3e-04 4e-04 0.1448 0.12 0.0028 0.016 2e-04 0.0014 3e-04 5e-04 0.1448 0.1195 0.009 0.0184 0.002 0.0176 0.0081 0.008 0.1453 0.1394
82 0.0054 0.0181 0.0031 0.0032 0.0111 0.0115 0.0921 0.1526 0.0056 0.0181 0.0032 0.0033 0.0108 0.0112 0.0923 0.1527 0.0104 0.0205 9e-04 0.0081 0.0179 0.02 0.0994 0.1409
432 0.0015 0.0501 6e-04 0.0023 0.035 0.0356 0.1046 0.1128 0.0015 0.0501 7e-04 0.0023 0.033 0.0335 0.1044 0.1129 0.007 0.0454 2e-04 0.0092 0.0224 0.0255 0.1037 0.1197
203 0.0055 0.0054 0.004 0.0046 7e-04 0.0013 0.1162 0.1131 0.0056 0.0055 0.0043 0.0047 0.0012 0.0017 0.1167 0.1127 0.0084 0.011 0.0012 0.0032 0.0027 0.0207 0.1149 0.1193
322 0.0231 0.0103 0.001 7e-04 0.0026 0.0032 0.1018 0.1736 0.0233 0.0103 8e-04 5e-04 0.0026 0.0032 0.102 0.1734 0.0261 0.0138 0.0035 0.0068 0.0161 0.017 0.1108 0.1857
254 0.0192 0.0037 3e-04 5e-04 5e-04 0.0019 0.2536 0.0941 0.0192 0.0037 3e-04 5e-04 5e-04 0.0018 0.2539 0.094 0.0249 0.0096 0.023 0.1325 0.0027 0.0138 0.3504 0.1117
464 0.003 0.1145 0.0011 5e-04 0.0021 0.0023 0.098 0.1098 0.0029 0.1146 0.0011 4e-04 0.0018 0.002 0.098 0.1099 0.0064 0.124 0.0064 0.0124 0.0115 0.032 0.0964 0.1288
230 7e-04 0.0399 0.0081 0.008 0.0065 0.0071 0.1637 0.1266 7e-04 0.0398 0.0076 0.0076 0.0051 0.0057 0.1636 0.1265 0.0034 0.0419 0.0041 0.0041 0.0023 0.0343 0.154 0.1507
314 0.0866 0.0343 0.0015 0.0026 0.0136 0.0146 0.1816 0.1171 0.0865 0.0344 0.0015 0.0027 0.0135 0.0145 0.1818 0.1173 0.0848 0.0296 0.0017 0.0046 0.0238 0.0412 0.1663 0.1304
41 0.0301 0.0059 5e-04 6e-04 0.0057 0.0059 0.2664 0.1188 0.0284 0.0058 3e-04 4e-04 0.0049 0.005 0.2642 0.1184 0.0242 0.0098 0.0101 0.0582 0.0026 0.0162 0.1929 0.1377
402 0.0384 0.0169 6e-04 0.0018 0.0354 0.0371 0.1576 0.1049 0.0386 0.0171 0.001 0.0022 0.0355 0.037 0.1582 0.1051 0.0439 0.0175 0.015 0.0165 0.0162 0.0197 0.125 0.1167
51 0.0393 0.0493 0.0287 0.0289 0.0011 0.0013 0.0975 0.1339 0.0392 0.0494 0.0301 0.0302 9e-04 0.0011 0.0975 0.1338 0.0505 0.0531 0.042 0.0543 0.0061 0.0138 0.1112 0.14
91 0.0097 0.0119 0.0127 0.0131 0.0026 0.0119 0.3802 0.1402 0.0098 0.0119 0.0125 0.0128 0.0029 0.0127 0.3783 0.1409 0.0168 0.0125 0.0159 0.0178 0.0305 0.1183 0.2473 0.1777
442 0.0053 0.0029 4e-04 0.0012 0.0059 0.0065 0.1487 0.1139 0.0053 0.0029 3e-04 0.001 0.0071 0.0076 0.1488 0.114 0.0052 0.0092 0.0012 0.0306 0.0125 0.0101 0.1451 0.1181
133 0.0542 0.0224 0.0204 0.0223 0.0031 0.0039 0.1071 0.1425 0.054 0.0224 0.019 0.0208 0.0029 0.0037 0.1068 0.1424 0.0574 0.0265 0.0113 0.0091 0.0056 0.0081 0.1055 0.1433
244 0.0064 0.0358 7e-04 0.0015 0.0026 0.0033 0.0873 0.1477 0.0064 0.0357 6e-04 0.0014 0.0025 0.0037 0.0872 0.1486 0.006 0.0384 0.0012 0.054 0.0044 0.0315 0.1126 0.1579
505 0.0033 0.0062 6e-04 4e-04 0.0047 0.0051 0.1475 0.1216 0.0029 0.0062 6e-04 6e-04 0.0045 0.0048 0.1457 0.123 0.0105 0.0089 0.0048 0.0094 0.0075 0.0084 0.1478 0.1073
493 0.0143 0.0308 2e-04 0.0022 4e-04 0.002 0.1281 0.1431 0.0143 0.0308 2e-04 0.0022 4e-04 0.0017 0.1281 0.143 0.0192 0.0435 0.0019 0.0531 0.0018 0.0468 0.1399 0.1621
303 0.0075 0.0031 0.0026 0.0031 0.005 0.0063 0.113 0.0941 0.0072 0.0031 0.0033 0.0067 0.0058 0.0067 0.113 0.0943 0.0088 0.0051 9e-04 0.0104 0.0041 0.0198 0.115 0.1102
433 0.0031 0.007 0.011 0.0114 5e-04 5e-04 0.1317 0.1361 0.0031 0.0071 0.0094 0.0099 3e-04 4e-04 0.1319 0.1361 0.0048 0.0135 0.0043 0.0495 0.0041 0.0053 0.1419 0.1436
451 0.0024 0.0121 1e-04 1e-04 0.0047 0.0066 0.1232 0.1243 0.0024 0.0122 2e-04 2e-04 0.0036 0.0055 0.1233 0.1243 0.0076 0.0129 0.0038 0.0018 0.0122 0.0394 0.1199 0.1332
333 0.0128 0.0377 6e-04 0.0038 0.0018 0.0016 0.1502 0.1165 0.0132 0.0381 5e-04 0.0031 0.0022 0.0021 0.1507 0.1162 0.0134 0.0418 0.0128 0.0717 0.0031 0.044 0.1467 0.1472
482 0.0035 0.0071 2e-04 1e-04 0.0045 0.0058 0.09 0.1094 0.0035 0.0074 2e-04 2e-04 0.0054 0.0067 0.0896 0.1097 0.0075 0.0134 0.0052 0.0112 0.0135 0.013 0.105 0.1213
231 0.0132 0.0171 0.0025 0.0034 0.0019 0.0021 0.1173 0.1335 0.0132 0.0171 0.0025 0.0033 0.0018 0.002 0.1171 0.1337 0.014 0.0189 0.0033 0.0154 0.0031 0.0058 0.1205 0.1239
293 0.0021 0.0229 0.0021 0.002 0.0051 0.0101 0.1683 0.142 0.0019 0.0231 0.0026 0.0024 0.0045 0.008 0.1678 0.1397 0.0045 0.0269 0.0022 0.0171 0.0094 0.0348 0.1496 0.154
353 0.0062 0.006 0.0077 0.0087 6e-04 0.001 0.1421 0.1222 0.0062 0.006 0.0067 0.0077 8e-04 0.0013 0.1424 0.1221 0.0079 0.0125 0.0023 0.0014 0.0215 0.0261 0.1337 0.1399
204 0.0766 0.0014 0.026 0.0275 0.0011 0.0022 0.1084 0.1229 0.0766 0.0015 0.0242 0.0252 8e-04 0.0025 0.1082 0.1235 0.0733 0.0043 0.0092 0.0188 0.0048 0.008 0.1222 0.1227
263 0.0115 0.0435 0.0169 0.0174 0.0038 0.0045 0.0843 0.15 0.0115 0.0436 0.0145 0.0149 0.0037 0.0044 0.0842 0.15 0.0182 0.0499 0.0102 0.0559 0.0074 0.0113 0.1208 0.1563
523 0.0112 0.0319 0.027 0.0297 0.0164 0.0169 0.1407 0.1323 0.011 0.032 0.0293 0.032 0.0161 0.0166 0.1406 0.1322 0.0187 0.0323 0.0113 0.0538 0.0226 0.0546 0.1424 0.1542
143 0.0175 0.0214 0.035 0.034 0.0078 0.0168 0.1066 0.1882 0.0175 0.0214 0.0371 0.0361 0.0067 0.0151 0.1066 0.1875 0.0206 0.0205 0.0136 0.0139 0.003 0.0125 0.1126 0.1704
184 0.0104 0.0111 1e-04 4e-04 0.0226 0.0233 0.1329 0.0915 0.0104 0.0111 2e-04 6e-04 0.0228 0.0235 0.1329 0.0917 0.011 0.0155 0.0251 0.0362 0.0331 0.0342 0.1225 0.0944
515 0.0034 0.0023 0.0074 0.0075 0.0365 0.0374 0.1435 0.1375 0.0034 0.0023 0.0073 0.0075 0.0357 0.0366 0.1436 0.1377 0.0078 0.0037 0.0102 0.0194 0.0582 0.0604 0.1504 0.1215
373 0.0197 0.0091 0.0122 0.0126 0.0103 0.0124 0.1632 0.1145 0.0197 0.0092 0.0104 0.0109 0.0101 0.0121 0.1632 0.1145 0.0204 0.0097 0.0099 0.0459 0.0044 0.0226 0.1627 0.1185
221 0.0102 0.015 2e-04 7e-04 0.0012 0.0017 0.091 0.1615 0.0102 0.015 2e-04 7e-04 0.0011 0.0015 0.0912 0.1615 0.0119 0.0185 0.0111 0.0163 0.0013 0.0136 0.0921 0.152
422 0.011 0.0638 0.0021 0.0092 0.0037 0.0044 0.1377 0.1538 0.0118 0.0639 0.0019 0.0063 0.0024 0.003 0.1381 0.1539 0.0146 0.0647 0.0027 0.0026 0.0141 0.012 0.1299 0.1466
194 0.0176 0.0146 0.0014 0.0061 8e-04 7e-04 0.1407 0.1418 0.0174 0.0146 7e-04 0.005 9e-04 8e-04 0.1403 0.1418 0.0182 0.0175 0.002 0.0086 0.0061 0.0161 0.1413 0.1421
364 0.0046 0.0174 0.0039 0.0038 5e-04 0.0017 0.1306 0.13 0.0047 0.0174 0.0031 0.003 5e-04 0.0017 0.1302 0.1299 0.0093 0.0197 0.0056 0.0176 0.0062 0.012 0.1381 0.1203
161 0.0174 0.0559 0.0172 0.0464 0.0066 0.007 0.1557 0.1212 0.0174 0.0559 0.0164 0.0453 0.0066 0.0069 0.1558 0.1211 0.0166 0.0515 0.0233 0.0414 0.009 0.0112 0.2305 0.1301
112 0.0023 0.0607 0.0061 0.0059 0.0039 0.0108 0.2395 0.1517 0.0026 0.0607 0.0066 0.0064 0.004 0.0096 0.2404 0.1505 0.0017 0.0604 0.0022 0.0029 0.0087 0.017 0.1896 0.1412
103 0.0064 0.0102 0.0011 0.0013 0.0021 0.0024 0.0956 0.1243 0.0064 0.0103 0.0012 0.0012 0.0023 0.0025 0.0951 0.1245 0.0136 0.0151 0.0048 0.0028 0.0048 0.0085 0.1113 0.1282
483 0.0201 5e-04 6e-04 0.0014 0.0038 0.0045 0.1185 0.1375 0.02 5e-04 7e-04 0.0015 0.0038 0.0045 0.1184 0.1376 0.0214 0.0097 0.003 0.0095 0.0137 0.0184 0.1323 0.1461
174 0.0061 0.027 0.0066 0.007 0.0036 0.0044 0.1077 0.1238 0.0061 0.027 0.0057 0.0062 0.0038 0.0045 0.1078 0.1237 0.0112 0.0335 0.0121 0.0646 0.0026 0.0314 0.1202 0.1448
273 0.0264 0.0193 0.0286 0.0291 0.0025 0.0037 0.1309 0.1151 0.0265 0.0192 0.0285 0.0291 0.0022 0.0032 0.1308 0.115 0.0258 0.018 0.0181 0.018 0.0032 0.0078 0.1198 0.12
494 0.0085 0.0268 0.009 0.0099 0.0061 0.0062 0.0929 0.1178 0.0084 0.0268 0.0082 0.0092 0.0064 0.0065 0.0931 0.1177 0.0129 0.0337 0.0203 0.0695 0.0104 0.0112 0.1261 0.1379
281 0.009 0.0117 0.0023 0.0032 0.0122 0.0141 0.0886 0.1392 0.0089 0.0109 0.0017 0.0025 0.0125 0.0145 0.0884 0.139 0.0179 0.0168 0.0066 0.0069 0.0175 0.0323 0.1049 0.1579
542 0.007 0.0029 0.0013 0.0016 0.0036 0.0039 0.0901 0.1069 0.007 0.0029 0.001 0.0013 0.0041 0.0044 0.09 0.1068 0.0105 0.0022 0.0092 0.0082 0.0011 0.0112 0.0988 0.109
134 0.0122 0.0604 7e-04 0.0018 5e-04 0.0013 0.1454 0.0852 0.0121 0.0606 4e-04 0.0014 3e-04 0.0011 0.1454 0.0853 0.0174 0.0675 0.0048 0.0066 0.0025 0.0128 0.1334 0.1056
255 0.0077 0.0112 4e-04 6e-04 0.0084 0.0087 0.14 0.1201 0.0077 0.0112 5e-04 6e-04 0.0089 0.0093 0.1397 0.1202 0.0126 0.0143 0.0033 0.0024 0.0224 0.0309 0.1376 0.1316
83 0.0183 0.0019 4e-04 9e-04 0.0059 0.0064 0.1066 0.1169 0.0181 0.0015 5e-04 0.0011 0.0068 0.0073 0.1066 0.1163 0.0203 0.0045 8e-04 0.0077 0.0127 0.0514 0.1049 0.1296
304 0.0068 0.0163 0.0023 0.0037 0.0063 0.0067 0.1762 0.116 0.0067 0.0162 0.0017 0.0029 0.0061 0.0067 0.1759 0.1159 0.0099 0.0191 0.0017 0.0356 0.0216 0.0337 0.1647 0.1191
403 0.0168 9e-04 8e-04 0.001 0.0072 0.0082 0.1406 0.1371 0.0168 9e-04 7e-04 9e-04 0.0075 0.0084 0.1407 0.1369 0.016 0.01 0.016 0.0245 0.0069 0.0502 0.141 0.1572
334 0.0105 0.0372 4e-04 0.0025 0.0048 0.0054 0.1061 0.1246 0.0104 0.0371 4e-04 0.0025 0.0057 0.0064 0.1062 0.1245 0.013 0.0356 0.0078 0.0577 0.0063 0.0141 0.1228 0.1325
374 7e-04 0.0229 0.001 0.0012 0.0064 0.0077 0.0961 0.111 7e-04 0.0229 7e-04 8e-04 0.0061 0.0075 0.0962 0.111 0.003 0.0264 0.0075 0.0086 0.0043 0.0069 0.109 0.1265
22 0.0113 0.0606 0.0108 0.0114 0.0039 0.0036 0.1505 0.1599 0.0113 0.0606 0.0091 0.0097 0.0036 0.0033 0.1504 0.1598 0.0159 0.068 0.0028 0.004 0.0071 0.0104 0.1542 0.1587
61 0.0138 0.0119 0.0013 0.0058 0.0022 0.0024 0.1069 0.1066 0.0138 0.0118 0.001 0.0052 0.003 0.0031 0.1069 0.1066 0.0189 0.0162 0.0011 0.025 0.0064 0.0227 0.1094 0.133
211 0.0342 0.0252 0.0187 0.0219 0.0088 0.0102 0.0939 0.1314 0.0341 0.0252 0.0178 0.021 0.0095 0.0108 0.0939 0.1312 0.0474 0.0315 0.027 0.0287 0.0014 0.0175 0.1056 0.1379
264 0.0134 0.0033 0.0231 0.0231 8e-04 0.0027 0.1613 0.1254 0.0135 0.0032 0.0232 0.0233 7e-04 0.0026 0.1613 0.1253 0.0171 0.0056 0.0053 0.0121 0.0012 0.0028 0.1559 0.1204
175 0.0047 0.0063 0.0169 0.0176 0.0038 0.004 0.1139 0.1402 0.0048 0.0063 0.0166 0.0174 0.0033 0.0035 0.1139 0.14 0.0068 0.0128 2e-04 0.0579 0.0104 0.0275 0.1454 0.158
434 0.0185 0.0027 0.0075 0.0082 9e-04 8e-04 0.106 0.1291 0.0185 0.0027 0.0059 0.0066 8e-04 8e-04 0.106 0.1291 0.0151 0.003 4e-04 0.0268 0.0017 0.0036 0.1069 0.1334
323 0.0452 0.0089 0.0041 0.0045 0.0278 0.0286 0.121 0.1268 0.0451 0.0089 0.0043 0.0047 0.0283 0.0291 0.1209 0.1267 0.0424 0.0126 0.0048 0.007 0.0152 0.015 0.1308 0.1093
543 0.0041 0.0472 0.0061 0.0066 0.0028 0.0037 0.1533 0.108 0.004 0.0472 0.005 0.0054 0.0024 0.0033 0.1529 0.1082 0.0052 0.0507 0.008 0.0111 0.016 0.0501 0.1314 0.1184
413 0.019 0.0059 2e-04 0.0106 0.0105 0.0108 0.1247 0.1026 0.0188 0.0059 2e-04 0.0122 0.0095 0.0097 0.1251 0.1026 0.0184 0.0111 2e-04 0.0221 0.0041 0.0138 0.1217 0.1177
113 0.0058 0.0048 0.0013 0.0017 0.0145 0.015 0.1637 0.0933 0.0059 0.0048 0.0012 0.0015 0.0141 0.0146 0.1637 0.0932 0.0067 0.0059 9e-04 0.0142 0.0087 0.0084 0.1458 0.1047
274 0.0276 0.0508 0.0303 0.0312 0.0103 0.0109 0.1208 0.1103 0.0267 0.0508 0.0283 0.0293 0.0081 0.0088 0.1196 0.1102 0.0314 0.048 0.0342 0.0311 0.0113 0.0185 0.1124 0.1217
92 0.0102 0.0415 0.002 0.0023 0.0115 0.0155 0.1211 0.1407 0.0101 0.0417 0.002 0.0022 0.0133 0.017 0.1211 0.1405 0.0094 0.0408 0.0013 0.0048 0.0122 0.0141 0.1201 0.1288
33 0.0579 0.0172 0.0022 0.0045 0.0498 0.0513 0.1156 0.1058 0.0578 0.0172 0.0016 0.0038 0.0484 0.05 0.1154 0.1057 0.0643 0.0166 0.009 0.0092 0.0212 0.0204 0.1089 0.1168
472 0.0215 0.0038 0.0066 0.0063 0.0102 0.0148 0.1934 0.1447 0.0214 0.0038 0.0069 0.0066 0.0103 0.0145 0.1946 0.1447 0.0173 0.0088 0.0146 0.0289 0.0055 0.0097 0.1615 0.133
42 0.0185 0.0458 0.0174 0.0232 0.0037 0.0048 0.1613 0.127 0.0179 0.0459 0.0162 0.0159 0.0035 0.0046 0.1663 0.1269 0.024 0.0448 0.0096 0.0586 0.0073 0.0369 0.1594 0.1356
123 0.0025 0.0053 3e-04 0.0057 0.0011 0.002 0.1194 0.1269 0.0025 0.0053 3e-04 0.0056 0.0011 0.0019 0.1194 0.1268 0.0025 0.0073 0.0173 0.0277 0.002 0.0109 0.1065 0.1268
205 0.0057 0.0205 0.005 0.0052 0.0071 0.0069 0.1185 0.1138 0.0057 0.0205 0.0052 0.0055 0.0065 0.0063 0.1184 0.1137 0.0082 0.0205 0.0039 0.0029 0.0129 0.0118 0.1293 0.116
135 0.0066 0.0106 0.0013 0.0013 0.0131 0.0143 0.1415 0.143 0.0066 0.0097 0.0013 0.0018 0.0112 0.0122 0.1411 0.142 0.0146 0.0129 2e-04 0.001 0.0166 0.0248 0.1265 0.1417
532 0.113 0.0463 0.0103 0.022 0.0019 0.0029 0.1601 0.1187 0.113 0.0453 0.0103 0.0194 0.0021 0.003 0.1611 0.1175 0.1194 0.0566 2e-04 0.0056 0.0045 0.0177 0.1375 0.1335
256 0.0243 0.0086 0.0017 0.0059 0.0036 0.0041 0.2161 0.1205 0.0244 0.0085 0.0013 0.0055 0.0033 0.0038 0.2173 0.1204 0.024 0.0101 0.0083 0.0118 0.0072 0.0146 0.1521 0.1161
381 0.0071 0.0043 0.0015 0.0023 0.001 0.004 0.1166 0.1199 0.0071 0.0043 0.0018 0.0023 0.0011 0.0045 0.1168 0.1199 0.0107 0.0065 0.0051 0.007 0.0036 0.0041 0.1081 0.1213
104 0.0029 0.0121 0.0017 0.0037 2e-04 4e-04 0.1092 0.1337 0.0029 0.0121 0.0018 0.0036 2e-04 5e-04 0.1092 0.1339 0.0089 0.0123 0.0043 0.0058 0.005 0.0098 0.1052 0.1339
232 0.0045 0.0084 2e-04 3e-04 0.0077 0.0089 0.0859 0.1055 0.0045 0.0084 2e-04 4e-04 0.0074 0.0085 0.0858 0.1056 0.0113 0.0111 0.0111 0.0124 0.0066 0.0107 0.0983 0.1131
465 0.0058 0.0236 2e-04 0.0058 4e-04 0.0012 0.1055 0.118 0.0059 0.0235 2e-04 0.0033 4e-04 0.0013 0.105 0.1177 0.0093 0.0276 7e-04 0.0134 0.0106 0.0217 0.113 0.1408
185 0.0071 0.0024 2e-04 0.0012 0.0067 0.5414 0.1035 0.4057 0.0066 0.002 1e-04 8e-04 0.0022 0.0035 0.1049 0.1534 0.0149 0.0038 0.0035 0.0045 0.0071 0.0269 0.1031 0.1696
84 0.0124 0.0187 0.0022 0.0046 0.0026 0.0032 0.1137 0.1187 0.0124 0.0187 0.0025 0.0048 0.0023 0.003 0.1136 0.1187 0.0169 0.0391 0.0097 0.0616 0.0195 0.4931 0.1465 0.5125
392 0.0027 0.0427 0.0073 0.0073 6e-04 8e-04 0.0835 0.1613 0.0027 0.0428 0.0071 0.0072 6e-04 8e-04 0.0836 0.1616 0.0073 0.0539 0.0067 0.0234 0.0014 0.0037 0.0988 0.1584
544 0.047 0.1113 0.0037 0.0048 0.0019 0.0016 0.1557 0.1318 0.0471 0.1113 0.0032 0.0043 0.002 0.0017 0.1558 0.1316 0.0505 0.1099 0.0117 0.0122 0.0022 0.0547 0.1409 0.1712
144 0.0149 0.0122 0.0031 0.0035 0.0056 0.0059 0.1703 0.1261 0.0148 0.0122 0.003 0.0033 0.0061 0.0064 0.1707 0.1262 0.0182 0.011 0.0044 0.0034 0.0055 0.0234 0.1758 0.1551
554 0.0016 0.0079 0.0018 0.0104 0.005 0.0053 0.1323 0.139 0.0016 0.0079 0.0022 0.0089 0.0053 0.0056 0.1318 0.1391 0.0042 0.0126 0.0106 0.0136 0.0074 0.0188 0.1309 0.1482
14 0.0368 0.0029 0.0028 0.0342 0.0147 0.0154 0.1345 0.1114 0.0368 0.0029 0.0028 0.0336 0.0151 0.0158 0.1345 0.1114 0.0383 0.0067 0.0096 0.0096 0.0163 0.0155 0.125 0.1139
452 0.0204 0.008 0.0031 0.0038 0.0021 0.0022 0.532 0.1077 0.0205 0.008 0.0034 0.004 0.002 0.0021 0.5358 0.1075 0.0132 0.0111 0.0046 0.0114 0.0082 0.0093 0.2364 0.1022
162 0.0115 0.0382 0.0039 0.0045 0.0139 0.0152 0.0871 0.1586 0.0116 0.0385 0.0041 0.0045 0.0136 0.0148 0.0871 0.1589 0.0125 0.0361 0.0018 0.008 0.0444 0.0755 0.0933 0.1613
341 0.0087 0.0047 6e-04 0.0039 0.0215 0.0224 0.1414 0.1016 0.0093 0.0047 4e-04 0.0034 0.0201 0.0209 0.1429 0.1015 0.0136 0.0059 4e-04 0.0026 0.0055 0.0194 0.1418 0.1193
506 0.0162 0.057 0.0172 0.0224 0.0038 0.0044 0.1127 0.121 0.0161 0.0569 0.0144 0.0186 0.0038 0.0044 0.1122 0.121 0.0194 0.0687 0.0271 0.0292 0.0015 0.0427 0.126 0.1549
404 0.0019 0.0015 6e-04 0.0014 0.03 0.0307 0.1082 0.1436 0.0019 0.0015 7e-04 0.0015 0.0297 0.0303 0.1083 0.1436 0.0064 9e-04 5e-04 0.0021 0.0367 0.044 0.1066 0.1389
62 0.0452 0.0053 0.0014 0.0013 4e-04 8e-04 0.1381 0.1028 0.0451 0.0053 0.0012 0.0011 4e-04 7e-04 0.1382 0.1028 0.052 0.0149 0.01 0.0114 0.0042 0.0092 0.1324 0.1266
245 0.0156 0.0495 0.0255 0.0264 0.0025 0.0034 0.1453 0.1528 0.0155 0.0487 0.0237 0.0245 0.002 0.0029 0.1453 0.1524 0.0242 0.0465 0.0525 0.0612 0.0065 0.0135 0.1498 0.1519
257 0.0192 0.0597 0.0401 0.0399 3e-04 7e-04 0.091 0.148 0.0192 0.0597 0.0422 0.042 4e-04 8e-04 0.091 0.148 0.0206 0.0607 0.0282 0.0792 0.0015 0.0084 0.1239 0.1376
153 0.0109 0.0133 0.0079 0.0088 0.002 0.0021 0.1247 0.1087 0.011 0.0134 0.0074 0.0083 0.0023 0.0026 0.1248 0.1088 0.0126 0.02 0.0134 0.0194 0.0165 0.0183 0.1217 0.1324
382 0.0048 0.0018 0.002 0.0017 0.0091 0.0099 0.1526 0.1299 0.0047 0.0018 0.0015 0.0011 0.011 0.0119 0.1527 0.1299 0.0118 0.0049 0.0065 0.0117 0.0069 0.0108 0.1484 0.1394
324 0.0066 0.0822 4e-04 0.0018 5e-04 0.0015 0.1122 0.1405 0.0065 0.0822 4e-04 0.0018 5e-04 0.0016 0.1122 0.1408 0.0097 0.082 0.0014 0.0073 8e-04 0.0224 0.1094 0.1472
354 0.0119 0.0059 0.009 0.0213 0.005 0.0053 0.1157 0.1285 0.0115 0.0059 0.0079 0.0077 0.0048 0.0051 0.1126 0.1276 0.0152 0.0099 0.0048 0.0334 0.0186 0.0219 0.1152 0.1274
282 0.0057 0.0201 0.0013 0.0013 0.0106 0.0109 0.1576 0.1299 0.0057 0.0201 0.0015 0.0015 0.0105 0.0109 0.1576 0.1302 0.0078 0.0194 0.0012 0.0088 0.0233 0.0272 0.1359 0.1203
365 0.0127 0.0127 0.0059 0.0056 2e-04 0.001 0.098 0.2176 0.0127 0.0128 0.0059 0.0056 4e-04 0.0011 0.0979 0.2172 0.0169 0.0177 0.0025 0.0043 0.0077 0.0206 0.0881 0.2208
114 0.002 0.0021 0.0493 0.0502 3e-04 7e-04 0.1362 0.1469 0.002 0.0021 0.0492 0.0497 3e-04 6e-04 0.1349 0.1466 0.0056 0.0094 0.0237 0.0789 0.0056 0.0087 0.1393 0.1384
435 0.0249 0.0636 0.0094 0.0092 0.0022 0.0033 0.1977 0.1234 0.0253 0.0634 0.0095 0.0093 0.0022 0.0034 0.1981 0.1233 0.0345 0.0613 0.0064 0.0075 0.0108 0.0311 0.1744 0.1304
545 0.0103 0.0367 8e-04 0.0018 0.0073 0.0079 0.098 0.1502 0.0103 0.0366 8e-04 0.0018 0.0086 0.0091 0.0979 0.1498 0.0164 0.0378 0.0044 0.0186 0.008 0.0119 0.1206 0.142
524 5e-04 0.0065 0.0109 0.0109 0.0094 0.009 0.1765 0.1237 5e-04 0.0065 0.0117 0.0117 0.0121 0.0117 0.1762 0.1236 0.003 0.0091 0.0048 0.0048 0.003 0.0137 0.1522 0.1229
375 0.0053 0.0065 4e-04 2e-04 0.0106 0.0111 0.1789 0.1226 0.0054 0.0066 3e-04 1e-04 0.0091 0.0095 0.1787 0.1231 0.0077 0.0071 7e-04 0.009 0.0136 0.0317 0.1465 0.1175
43 0.0158 0.032 0.0054 0.0066 0.0344 0.0354 0.1501 0.1335 0.0158 0.0319 0.0052 0.0063 0.0304 0.0313 0.1502 0.1336 0.0185 0.0324 0.0085 0.0389 0.0282 0.026 0.1494 0.141
195 0.0768 0.003 0.0069 0.007 0.001 0.0013 0.1763 0.1051 0.0768 0.003 0.0075 0.0076 0.002 0.0024 0.1763 0.105 0.0866 0.0069 0.0036 0.0249 0.015 0.0176 0.1649 0.1008
222 0.0346 5e-04 0.0151 0.0172 0.0061 0.0063 0.1059 0.1093 0.0333 4e-04 0.0172 0.0192 0.0062 0.0064 0.104 0.1091 0.0444 0.004 0.0067 0.0189 0.006 0.0075 0.1126 0.1112
443 0.0035 0.0026 1e-04 6e-04 0.0191 0.0204 0.0946 0.1298 0.0024 0.0026 1e-04 7e-04 0.0198 0.021 0.0942 0.1297 0.0078 0.007 0.0043 0.0053 0.0037 0.0032 0.1042 0.1306
533 0.0034 0.008 0.0011 0.0012 0.0105 0.0176 0.1009 0.1342 0.0034 0.0075 0.0014 0.0018 0.0105 0.0108 0.1012 0.1255 0.0051 0.0107 0.0043 0.0151 0.0055 0.018 0.0947 0.1427
23 0.0239 0.0363 2e-04 1e-04 0.0034 0.004 0.094 0.1298 0.0238 0.0364 2e-04 2e-04 0.0029 0.0035 0.0944 0.1298 0.0262 0.034 0.003 0.0225 0.0054 0.0052 0.1091 0.1292
265 0.0131 0.0397 0.0024 0.0032 0.0026 0.0033 0.1183 0.1094 0.0132 0.0399 0.0027 0.004 0.0024 0.0031 0.1183 0.1093 0.0136 0.0391 0.0018 0.0032 0.0034 0.0055 0.1179 0.1142
294 0.0836 0.0106 0.0106 0.0218 0.001 0.0012 0.1347 0.1317 0.0835 0.0107 0.0123 0.0209 0.001 0.0012 0.1334 0.1319 0.0868 0.0159 0.0063 0.0522 0.0087 0.0227 0.1508 0.1382
305 0.0041 0.0085 0.0029 0.0034 0.002 0.0011 0.1033 0.135 0.0043 0.0085 0.0015 0.002 0.0026 0.0017 0.1035 0.1358 0.0142 0.0145 9e-04 0.0141 0.0051 0.0096 0.1056 0.1413
52 0.0604 0.0116 0.0025 0.0069 0.0052 0.0056 0.1599 0.121 0.0596 0.0113 0.0033 0.0118 0.0055 0.0061 0.1582 0.1208 0.0599 0.0174 0.0018 0.0061 0.0048 0.0046 0.1245 0.1368
15 0.0122 0.0111 0.0044 0.0045 0.031 0.032 0.1232 0.1075 0.0122 0.0111 0.0058 0.0059 0.0286 0.0296 0.1233 0.1076 0.0153 0.0145 0.003 0.0079 0.0346 0.027 0.1211 0.1261
73 0.0078 0.0132 0.006 0.0539 0.0042 0.0062 0.1717 0.1167 0.0077 0.0131 0.0059 0.0536 0.0048 0.0067 0.1717 0.1165 0.0149 0.0128 0.0042 0.0424 0.0047 0.011 0.1629 0.1158
136 0.0027 0.0294 9e-04 0.0013 0.0015 0.0011 0.1266 0.116 0.0027 0.0294 0.0017 0.0021 0.0017 0.0014 0.1267 0.116 0.006 0.0366 0.0058 0.0207 0.0106 0.0601 0.1419 0.1592
105 0.0256 0.0092 8e-04 6e-04 0.0021 0.0029 0.1158 0.1821 0.0255 0.0092 6e-04 4e-04 0.0017 0.0023 0.1156 0.182 0.0269 0.0129 0.0014 0.0016 0.0044 0.0077 0.1018 0.1823
93 0.0034 0.0057 0.0024 0.0031 0.0041 0.0048 0.1012 0.11 0.0034 0.0057 0.0023 0.003 0.0038 0.0045 0.1012 0.11 0.0059 0.0098 0.0026 0.0142 0.008 0.032 0.1174 0.1268
34 0.0133 0.0403 0.02 0.0205 8e-04 0.0016 0.165 0.1368 0.0133 0.0403 0.0197 0.0202 9e-04 0.0016 0.1651 0.1367 0.0143 0.0446 0.007 0.018 0.0146 0.0245 0.1518 0.1462
423 0.0026 0.0013 0.0178 0.0249 4e-04 7e-04 0.1244 0.1144 0.0025 0.0016 0.0176 0.0225 4e-04 7e-04 0.1245 0.1145 0.0037 0.0043 0.0104 0.0123 0.0016 0.013 0.122 0.1275
115 0.0029 0.0389 0.0031 0.0031 7e-04 0.0015 0.1327 0.1421 0.0028 0.0388 0.003 0.003 6e-04 0.0013 0.1328 0.1423 0.0095 0.0398 0.0011 0.011 0.0022 0.0024 0.1133 0.1313
393 0.0045 0.0123 0.0018 0.0025 0.002 0.0022 0.0926 0.1324 0.0045 0.0123 0.0016 0.0023 0.0017 0.002 0.0926 0.1324 0.0102 0.0162 0.0018 0.0097 0.0037 0.008 0.1104 0.1409
24 0.0013 0.044 7e-04 0.0012 8e-04 0.0014 0.1741 0.103 0.0013 0.0439 7e-04 0.0012 6e-04 0.0011 0.1741 0.1029 0.0056 0.0498 0.0026 0.0029 0.007 0.0206 0.1542 0.1156
414 0.0015 0.0414 0.0178 0.0178 0.0029 0.0045 0.0802 0.1431 0.0015 0.0415 0.0195 0.0195 0.003 0.0045 0.0801 0.143 0.0039 0.0405 0.01 0.0203 0.0027 0.0264 0.0979 0.1547
335 0.0131 0.027 0.002 0.0022 0.0047 0.0053 0.1279 0.1163 0.0132 0.0269 0.0022 0.0024 0.0037 0.0041 0.128 0.1164 0.0212 0.0332 0.0043 0.0198 0.0044 0.0185 0.1322 0.117
473 0.0129 0.0178 8e-04 0.0011 0.0035 0.0047 0.1045 0.0978 0.0129 0.0179 0.0011 0.0014 0.0044 0.0057 0.1046 0.0978 0.0151 0.0239 0.001 0.0038 0.0093 0.0062 0.1051 0.1381
186 0.0086 0.0213 5e-04 8e-04 0.0059 0.0062 0.1157 0.1602 0.0086 0.0213 4e-04 6e-04 0.006 0.0064 0.1157 0.1602 0.0089 0.0227 9e-04 0.0017 0.0043 0.0372 0.1128 0.1773
525 5e-04 0.0044 7e-04 0.0017 9e-04 0.001 0.1001 0.1033 5e-04 0.0044 6e-04 0.0014 0.001 0.001 0.1002 0.1034 0.0019 0.0075 0.0033 0.0152 0.0045 0.0116 0.1023 0.1237
342 0.0048 0.0139 0.015 0.0154 8e-04 0.0012 0.1002 0.1122 0.0048 0.014 0.0111 0.0115 0.0016 0.0021 0.1003 0.1123 0.0126 0.0155 0.0011 0.0023 0.008 0.02 0.1141 0.1192
315 0.0171 0.0111 0.0238 0.0238 0.0292 0.0301 0.198 0.1439 0.0149 0.011 0.0084 0.0373 0.028 0.0288 0.1771 0.1435 0.0204 0.0161 0.0227 0.0472 0.0036 0.0116 0.1624 0.1507
507 0.0314 0.0386 2e-04 0.001 0.0033 0.004 0.0957 0.1011 0.037 0.0387 3e-04 0.0019 0.0035 0.0042 0.1004 0.1015 0.0393 0.0389 0.0034 0.0157 0.0051 0.0225 0.0982 0.119
283 0.0112 0.0072 0.006 0.0062 8e-04 0.0014 0.1228 0.1186 0.0111 0.0073 0.0063 0.0065 0.001 0.0018 0.123 0.119 0.0171 0.0091 0.0034 0.0182 0.0126 0.0164 0.1212 0.1221
495 0.0024 0.0191 5e-04 9e-04 0.009 0.0095 0.2174 0.1527 0.0025 0.0192 6e-04 8e-04 0.0095 0.01 0.2146 0.1532 0.0068 0.0216 0.004 0.0098 0.0029 0.0068 0.1808 0.1404
63 0.0107 0.0036 0.0037 0.0054 0.0075 0.0074 0.1228 0.1171 0.0101 0.0036 0.0055 0.0074 0.0081 0.0081 0.121 0.1169 0.0125 0.0085 0.0037 0.0154 0.0096 0.0119 0.1113 0.1369
325 3e-04 0.0133 0 3e-04 0.0131 0.0154 0.1438 0.1261 3e-04 0.0133 0 3e-04 0.0139 0.0162 0.1439 0.1262 0.0056 0.0153 8e-04 0.0085 0.0086 0.0169 0.1259 0.1406
176 0.0169 0.009 0.0237 0.0233 0.004 0.0042 0.0906 0.1438 0.0171 0.0131 0.0232 0.0228 0.0029 0.0031 0.0904 0.1441 0.0263 0.0208 0.0304 0.0352 0.0117 0.0133 0.106 0.1653
275 0.0145 0.013 0.0013 0.0015 9e-04 7e-04 0.1045 0.1596 0.0146 0.013 0.0019 0.0021 0.001 8e-04 0.1047 0.1597 0.0178 0.0136 0.0076 0.0173 0.0109 0.0218 0.1083 0.1467
154 0.005 0.0088 0.0029 0.003 0.0157 0.0164 0.1868 0.1096 0.0052 0.0089 0.0022 0.0022 0.0138 0.0144 0.187 0.1095 0.0129 0.0123 0.0044 0.0169 0.0096 0.0256 0.1762 0.1254
223 0.0167 0.0059 0.0012 0.0013 0.0061 0.0074 0.0998 0.1133 0.0167 0.0058 0.001 0.0011 0.0062 0.0074 0.0998 0.1132 0.0227 0.0079 0.0091 0.009 0.0031 0.0162 0.1087 0.126
516 0.0079 0.0164 2e-04 8e-04 7e-04 0.0019 0.2819 0.0981 0.0078 0.0164 3e-04 9e-04 9e-04 0.002 0.2819 0.098 0.012 0.0166 0.0013 0.0044 0.0036 0.044 0.2574 0.1222
466 0.0125 0.0038 3e-04 6e-04 9e-04 0.0011 0.1152 0.1663 0.0126 0.0038 4e-04 6e-04 0.0011 0.0012 0.1153 0.1664 0.0152 0.0074 0.0056 0.0067 0.0027 0.0069 0.1115 0.157
394 0.0069 0.008 0.0323 0.0338 0.0128 0.0135 0.1326 0.1135 0.0069 0.008 0.0316 0.0332 0.0139 0.0146 0.132 0.1134 0.0082 0.0095 0.0032 0.0015 0.0105 0.019 0.1102 0.1137
233 0.019 0.0032 0.0052 0.0062 0.0023 0.0022 0.0935 0.1167 0.0188 0.0032 0.0049 0.0059 0.0028 0.0027 0.0933 0.1165 0.0248 0.0041 6e-04 0.0021 0.0029 0.0583 0.0928 0.155
383 0.0252 0.0096 9e-04 0.001 0.0151 0.016 0.2614 0.1093 0.0261 0.0097 9e-04 0.001 0.012 0.0128 0.2627 0.1094 0.0289 0.0175 0.0015 0.0025 0.0176 0.0401 0.2078 0.1228
266 0.0104 0.0029 0.0087 0.0087 0.0013 0.0017 0.0905 0.1112 0.0103 0.0029 0.0068 0.0068 0.0014 0.0018 0.0903 0.1111 0.0147 0.006 0.003 0.0023 0.0098 0.0184 0.0991 0.1137
343 0.0034 0.0432 0.0384 0.0388 0.0072 0.008 0.1031 0.1204 0.0034 0.043 0.0416 0.0419 0.0054 0.007 0.1027 0.1197 0.0065 0.0473 0.0113 0.0259 0.0022 0.0057 0.1133 0.1264
453 0.0059 7e-04 0 0.0031 0.0146 0.0156 0.1203 0.0965 0.0059 9e-04 0 0.0024 0.0156 0.0164 0.1202 0.0964 0.0133 0.0088 0.0104 0.0104 0.0267 0.0253 0.1246 0.1046
366 0.0075 0.0221 0.063 0.0623 0.0024 0.0028 0.1623 0.1275 0.0075 0.022 0.0625 0.0617 0.0024 0.0028 0.1617 0.1281 0.0121 0.0233 0.0044 0.0083 0.0015 0.0123 0.1352 0.1333
206 0.0051 0.0074 0.0061 0.0082 0.0034 0.021 0.1471 0.1467 0.0051 0.0074 0.0071 0.0079 0.0033 0.0221 0.148 0.1475 0.0065 0.0084 0.0018 0.005 0.004 0.0389 0.1241 0.1405
85 0.0497 0.0201 0.013 0.013 0.0034 0.0097 0.124 0.1278 0.0497 0.0197 0.0137 0.0136 0.0031 0.0095 0.1242 0.1275 0.0486 0.021 0.0099 0.0143 0.0165 0.0607 0.1388 0.1319
484 0.0089 0.0329 0.0026 0.0192 0.0021 0.0025 0.1208 0.1206 0.0097 0.0329 0.0021 0.0146 0.002 0.0025 0.121 0.1203 0.0101 0.0328 0.0021 0.0121 0.0157 0.0322 0.1337 0.1295
155 0.0028 0.0014 0.009 0.0087 5e-04 0.0014 0.243 0.1347 0.0029 0.0014 0.0089 0.0086 7e-04 0.0016 0.2433 0.1348 0.0072 0.004 0.0055 0.0041 0.002 0.0061 0.2236 0.1356
376 0.0017 0.0094 2e-04 8e-04 2e-04 6e-04 0.1007 0.118 0.0019 0.0094 3e-04 9e-04 2e-04 6e-04 0.1008 0.1179 0.0036 0.0155 0.0029 0.003 0.0029 0.0276 0.1121 0.1371
326 0.0076 0.0383 0.0012 0.0016 4e-04 6e-04 0.1817 0.1228 0.0077 0.0383 7e-04 0.0011 3e-04 5e-04 0.1815 0.1228 0.0117 0.0434 0.0148 0.0171 0.0035 0.0199 0.1501 0.14
295 0.0215 0.0286 0.0052 0.0051 0.0032 0.0039 0.1436 0.1351 0.0214 0.0286 0.0056 0.0055 0.0036 0.0044 0.1436 0.1352 0.0302 0.0332 0.0111 0.0138 0.0015 0.0154 0.1419 0.1255
316 0.0043 0.0145 4e-04 9e-04 0.0026 0.0045 0.1345 0.1686 0.0043 0.0145 5e-04 0.001 0.0029 0.0047 0.1345 0.1686 0.015 0.0211 0.0111 0.016 0.0126 0.0517 0.123 0.1829
212 0.001 0.0055 4e-04 0.0132 0.002 0.0021 0.1612 0.1582 0.001 0.0055 4e-04 0.0128 0.002 0.002 0.1613 0.1582 0.0027 0.0107 0.0045 0.0284 0.0038 0.0079 0.1538 0.17
53 0.0269 0.0349 0.0015 0.0017 0.0128 0.0141 0.1421 0.1272 0.0269 0.0349 0.001 0.0012 0.0131 0.0145 0.142 0.1273 0.0303 0.0481 0.0018 0.0076 0.0062 0.0023 0.1311 0.1565
534 0.0361 0.0056 0.0065 0.0066 8e-04 0.0022 0.2426 0.1155 0.036 0.0056 0.0071 0.0072 6e-04 0.0021 0.2427 0.1155 0.0423 0.0101 0.002 0.0026 0.0028 0.0526 0.2141 0.1421
16 0.0527 0.0124 0.0044 0.0046 0.019 0.0196 0.1139 0.1213 0.0527 0.0124 0.0039 0.0042 0.0167 0.0172 0.1137 0.1212 0.0503 0.0206 0.0026 0.0018 0.0024 0.0095 0.114 0.1187
405 0.0045 0.0389 0.0035 0.0096 0.0181 0.0189 0.0955 0.1108 0.0038 0.039 0.0029 0.0083 0.0178 0.0185 0.0946 0.1113 0.0066 0.0459 0.025 0.0312 0.0052 0.0109 0.096 0.1173
106 0.0063 0.0239 0.005 0.0067 0.0017 0.0019 0.1757 0.1232 0.0063 0.0239 0.0052 0.0069 0.0011 0.0013 0.1756 0.123 0.0074 0.025 0.003 0.012 0.0025 0.0113 0.1396 0.129
35 0.0151 0.0013 8e-04 0.0028 0.0094 0.0106 0.1842 0.1023 0.015 0.0013 0.001 0.0025 0.0085 0.0096 0.1838 0.1023 0.0183 0.0077 6e-04 0.0019 0.0069 0.0076 0.1631 0.1213
145 0.0234 0.0048 3e-04 0.0064 4e-04 0.001 0.1678 0.104 0.0232 0.0047 3e-04 0.0043 4e-04 0.0015 0.1693 0.1041 0.0336 0.0109 0.0015 0.0036 8e-04 0.0028 0.1575 0.0986
25 0.0092 0.0049 3e-04 0.001 0.0136 0.0159 0.0875 0.1358 0.0092 0.005 4e-04 0.001 0.0141 0.0164 0.0874 0.1356 0.0139 0.0102 0.004 0.0105 0.005 0.016 0.0995 0.1392
355 3e-04 0.0018 0.0016 0.0064 0.0024 0.0029 0.1435 0.1273 3e-04 0.0018 0.0021 0.0074 0.0027 0.0031 0.1436 0.1274 0.0017 0.0041 0.0114 0.0118 0.011 0.0138 0.1322 0.1236
267 0.0013 0.0045 0.0239 0.0238 0.0025 0.0031 0.1215 0.1444 0.0013 0.0045 0.0233 0.0232 0.0027 0.0034 0.1214 0.1444 0.0041 0.0037 0.0069 0.0096 6e-04 0.0112 0.1145 0.1392
124 0.1238 0.036 0.0026 0.0112 0.0034 0.0034 0.1071 0.1503 0.124 0.0363 0.0029 0.0198 0.0027 0.0022 0.109 0.1508 0.1266 0.0368 0.0019 0.0075 0.0033 0.0271 0.1072 0.134
213 0.0032 0.0449 0.0237 0.0235 2e-04 0.001 0.2002 0.1838 0.0032 0.0449 0.0221 0.0219 2e-04 0.001 0.2003 0.1839 0.0107 0.0462 0.0218 0.0211 0.008 0.0616 0.1756 0.253
546 0.0023 0.0138 0.0077 0.0081 0.0041 0.0087 0.1153 0.128 0.0028 0.0139 0.0071 0.0079 0.0043 0.01 0.1162 0.1279 0.0096 0.0202 0.0127 0.0238 0.0055 0.0217 0.1291 0.1239
306 0.0101 0.1142 6e-04 0.0068 0.0142 0.0147 0.1671 0.1015 0.0104 0.1141 5e-04 0.0037 0.0145 0.015 0.1682 0.1013 0.0158 0.1093 0.0021 0.0291 0.0092 0.0218 0.1523 0.1151
284 0.0521 0.0176 0.002 0.0027 0.0299 0.0314 0.1172 0.1174 0.0517 0.0178 0.002 0.0025 0.0317 0.0322 0.1185 0.1182 0.0527 0.0212 0.0192 0.0292 0.055 0.0645 0.1197 0.1303
187 0.0044 0.0548 0.0285 0.0288 0.0067 0.0074 0.135 0.1276 0.0043 0.0539 0.029 0.0292 0.0068 0.0073 0.1363 0.1263 0.0112 0.056 0.0213 0.036 0.0033 0.0099 0.13 0.1227
94 0.0096 9e-04 4e-04 9e-04 0.0019 0.0017 0.1419 0.1221 0.0096 9e-04 2e-04 8e-04 0.0017 0.0015 0.1418 0.1222 0.0131 0.0025 0.0021 0.0115 0.0032 0.0394 0.1254 0.143
377 0.0084 0.1353 0.0012 0.0016 0.0029 0.003 0.0668 0.1216 0.0084 0.1351 9e-04 0.0014 0.0037 0.0038 0.0669 0.1216 0.0095 0.1319 4e-04 0.0013 0.012 0.0167 0.082 0.1367
526 0.0307 0.033 7e-04 6e-04 0.0151 0.016 0.1431 0.1331 0.0307 0.033 7e-04 6e-04 0.0167 0.0177 0.1429 0.1331 0.0382 0.0381 0.0017 0.0275 0.0045 0.0156 0.1455 0.1426
555 0.015 0.0111 0.0025 0.004 0.0019 0.0074 0.165 0.1366 0.0158 0.0112 0.0028 0.0043 0.0017 0.0067 0.1669 0.1358 0.0149 0.014 0.0033 0.0159 0.0096 0.0853 0.1551 0.1829
44 0.0474 0.0354 0.0142 0.0142 4e-04 7e-04 0.0976 0.1557 0.0474 0.0353 0.0148 0.0148 3e-04 6e-04 0.0975 0.1556 0.0513 0.0361 0.0116 0.0718 0.0045 0.0023 0.1265 0.1411
74 0.0111 0.0028 0.0032 0.004 9e-04 0.0021 0.1245 0.1169 0.0108 0.0028 0.0024 0.0031 8e-04 0.0021 0.1242 0.1168 0.0111 0.0086 0.0017 0.0168 0.0089 0.0156 0.1177 0.1376
496 0.0251 0.0069 0.0021 0.0026 0.0124 0.0135 0.2015 0.1385 0.025 0.0069 0.002 0.0025 0.013 0.0141 0.2011 0.1383 0.0263 0.0089 0.0016 0.0023 0.0116 0.0189 0.1601 0.1297
517 0.0078 0.1381 7e-04 0.0014 0.0176 0.0193 0.1684 0.1121 0.0079 0.1381 9e-04 0.0015 0.0169 0.0185 0.1684 0.1121 0.0131 0.1403 0.0032 0.0068 0.0325 0.0342 0.1593 0.112
146 0.0617 0.1241 0.0026 0.0047 0.0056 0.006 0.1623 0.0999 0.0618 0.1242 0.0025 0.0045 0.0062 0.0067 0.1623 0.1001 0.0653 0.1286 0.0037 0.0297 0.0088 0.0152 0.1383 0.1208
116 0.0075 0.0175 0.0352 0.0361 0.0394 0.6886 0.0954 0.5138 0.0075 0.0165 0.0229 0.0235 0.0119 0.0125 0.0956 0.1159 0.009 0.0171 0.0064 0.0083 0.0399 0.0793 0.1005 0.1603
317 0.0175 0.0965 5e-04 0.0043 0.0157 0.0164 0.1106 0.1004 0.0175 0.0966 5e-04 0.0042 0.0153 0.0159 0.1106 0.1006 0.017 0.0964 0.0273 0.0615 0.0029 0.0074 0.1198 0.1042
415 0.0129 0.0152 0.0059 0.0062 0.0123 0.0132 0.1619 0.153 0.0142 0.0151 0.0056 0.0059 0.0118 0.0123 0.1627 0.153 0.0141 0.0198 0.0028 0.0054 0.0169 0.0086 0.1439 0.1745
224 0.0089 0.0029 6e-04 0.0018 0.001 0.0021 0.139 0.1324 0.0086 0.0029 5e-04 0.0015 0.0015 0.0026 0.1387 0.1326 0.0108 0.0064 0.0014 0.0432 0.0042 0.0126 0.1563 0.1441
137 0.015 0.0122 0.012 0.0167 0.0011 0.0014 0.1154 0.1089 0.0151 0.012 0.0131 0.0165 0.0012 0.0015 0.1151 0.1082 0.0222 0.0171 0.0126 0.0293 0.0069 0.0134 0.1149 0.1254
485 0.0359 0.0231 0.0439 0.0444 6e-04 0.0012 0.1697 0.1128 0.0359 0.0232 0.0443 0.0447 8e-04 0.0014 0.1693 0.1131 0.0422 0.0269 0.0214 0.0381 0.007 0.0241 0.1221 0.1154
547 0.0093 0.0206 0.0755 0.0756 0.001 0.0012 0.1049 0.1306 0.0094 0.0206 0.0779 0.0779 9e-04 0.0011 0.1049 0.1304 0.0151 0.0224 0.0302 0.0308 0.0022 0.0453 0.1207 0.1598
336 0.0386 0.0304 0.0048 0.0058 0.0022 0.0015 0.1426 0.1164 0.0386 0.0299 0.003 0.0036 0.0022 0.0014 0.1428 0.1163 0.0421 0.0299 5e-04 0.02 0.0109 0.0058 0.1359 0.1284
246 0.0085 4e-04 0.0491 0.0988 5e-04 6e-04 0.1241 0.1054 0.0089 4e-04 0.0506 0.1032 6e-04 7e-04 0.1254 0.1054 0.013 0.0024 0.0393 0.0548 0.02 0.0313 0.13 0.1016
395 0.0049 0.0041 0.035 0.0356 0.0254 0.0278 0.1182 0.122 0.0049 0.0041 0.0327 0.0333 0.0252 0.0276 0.1182 0.1221 0.009 0.0066 0.0146 0.0193 0.0366 0.039 0.1054 0.1292
234 0.0141 0.0409 0.0025 0.003 0.0048 0.0049 0.139 0.0939 0.0141 0.0409 0.0022 0.0025 0.0042 0.0041 0.1387 0.0938 0.0161 0.0419 0.0208 0.0185 0.0151 0.0122 0.1453 0.1257
436 0.0057 0.0791 0.0035 0.0253 0.0057 0.0058 0.1087 0.1455 0.0065 0.0793 0.0038 0.0295 0.0066 0.0067 0.1101 0.1457 0.0088 0.0826 0.0043 0.0124 0.0036 0.0066 0.1207 0.1322
424 0.0096 0.0282 0.0291 0.0328 0.0157 0.0164 0.1001 0.1189 0.0087 0.0282 0.0294 0.0333 0.0135 0.0143 0.0991 0.1189 0.0136 0.0317 0.0278 0.031 0.0061 0.01 0.0979 0.1114
45 0.0015 0.033 0.0037 0.0049 0.0012 0.0014 0.1677 0.1395 0.0014 0.0331 0.0039 0.0051 0.0015 0.0017 0.1672 0.1395 0.004 0.0417 0.006 0.0094 0.0013 0.0164 0.1377 0.157
384 0.0042 9e-04 0.0108 0.011 0.0018 0.0058 0.1579 0.1253 0.0041 9e-04 0.0111 0.0111 0.0013 0.0038 0.1577 0.1234 0.008 0.0024 0.0057 0.0086 0.0074 0.0193 0.1589 0.1238
163 0.0076 0.0056 0.0447 0.0584 0.0056 0.0064 0.0776 0.1315 0.0073 0.0055 0.0442 0.0569 0.0069 0.0075 0.077 0.1314 0.011 0.0134 0.0433 0.0461 0.0131 0.0261 0.0962 0.1332
177 0.0068 0.0309 0.0021 0.0019 3e-04 6e-04 0.1072 0.1651 0.0068 0.0309 0.0019 0.0017 1e-04 5e-04 0.1073 0.1649 0.0155 0.028 0.0022 4e-04 0.0078 0.0139 0.1237 0.1964
307 0.0074 0.0842 8e-04 0.0012 0.004 0.0047 0.1044 0.1381 0.0073 0.0842 0.0011 0.0014 0.0031 0.0038 0.1042 0.1382 0.0131 0.0864 0.0017 0.0025 9e-04 0.0027 0.093 0.1356
474 0.0085 0.0031 0.0025 0.003 0.0136 0.0141 0.118 0.1249 0.0085 0.0031 0.0024 0.0029 0.0137 0.0142 0.1179 0.1248 0.0183 0.0052 0.002 0.0127 0.0208 0.0298 0.13 0.1386
527 0.0062 0.0018 0.0028 0.0028 0.0126 0.014 0.0977 0.1297 0.0062 0.0018 0.0028 0.0029 0.0143 0.0157 0.0979 0.1295 0.0112 0.0023 0.0017 0.0025 0.0035 0.0118 0.1093 0.1374
196 0.0014 0.0163 0.0551 0.0723 0.0088 0.0093 0.1072 0.1104 0.0021 0.0163 0.0533 0.0727 0.009 0.0095 0.1094 0.1104 0.0029 0.0161 0.0535 0.058 0.0149 0.0168 0.1115 0.1165
467 0.0222 0.0165 0.0089 0.0094 0.0116 0.0119 0.1366 0.1565 0.0222 0.0165 0.0088 0.0093 0.0111 0.0114 0.1367 0.1566 0.0258 0.0189 0.0094 0.0241 0.0188 0.0178 0.1402 0.1574
406 0.0019 0.0187 2e-04 6e-04 7e-04 0.0019 0.1204 0.1613 0.0019 0.0187 2e-04 6e-04 6e-04 0.0017 0.1205 0.1617 0.0051 0.0184 6e-04 0.0025 0.0019 0.012 0.1159 0.1567
75 0.0013 0.0058 2e-04 0.001 0.0034 0.0046 0.1234 0.1307 0.0013 0.0057 3e-04 0.0012 0.0035 0.0046 0.1238 0.1306 0.0058 0.0067 0.0017 0.0013 0.0056 0.0065 0.1242 0.1363
54 0.0137 0.0094 0.0029 0.0037 0.0034 0.004 0.1092 0.1135 0.0135 0.0093 0.0027 0.0035 0.0042 0.0048 0.109 0.1134 0.0149 0.0155 0.003 0.0155 0.0033 0.0145 0.1095 0.1281
425 0.0058 0.0053 0.0076 0.0079 6e-04 0.001 0.2291 0.1182 0.0058 0.0053 0.0072 0.0077 8e-04 0.0012 0.2296 0.1184 0.0087 0.0202 0.0046 0.0361 0.0046 0.0675 0.1788 0.1703
276 0.0635 0.0407 0.0048 0.0049 0.0115 0.0161 0.0963 0.1447 0.0633 0.0408 0.0045 0.0047 0.0123 0.017 0.0965 0.1447 0.0665 0.0424 0.001 0.0036 0.0105 0.026 0.1017 0.1499
535 0.0566 0.0877 0.0017 0.0025 0.0044 0.0038 0.1033 0.1474 0.0566 0.0878 0.0012 0.002 0.0044 0.0039 0.1035 0.1473 0.0624 0.0919 0.0016 0.0024 0.0196 0.0112 0.1076 0.1531
356 0.0174 0.0056 0.0102 0.0114 0.0201 0.0205 0.1152 0.1167 0.0174 0.0057 0.0104 0.0114 0.0215 0.0219 0.1149 0.1167 0.0197 0.0048 0.0015 0.0056 0.0107 0.0206 0.1194 0.1193
454 0.0034 0.0066 0.0017 0.003 0.0014 0.0015 0.125 0.1165 0.0034 0.0063 0.0013 0.0026 0.0014 0.0013 0.1251 0.1161 0.0066 0.0146 7e-04 0.0528 0.0071 0.0149 0.1399 0.1377
225 0.0027 0.0382 4e-04 6e-04 6e-04 0.0013 0.1285 0.12 0.0026 0.0385 7e-04 8e-04 5e-04 0.0013 0.1284 0.1211 0.0029 0.0484 0.0133 0.019 0.0128 0.018 0.1176 0.1222
437 0.0079 0.0199 7e-04 0.001 0.016 0.0161 0.1137 0.1093 0.0079 0.0199 6e-04 0.001 0.0151 0.0153 0.1135 0.1092 0.021 0.0209 0.0018 0.0028 0.0066 0.0435 0.1254 0.1284
556 0.057 0.0359 0.0091 0.0094 8e-04 0.001 0.1311 0.1047 0.057 0.0359 0.0094 0.0097 0.0013 0.0015 0.1311 0.1045 0.0664 0.041 0.008 0.0163 0.0137 0.8205 0.1379 0.519
86 0.0398 0.015 0.001 0.0016 0.0046 0.0079 0.2128 0.1147 0.0402 0.015 7e-04 0.0013 0.0047 0.008 0.2135 0.1147 0.0418 0.0171 0.0038 0.0458 0.0077 0.0074 0.2045 0.1238
247 0.0063 0.0046 0.007 0.0086 5e-04 0.003 0.1424 0.1055 0.0063 0.0046 0.0058 0.0075 5e-04 0.0029 0.1423 0.1056 0.0101 0.0061 0.0044 0.0045 0.0037 0.0041 0.1373 0.1179
327 0.0237 0.0516 0.001 0.004 6e-04 0.0019 0.1238 0.129 0.0237 0.0515 8e-04 0.0058 6e-04 0.0018 0.1239 0.129 0.0261 0.056 0.0028 0.0232 0.007 0.0233 0.1294 0.1519
285 0.0037 0.0214 0.0114 0.0112 0.0027 0.0035 0.2127 0.1487 0.0037 0.0214 0.0108 0.0107 0.0031 0.0039 0.2136 0.1489 0.0081 0.0231 0.0017 0.0031 0.0031 0.0096 0.1676 0.1501
367 0.0722 0.0447 9e-04 0.0098 9e-04 0.0017 0.155 0.1153 0.0722 0.0446 0.0013 0.0111 0.0011 0.002 0.1548 0.1154 0.0784 0.046 0.0015 0.0073 0.0034 0.012 0.1342 0.1285
337 0.0086 0.0318 0.0275 0.0278 0.024 0.0247 0.147 0.1069 0.0086 0.0317 0.0272 0.0276 0.0225 0.0233 0.1472 0.1066 0.0192 0.0389 0.0212 0.0224 0.0358 0.0333 0.1138 0.1315
277 0.0251 9e-04 0.0194 0.0192 5e-04 6e-04 0.089 0.1384 0.0252 0.001 0.0204 0.0202 8e-04 9e-04 0.089 0.1384 0.0317 0.0027 0.0039 0.0045 0.0291 0.1037 0.097 0.197
156 0.0096 0.0192 0.036 0.0358 0.0116 0.0118 0.1024 0.1207 0.0102 0.0192 0.0315 0.0311 0.0105 0.0107 0.1025 0.1206 0.0158 0.021 0.0311 0.0319 0.0061 0.0337 0.1106 0.1369
444 0.0037 0.0211 0.0127 0.064 0.0017 0.0025 0.1518 0.1315 0.0037 0.021 0.0125 0.0639 0.0024 0.0032 0.1523 0.1313 0.0125 0.0258 0.0081 0.057 0.0036 0.0248 0.1673 0.1473
26 0.0194 0.0189 0.0026 0.0028 0.0216 0.0271 0.0844 0.1306 0.0194 0.0188 0.0023 0.0025 0.0205 0.0259 0.0844 0.1305 0.0207 0.0225 0.0013 0.0208 0.0407 0.0477 0.095 0.1308
475 0.0207 0.0283 0.0132 0.0136 0.0069 0.0072 0.0789 0.1484 0.0207 0.0284 0.0135 0.0138 0.0054 0.0056 0.079 0.1484 0.0226 0.0289 0.0195 0.0188 0.0051 0.0105 0.0842 0.1414
36 0.0478 0.0062 0.008 0.011 8e-04 0.0027 0.1771 0.1243 0.0475 0.0064 0.0084 0.0103 9e-04 0.003 0.1786 0.1249 0.0513 0.0084 0.0069 0.0132 0.0183 0.0166 0.1605 0.1452
416 0.0092 0.0076 0.0045 0.0065 0.0062 0.0074 0.1196 0.1513 0.0091 0.0076 0.0037 0.0058 0.0076 0.0088 0.1197 0.1511 0.0146 0.0126 0.0049 0.0223 0.0051 0.0076 0.1307 0.1497
497 0.0169 0.0019 0.0055 0.0054 5e-04 0.0011 0.1101 0.0998 0.0169 0.0019 0.0053 0.0052 7e-04 0.0012 0.1101 0.1 0.0179 0.0105 0.0049 0.0081 0.0033 0.023 0.1136 0.1126
455 0.0675 0.0211 0.0033 0.003 0.0033 0.0038 0.1259 0.1158 0.0676 0.0211 0.0027 0.0025 0.0048 0.0053 0.1255 0.1158 0.0784 0.0285 0.0071 0.0551 0.0021 0.0238 0.159 0.1425
117 0.0011 0.0056 0.0131 0.0143 0.0074 0.0071 0.1299 0.1442 0.0016 0.0055 0.0133 0.0148 0.0082 0.008 0.1309 0.1443 0.0078 0.01 0.0084 0.0127 0.013 0.0108 0.1278 0.1466
344 0.0046 0.001 9e-04 0.002 0.0077 0.0087 0.108 0.1242 0.006 0.001 9e-04 0.0024 0.0077 0.0088 0.1093 0.1243 0.0082 0.006 0.0093 0.014 0.0017 0.0081 0.104 0.127
235 0.0256 0.0087 0.0032 0.0043 0.0131 0.0137 0.1257 0.0819 0.0258 0.0089 0.0034 0.0038 0.011 0.0114 0.1262 0.0821 0.035 0.0143 0.0166 0.0239 0.0065 0.0054 0.125 0.0925
46 0.0075 0.0128 0.0109 0.0112 0.0037 0.0048 0.1291 0.125 0.0078 0.0127 0.0123 0.0126 0.0034 0.0052 0.1296 0.1252 0.0096 0.0158 0.0011 0.0264 0.005 0.0191 0.1239 0.1379
87 0.0185 0.0174 0.0015 0.0015 4e-04 3e-04 0.1612 0.1317 0.0185 0.0173 0.0016 0.0017 4e-04 3e-04 0.1611 0.1318 0.0234 0.0214 0.0041 0.0159 0.0022 0.0031 0.166 0.1212
207 0.0102 0.0098 0.004 0.0196 0.0014 0.0021 0.1564 0.1146 0.0101 0.0099 0.004 0.0207 0.0013 0.0017 0.1564 0.1151 0.0122 0.014 0.0041 0.0357 0.008 0.0108 0.1462 0.1218
214 0.0027 0.0162 0.0319 0.0659 0.0057 0.0064 0.1539 0.1343 0.0026 0.0164 0.021 0.0208 0.0061 0.0074 0.1483 0.1355 0.0062 0.0195 0.007 0.0047 9e-04 0.0072 0.1427 0.1503
407 0.008 7e-04 0.0064 0.0061 5e-04 7e-04 0.1185 0.1224 0.008 7e-04 0.0049 0.0046 9e-04 0.0012 0.1185 0.1223 0.0138 0.0069 0.0031 0.0048 0.0055 0.0201 0.1184 0.1423
486 0.0076 0.0457 0.0221 0.0222 6e-04 6e-04 0.1561 0.1334 0.0042 0.0456 0.02 0.0204 7e-04 7e-04 0.1513 0.1334 0.0092 0.0512 0.0217 0.0197 0.0027 0.0073 0.1491 0.1219
107 0.0163 0.0035 0.0034 0.0029 8e-04 9e-04 0.1232 0.1104 0.0162 0.0034 0.0021 0.0016 8e-04 9e-04 0.1235 0.1105 0.0202 0.0039 0.0064 0.0097 0.0018 0.0292 0.1154 0.1382
76 0.0078 0.007 0.001 0.0013 7e-04 0.001 0.1244 0.1211 0.0078 0.0069 0.0013 0.0017 7e-04 0.001 0.1245 0.1213 0.0095 0.0089 0.0011 0.0076 0.004 0.0158 0.1114 0.1331
64 0.0108 0.0105 0.0044 0.0451 0.0111 0.0118 0.1506 0.1089 0.0109 0.0114 0.0057 0.0493 0.0119 0.0125 0.1516 0.1103 0.0165 0.02 0.0091 0.0596 0.0021 0.0033 0.1391 0.1164
286 0.011 0.0305 0.0024 0.0033 7e-04 0.001 0.1971 0.1301 0.011 0.0306 0.0025 0.0033 6e-04 0.001 0.1972 0.1301 0.0179 0.0433 8e-04 0.0023 0.0131 0.0198 0.1773 0.1454
95 0.0038 0.006 0.0032 0.0151 2e-04 4e-04 0.1325 0.1011 0.0037 0.006 0.0025 0.0112 3e-04 5e-04 0.13 0.101 0.0054 0.0099 0.0013 0.0433 0.0016 0.0018 0.1447 0.1077
55 0.0067 0.0137 0.0057 0.006 0.0172 0.0177 0.1024 0.1144 0.0066 0.014 0.0048 0.005 0.0171 0.0175 0.1025 0.1147 0.0157 0.0206 0.0021 0.0056 0.0177 0.0157 0.1015 0.1287
396 0.0305 0.0444 0.0022 0.0044 0.0044 0.0051 0.1324 0.1146 0.0305 0.0445 0.0019 0.0038 0.0029 0.0034 0.1325 0.1145 0.0356 0.0451 0.0112 0.0137 0.0164 0.0169 0.1221 0.124
197 0.0125 0.0263 0.006 0.0062 0.0092 0.0099 0.13 0.1331 0.0125 0.0262 0.0052 0.0053 0.0091 0.0098 0.13 0.1332 0.0151 0.0282 0.0133 0.0163 0.0043 0.0081 0.1294 0.1327
125 0.0041 0.005 0.0202 0.0207 0.0184 0.0244 0.0999 0.1196 0.0041 0.0049 0.017 0.0181 0.0168 0.0206 0.1 0.1177 0.0071 0.009 0.0047 0.0116 0.0099 0.0239 0.1135 0.134
226 0.0091 0.0144 0.0055 0.0062 0.0066 0.0069 0.1525 0.1354 0.0091 0.0144 0.0058 0.0066 0.0064 0.0068 0.1525 0.1353 0.0086 0.021 0.0065 0.0367 0.013 0.0271 0.1403 0.1448
456 0.027 0.0175 0.0026 0.0033 0.0177 0.0194 0.2239 0.1293 0.027 0.0175 0.0023 0.0029 0.0172 0.019 0.2238 0.1294 0.0315 0.0203 0.0072 0.0099 0.0173 0.0378 0.1937 0.1379
357 0.0029 0.0127 0.0012 0.0046 5e-04 0.0021 0.094 0.156 0.003 0.0127 0.0017 0.0048 3e-04 0.0018 0.0941 0.1562 0.0068 0.0179 0.0158 0.0249 0.0038 0.0551 0.1028 0.1593
17 0.0075 7e-04 4e-04 0.0091 0.0081 0.0086 0.1764 0.112 0.0076 7e-04 4e-04 0.0086 0.0114 0.0118 0.1767 0.1118 0.0107 0.005 0.0021 0.0278 0.0026 0.016 0.1659 0.1177
476 9e-04 0.0028 1e-04 4e-04 3e-04 0.0015 0.0925 0.1127 9e-04 0.0029 1e-04 5e-04 4e-04 0.0016 0.0925 0.1128 0.005 0.0053 0.002 0.0134 0.0038 0.0149 0.1061 0.1335
345 0.0197 0.0087 8e-04 0.001 0.0183 0.0187 0.1029 0.1264 0.0198 0.0079 6e-04 7e-04 0.0186 0.0189 0.1028 0.1256 0.0212 0.0125 0.0025 0.0218 0.0053 0.0061 0.1003 0.1235
557 0.0119 0.0202 0.0028 0.0032 4e-04 9e-04 0.0999 0.1556 0.0119 0.0216 0.002 0.0025 4e-04 0.001 0.1 0.1568 0.0142 0.0247 0.0013 0.0018 0.0095 0.0118 0.1072 0.14
47 0.021 0.001 8e-04 0.0026 0.0129 0.0132 0.1138 0.1195 0.021 0.001 0.001 0.0028 0.0136 0.0139 0.1138 0.1195 0.0292 0.0039 0.0038 0.0053 0.0125 0.0259 0.1079 0.1592
397 0.0044 0.0095 0.0048 0.0058 0.0041 0.0042 0.1548 0.1417 0.0044 0.0094 0.0041 0.0051 0.0039 0.004 0.1548 0.1417 0.0082 0.0106 0.004 0.039 0.0084 0.0075 0.1571 0.1282
215 0.008 0.0125 2e-04 4e-04 0.0019 0.0024 0.1062 0.112 0.008 0.0124 2e-04 5e-04 0.0016 0.0021 0.1062 0.1119 0.0133 0.0142 0.0023 0.0226 0.0061 0.0096 0.1087 0.107
296 0.003 0.0032 0.0081 0.0367 0.0265 0.0293 0.1446 0.1041 0.0029 0.0028 0.0107 0.0369 0.0272 0.0279 0.1435 0.1023 0.0069 0.0105 0.0069 0.0354 0.0275 0.0478 0.1462 0.1331
287 0.0024 0.0308 6e-04 8e-04 0.0012 0.0018 0.0968 0.1647 0.0024 0.0308 0.0011 0.0012 9e-04 0.0015 0.0968 0.1649 0.0067 0.0365 0.0031 0.0082 0.0022 0.005 0.0981 0.1561
536 0.006 0.0171 0.0105 0.0115 0.0019 0.0017 0.1059 0.1662 0.0061 0.0171 0.0083 0.0093 0.0024 0.0021 0.106 0.1665 0.0093 0.0224 0.0206 0.0212 0.0037 0.0045 0.1043 0.1384
157 0.0091 0.002 0.0092 0.0098 5e-04 0.0019 0.0996 0.1165 0.0091 0.002 0.0099 0.0105 7e-04 0.0021 0.0996 0.1166 0.0116 0.0087 0.0223 0.0403 0.0088 0.0081 0.1109 0.1239
487 0.0162 0.0253 8e-04 0.0015 0.0023 0.0036 0.128 0.1127 0.0162 0.0253 4e-04 0.0012 0.0021 0.0031 0.1279 0.1122 0.0215 0.0268 4e-04 0.0022 0.0056 0.0072 0.1265 0.1082
417 0.0011 0.0148 0.0141 0.0147 8e-04 0.0015 0.1183 0.1318 0.0011 0.0148 0.014 0.0145 8e-04 0.0015 0.1182 0.1318 0.0016 0.0178 0.0616 0.0846 0.003 0.0232 0.1349 0.1402
27 0.0224 0.0253 0.0068 0.0071 0.0134 0.0148 0.2113 0.1015 0.0215 0.0253 0.0063 0.0065 0.0142 0.0156 0.212 0.1012 0.0281 0.0302 0.0173 0.0237 0.0128 0.0235 0.158 0.1187
147 0.0067 0.0155 0.008 0.0549 0.0036 0.0063 0.1374 0.1186 0.0067 0.0155 0.0081 0.055 0.0036 0.0063 0.1373 0.1187 0.0084 0.0261 0.008 0.0578 0.0047 0.0505 0.1298 0.1507
65 0.0024 0.0095 6e-04 8e-04 0.0039 0.0044 0.1216 0.1068 0.0014 0.0108 0.0017 0.0019 0.0035 0.0039 0.1202 0.1094 0.01 0.0159 0.0028 0.0034 0.0035 0.0115 0.1202 0.1264
426 0.0294 0.1278 0.0277 0.034 0.0022 0.003 0.1246 0.1212 0.0294 0.1277 0.0272 0.0344 0.0021 0.0028 0.1242 0.1213 0.0308 0.1236 0.0411 0.069 0.0138 0.0443 0.1209 0.1387
236 0.0203 0.0138 0.0208 0.0208 0.0024 0.0031 0.125 0.1196 0.0202 0.0137 0.0198 0.0198 0.002 0.0028 0.125 0.1197 0.0199 0.024 0.0033 0.0153 0.002 0.019 0.123 0.1241
227 0.0037 0.0071 0.0013 0.0015 0.0137 0.0155 0.1315 0.1209 0.0037 0.0071 0.0013 0.0016 0.0117 0.0134 0.1315 0.1209 0.0085 0.0089 0.01 0.0059 0.0113 0.0224 0.1415 0.1269
385 0.0466 0.0188 0.0053 0.0119 0.004 0.0041 0.1186 0.111 0.0464 0.0188 0.0065 0.0096 0.005 0.0051 0.1166 0.1108 0.0484 0.0215 0.0023 0.0089 0.008 0.0168 0.1113 0.118
457 0.0074 0.015 0.0063 0.0087 0.0013 0.0021 0.1203 0.1693 0.0073 0.0151 0.0069 0.0093 0.0014 0.002 0.1202 0.1689 0.0089 0.0182 0.029 0.0385 0.0021 0.0147 0.1355 0.1627
77 0.0104 0.0236 2e-04 5e-04 0.0076 0.008 0.1199 0.1187 0.0098 0.0236 2e-04 6e-04 0.0086 0.0089 0.1194 0.1187 0.014 0.0247 0.007 0.0215 0.0118 0.0112 0.1231 0.1284
96 0.0018 0.008 8e-04 0.0052 0.0023 0.0031 0.0946 0.1368 0.0018 0.0079 9e-04 0.0053 0.0017 0.0025 0.0945 0.1365 0.0058 0.0108 0.0022 0.02 0.0395 0.0603 0.1033 0.1506
346 0.0047 0.017 0.0021 0.0025 3e-04 8e-04 0.1111 0.124 0.0038 0.0169 0.0025 0.0029 3e-04 8e-04 0.1104 0.1237 0.0127 0.019 0.0017 0.0323 0.0085 0.0263 0.1386 0.1391
56 0.0159 0.0029 1e-04 3e-04 0.0083 0.0088 0.1751 0.1834 0.0159 0.0037 1e-04 2e-04 0.0089 0.0098 0.176 0.1851 0.0222 0.0063 1e-04 0.008 0.005 0.0447 0.1561 0.1855
164 0.0237 0.007 0.0104 0.023 0.0498 0.0523 0.1875 0.1287 0.0237 0.007 0.0112 0.0259 0.0481 0.0505 0.1866 0.1287 0.0238 0.0102 0.0228 0.0758 0.0574 0.0703 0.1699 0.148
445 0.0024 0.0226 0.0034 0.0159 0.002 0.0024 0.2477 0.1566 0.0024 0.0227 0.0032 0.015 0.0032 0.0036 0.2471 0.1566 0.0082 0.0269 2e-04 0.0084 0.0016 0.0025 0.2014 0.1326
297 0.0068 0.0593 9e-04 0.0036 0.0165 0.017 0.2114 0.1549 0.0072 0.0594 0.0012 0.0017 0.0169 0.0174 0.2394 0.155 0.0145 0.0558 0.0138 0.0198 0.039 0.062 0.2213 0.1595
537 0.0594 0.0521 0.0075 0.0076 4e-04 0.0025 0.1684 0.1051 0.0591 0.0519 0.0063 0.007 4e-04 0.0026 0.1687 0.105 0.0558 0.0555 0.0038 0.0242 0.0069 0.0181 0.1564 0.1163
237 0.0287 0.022 0.0131 0.0132 0.0302 0.0314 0.112 0.119 0.0289 0.0224 0.0133 0.0134 0.0306 0.0312 0.1121 0.1193 0.0314 0.0266 0.0134 0.0146 0.0261 0.0278 0.1083 0.1198
477 0.0058 0.0107 1e-04 0.0058 0.0037 0.0036 0.1258 0.1376 0.0062 0.0107 1e-04 0.0053 0.0033 0.0033 0.1262 0.1376 0.0138 0.0213 0.0076 0.0207 0.0069 0.0453 0.1239 0.1581
37 0.0188 0.0705 0.0066 0.0077 0.0012 0.0024 0.1233 0.109 0.0183 0.0706 0.0078 0.0101 0.0014 0.0023 0.1229 0.109 0.0304 0.0773 0.0027 0.0033 0.006 0.0119 0.1304 0.1206
216 0.01 0.0063 0.0124 0.0135 0.0027 0.0028 0.1146 0.1205 0.01 0.0063 0.0128 0.0139 0.0022 0.0024 0.1146 0.1205 0.0133 0.009 0.0043 0.0095 0.0123 0.0151 0.1248 0.1148
126 0.0069 0.0042 0.0028 0.0034 0.0026 0.0061 0.1295 0.1254 0.0069 0.0042 0.003 0.0035 0.0025 0.006 0.1295 0.1251 0.009 0.0039 0.0057 0.0091 0.012 0.0309 0.1286 0.1365
386 0.0586 0.0461 0.0072 0.0073 0.0151 0.0159 0.1223 0.1317 0.0581 0.0462 0.0066 0.0078 0.0155 0.0162 0.1213 0.1319 0.056 0.0537 0.0065 0.0111 0.0264 0.0574 0.1187 0.1511
427 0.0269 0.0546 0.0132 0.0136 0.0026 0.0043 0.1383 0.1146 0.0244 0.055 0.0098 0.0103 0.0028 0.0034 0.1363 0.1149 0.03 0.0574 2e-04 0.0119 0.0037 0.0189 0.1486 0.1197
446 0.0116 0.0182 0.0025 0.0054 0.0115 0.0122 0.256 0.1717 0.0117 0.0181 0.0027 0.0048 0.0132 0.0139 0.2544 0.1721 0.0168 0.0215 0.0107 0.025 0.0265 0.0271 0.2182 0.1555
57 0.0077 0.0067 0.008 0.008 0.0165 0.0174 0.1361 0.1292 0.0078 0.0064 0.0048 0.0048 0.0156 0.0167 0.1359 0.1283 0.0088 0.0092 0.0059 0.0056 0.0103 0.0157 0.1115 0.1275
387 0.0084 0.0186 0.0038 0.0044 0.0062 0.0066 0.1041 0.1462 0.0084 0.0185 0.0035 0.004 0.0063 0.0065 0.1041 0.1463 0.012 0.0192 0.0082 0.0259 0.0028 0.0077 0.1145 0.1434
347 0.0048 0.0051 0.0302 0.0313 0.0015 0.0012 0.242 0.1161 0.0048 0.0051 0.0287 0.0298 0.0014 0.0011 0.2419 0.1161 0.0125 0.0096 0.0147 0.0171 0.0033 0.0042 0.1866 0.1249
447 0.0158 0.0145 0.0087 0.009 0.015 0.0158 0.1319 0.0972 0.0159 0.0144 0.0091 0.0093 0.0149 0.0156 0.1319 0.0972 0.0188 0.017 0.0146 0.0662 0.0092 0.0123 0.166 0.112
127 0.0237 0.0023 0.005 0.0051 0.0348 0.0356 0.1276 0.1267 0.0237 0.0023 0.005 0.0051 0.0331 0.034 0.1277 0.1268 0.0285 0.0065 0.0028 0.0046 0.0135 0.0129 0.1174 0.1183
66 0.0245 0.0151 0.0025 0.0387 0.0025 0.0021 0.1998 0.1093 0.0246 0.015 0.0022 0.0344 0.0024 0.0022 0.1988 0.109 0.0231 0.0193 0.0034 0.0458 0.0079 0.0477 0.1722 0.1492
97 0.0063 0.0292 0.0086 0.0461 0.0094 0.0095 0.1585 0.1388 0.0063 0.0292 0.009 0.0439 0.0084 0.0083 0.1583 0.1385 0.0087 0.0291 0.0063 0.054 0.0022 0.0103 0.1454 0.1455
165 0.0119 0.0075 0.006 0.0062 0.0024 0.0032 0.1689 0.1086 0.0119 0.0075 0.006 0.0062 0.0022 0.0027 0.169 0.1081 0.0145 0.0149 0.0053 0.0026 0.0076 0.0195 0.148 0.1354
217 0.0094 0.0088 0.0019 0.0065 0.0015 0.0021 0.135 0.1404 0.0092 0.0088 0.0016 0.0079 0.0019 0.0025 0.1342 0.1404 0.0194 0.0107 0.0049 0.0144 0.0047 0.0113 0.1419 0.1385
166 0.0037 0.0152 0.0034 0.0035 0.002 0.002 0.1342 0.1174 0.0036 0.0152 0.003 0.0031 0.0014 0.0014 0.1339 0.1174 0.0098 0.0172 0.0225 0.0238 0.0073 0.0084 0.1265 0.1197
67 0.0304 0.0076 0.0275 0.027 0.0021 0.0025 0.1166 0.2103 0.0305 0.0075 0.0274 0.0268 0.0023 0.0027 0.1167 0.2102 0.0383 0.0124 0.0129 0.0216 0.0043 0.0064 0.1149 0.1939
167 0.0037 0.0044 0.0022 0.003 0.0112 0.0124 0.1244 0.1156 0.0037 0.0045 0.0028 0.0033 0.0119 0.0131 0.1239 0.1156 0.0054 0.0081 0.0048 0.0142 0.0212 0.031 0.1226 0.1449
"Mean1" "Mean2" "YPC1" "YPC2" "ZPC1" "ZPC2" "IND1" "IND2"
"t" 14.46 21.27 7.33 9.96 6.91 10.27 136.04 128.22
"slash" 14.43 21.27 7.14 9.71 6.81 7.76 136.06 126.88
"norm" 18.14 24.75 8.76 20.18 9.5 23.61 130.74 136.7
