"x"
"1" "Generate from n distribution. Repeat 32 times. The variance of residual is 0.25 . The outlier observations is percent = 0.03 ."
"x"
"1" "== degree of freedom:  1 =="
30 0.2086 0.0634 0.3377 0.3179 0.0441 0.0393 0.1564 0.168 0.2087 0.0629 0.2533 0.2438 0.0312 0.0217 0.1525 0.1676 0.2079 0.0626 0.5744 0.4964 0.2778 0.2861 0.1522 0.1699
34 0.1135 0.2028 0.1702 0.1717 0.1641 0.166 0.1574 0.1728 0.112 0.2028 0.1433 0.1462 0.1231 0.1232 0.1575 0.1732 0.1119 0.2027 0.2298 0.2262 0.2206 0.2264 0.1586 0.1734
18 0.132 0.1855 0.215 0.2037 0.1929 0.197 0.1581 0.1662 0.1319 0.1849 0.2034 0.1929 0.1754 0.18 0.1587 0.1671 0.1343 0.1839 0.5852 0.5091 0.5889 0.5967 0.1567 0.1641
27 0.1247 0.1258 0.0142 0.0207 0.1312 0.1359 0.1815 0.1632 0.1243 0.1256 0.0226 0.0217 0.1422 0.1477 0.1822 0.1641 0.1228 0.1249 0.4564 0.52 0.0886 0.0913 0.1802 0.1576
9 0.107 0.3135 0.2911 0.2784 0.2859 0.2875 0.154 0.1639 0.106 0.3142 0.2636 0.2543 0.2147 0.2153 0.1525 0.1641 0.1053 0.3157 0.4015 0.3715 0.5369 0.5391 0.1528 0.1634
26 0.0812 0.2162 0.0263 0.0295 0.1544 0.1607 0.1554 0.1685 0.0808 0.2159 0.0365 0.0347 0.1489 0.1542 0.155 0.1691 0.0835 0.2191 0.029 0.0351 0.1829 0.1889 0.1551 0.1697
29 0.0752 0.1178 0.1291 0.1351 0.2871 0.2951 0.1493 0.1543 0.0773 0.1172 0.139 0.1457 0.2476 0.2557 0.1512 0.1547 0.076 0.1184 0.116 0.1177 0.4398 0.4484 0.1486 0.1537
33 0.2613 0.1867 0.0416 0.0455 0.2767 0.2861 0.1501 0.1669 0.2619 0.1865 0.0558 0.0603 0.2238 0.2336 0.1507 0.1676 0.2626 0.1868 0.7106 0.5902 0.4752 0.482 0.1485 0.1663
10 0.1247 0.2568 0.0242 0.0343 0.0284 0.0273 0.1546 0.1506 0.124 0.2561 0.0238 0.034 0.0675 0.0665 0.1546 0.1507 0.1268 0.256 0.0143 0.0337 0.5652 0.5767 0.1516 0.1531
15 0.2203 0.048 0.0479 0.0497 0.2144 0.2085 0.1556 0.1665 0.2196 0.0467 0.0362 0.0398 0.1863 0.1798 0.1556 0.1668 0.2227 0.0472 0.158 0.1698 0.4658 0.464 0.1539 0.165
17 0.1207 0.1336 0.0186 0.0159 0.1147 0.1146 0.165 0.1639 0.1204 0.1328 0.0176 0.0145 0.1113 0.1119 0.1671 0.1642 0.1235 0.1358 0.2532 0.2769 0.1692 0.1726 0.1644 0.1632
36 0.2596 0.1013 0.0644 0.0649 0.0455 0.0714 0.1723 0.1591 0.259 0.1015 0.0681 0.0682 0.04 0.07 0.1722 0.1597 0.2634 0.1044 0.1109 0.1115 0.4078 0.4144 0.1703 0.1558
21 0.2807 0.3191 0.0089 0.0338 0.1314 0.1343 0.1581 0.1617 0.2805 0.3183 0.0081 0.0341 0.1079 0.1107 0.1582 0.1615 0.2812 0.3174 0.0096 0.0225 0.2245 0.2298 0.1578 0.1614
35 0.0855 0.1619 0.196 0.2077 0.0184 0.0254 0.1602 0.173 0.0853 0.1622 0.165 0.1723 0.0245 0.0283 0.1614 0.174 0.088 0.1626 0.5174 0.5866 0.0814 0.0899 0.1572 0.1726
37 0.1439 0.0392 0.0179 0.024 0.1424 0.1422 0.1757 0.1699 0.143 0.039 0.0244 0.0295 0.1329 0.1333 0.1765 0.1704 0.1414 0.0403 0.0886 0.0885 0.2077 0.2066 0.1752 0.1662
22 0.1196 0.1902 0.14 0.1433 0.035 0.0554 0.1609 0.1681 0.1184 0.1912 0.09 0.0972 0.0337 0.0513 0.1638 0.1673 0.1189 0.1913 0.2575 0.2557 0.0253 0.0441 0.1575 0.167
39 0.0728 0.136 0.1275 0.1357 0.0471 0.052 0.151 0.1538 0.0731 0.1356 0.092 0.0974 0.0562 0.0592 0.1515 0.1534 0.0731 0.1381 0.9744 1.1442 0.0636 0.0659 0.149 0.1546
32 0.0688 0.0899 0.0725 0.074 0.1195 0.1223 0.1545 0.1568 0.068 0.0888 0.0553 0.0571 0.1125 0.1168 0.1537 0.1563 0.0708 0.0884 0.1627 0.1624 0.2323 0.231 0.1559 0.1595
23 0.0656 0.177 0.005 0.0367 0.2026 0.2104 0.1638 0.1691 0.0644 0.1778 0.0182 0.0388 0.1547 0.1601 0.1643 0.1701 0.0682 0.1786 0.0653 0.0683 0.3672 0.3807 0.1649 0.1678
14 0.1536 0.1923 0.2255 0.2398 0.0748 0.0995 0.1651 0.1705 0.1535 0.1915 0.2154 0.2283 0.0701 0.0986 0.1649 0.1707 0.1559 0.1931 0.6557 0.754 0.3285 0.3353 0.1587 0.1732
24 0.1383 0.0826 0.0855 0.0961 0.0454 0.0429 0.1481 0.1575 0.1374 0.082 0.0527 0.0614 0.0439 0.0424 0.1491 0.1581 0.1383 0.0833 0.1797 0.1976 0.0915 0.0935 0.1478 0.1596
11 0.1383 0.0459 0.1219 0.1235 0.2001 0.1974 0.1589 0.1491 0.1385 0.0458 0.0946 0.0965 0.1514 0.1477 0.1595 0.1475 0.1391 0.0474 0.3828 0.3582 0.5564 0.5601 0.1566 0.1474
31 0.1435 0.2376 0.0182 0.0131 0.0392 0.0495 0.1528 0.1652 0.1434 0.2376 0.0196 0.0224 0.021 0.0382 0.1536 0.1669 0.1423 0.2408 0.3996 0.3732 1.2715 1.2711 0.1518 0.1633
25 0.0665 0.1236 0.2823 0.31 0.0583 0.0732 0.1581 0.1672 0.066 0.1238 0.2339 0.2557 0.0514 0.0705 0.1588 0.1675 0.0649 0.1264 0.5981 0.6861 0.1331 0.1282 0.1564 0.1648
19 0.0548 0.0802 0.3378 0.3778 0.4117 0.4192 0.1524 0.1504 0.0543 0.0803 0.2911 0.3249 0.332 0.3383 0.1536 0.1504 0.0569 0.0837 0.5036 0.5749 0.6528 0.6628 0.1509 0.1521
16 0.0985 0.1877 0.0788 0.0791 0.0599 0.0607 0.1532 0.1594 0.0982 0.1869 0.0844 0.0852 0.0569 0.0582 0.1538 0.1601 0.0985 0.1901 0.6835 0.5636 0.2354 0.2412 0.1513 0.1568
20 0.195 0.2998 0.0469 0.0461 0.101 0.098 0.1631 0.1598 0.1955 0.2985 0.0501 0.0511 0.0663 0.0618 0.1599 0.1611 0.1949 0.3015 0.1718 0.1826 0.4733 0.4766 0.1639 0.1559
38 0.135 0.0367 0.0989 0.1003 0.0519 0.0572 0.1579 0.1546 0.1349 0.0375 0.0121 0.0165 0.0356 0.0427 0.1596 0.1553 0.1355 0.0371 0.5388 0.4754 0.2713 0.2686 0.1566 0.1554
13 0.0894 0.0284 0.6742 0.5605 0.1244 0.1226 0.1646 0.1632 0.0872 0.0296 0.5042 0.4517 0.0648 0.0601 0.163 0.1643 0.0895 0.0295 0.9233 0.7804 0.392 0.3997 0.1639 0.1642
28 0.2254 0.1752 0.2759 0.2994 0.459 0.4677 0.1539 0.1705 0.225 0.1735 0.1962 0.2094 0.2969 0.2991 0.1543 0.1684 0.2277 0.1744 0.5221 0.5922 0.8788 0.8868 0.1528 0.1671
12 0.0757 0.2763 0.3838 0.3585 0.0671 0.0687 0.1557 0.1771 0.0759 0.2727 0.3062 0.294 0.0545 0.059 0.1576 0.1772 0.0752 0.277 0.6934 0.5778 0.3226 0.3299 0.1542 0.1752
8 0.135 0.0572 0.2147 0.229 0.2545 0.262 0.1513 0.1701 0.1354 0.0572 0.1598 0.1685 0.182 0.1876 0.151 0.1723 0.1373 0.0547 0.5176 0.5851 0.5844 0.5935 0.1518 0.1637
"Mean1" "Mean2" "YPC1" "YPC2" "ZPC1" "ZPC2" "IND1" "IND2"
"t" 134.83 152.75 149.76 151.73 143.22 148.44 158.41 163.47
"slash" 134.5 152.4 123.02 126.5 117.54 122.61 158.69 163.8
"norm" 135.57 153.54 390.15 390.23 369.13 374.43 157.09 162.59
