"x"
"1" "Generate from n distribution. Repeat 32 times. The variance of residual is 0.04 . The outlier observations is percent = 0.01 ."
"x"
"1" "== degree of freedom:  1 =="
25 0.0244 0.0326 0.1476 0.1579 0.023 0.0398 0.0645 0.0703 0.0244 0.0327 0.1033 0.1092 0.0233 0.0411 0.0638 0.0704 0.0247 0.0324 0.253 0.2772 0.0159 0.0366 0.0645 0.0703
35 0.0169 0.0839 0.0514 0.0489 0.0657 0.0671 0.0679 0.068 0.017 0.0839 0.0558 0.0539 0.0776 0.0792 0.068 0.0682 0.0174 0.084 0.0469 0.0445 0.0562 0.0577 0.067 0.0681
18 0.0507 0.0731 0.0889 0.086 0.0789 0.0814 0.0654 0.0646 0.0506 0.073 0.0835 0.0806 0.0734 0.0758 0.0656 0.0646 0.0508 0.0731 0.1085 0.1055 0.0738 0.0763 0.0653 0.0646
21 0.0156 0.1956 0.0436 0.0499 0.0791 0.0804 0.0625 0.068 0.0152 0.1956 0.0494 0.0547 0.0396 0.0406 0.0623 0.0683 0.0148 0.1956 0.0291 0.0357 0.2477 0.2511 0.0629 0.0679
33 0.2156 0.1955 0.1201 0.1278 0.0199 0.0208 0.062 0.069 0.2157 0.1955 0.0964 0.1021 0.0119 0.017 0.062 0.0692 0.2161 0.1958 0.7298 0.847 0.1315 0.1324 0.0616 0.0689
11 0.0533 0.094 0.0326 0.0326 0.0459 0.048 0.0647 0.0647 0.0533 0.0939 0.0371 0.0373 0.044 0.046 0.0647 0.0647 0.0533 0.0939 0.0383 0.0386 0.0434 0.0455 0.0647 0.0647
15 0.1076 0.1465 0.0095 0.0117 0.0247 0.0309 0.0592 0.0683 0.1078 0.1464 0.0193 0.0202 0.0248 0.0311 0.0596 0.0684 0.1086 0.1464 0.7993 0.6615 0.0189 0.0264 0.059 0.0685
16 0.2308 0.0853 0.0299 0.0298 0.1548 0.1518 0.063 0.0646 0.231 0.0853 0.0341 0.035 0.1054 0.1012 0.063 0.0648 0.231 0.0852 0.1421 0.1458 0.3584 0.3594 0.0621 0.064
34 0.0466 0.2168 0.0643 0.0677 0.1165 0.1197 0.0627 0.0697 0.0462 0.2163 0.0651 0.0684 0.086 0.0883 0.0627 0.0692 0.0457 0.2168 0.0545 0.0575 0.1576 0.1625 0.0624 0.0701
23 0.0272 0.1331 0.11 0.1154 0.0246 0.0243 0.0648 0.0665 0.0272 0.1331 0.0816 0.0849 0.0209 0.0192 0.0647 0.0665 0.0275 0.1335 0.1673 0.1779 0.0704 0.0739 0.0652 0.0668
9 0.0497 0.1367 0.0206 0.0197 0.1319 0.1336 0.0652 0.0671 0.0496 0.1368 0.0203 0.0201 0.0628 0.0626 0.0651 0.0681 0.0499 0.1363 0.0094 0.0169 0.2315 0.2368 0.0648 0.067
38 0.0815 0.1012 0.2234 0.218 0.0185 0.02 0.0656 0.0609 0.0815 0.1009 0.1537 0.1523 0.012 0.0138 0.0661 0.0611 0.0818 0.1025 0.4264 0.392 0.1409 0.1432 0.0657 0.0623
26 0.1451 0.0773 0.032 0.0319 0.2231 0.2313 0.064 0.0667 0.1451 0.0772 0.0324 0.0313 0.1952 0.2031 0.0636 0.0667 0.1454 0.0771 0.0396 0.0397 0.3632 0.3727 0.0638 0.0666
32 0.1442 0.1424 0.0402 0.0413 0.02 0.0184 0.0646 0.0609 0.144 0.1423 0.039 0.0401 0.0235 0.0213 0.0646 0.0607 0.1441 0.1417 0.0926 0.0943 0.0117 0.0162 0.0645 0.061
10 0.1067 0.0872 0.044 0.0468 0.0673 0.0644 0.0599 0.0631 0.1067 0.0872 0.0166 0.0157 0.0277 0.0259 0.06 0.0637 0.1069 0.0871 0.2294 0.2274 0.3907 0.3941 0.0599 0.0629
31 0.0877 0.0582 0.16 0.1609 0.1403 0.1414 0.0644 0.0623 0.0879 0.0581 0.1354 0.1373 0.0884 0.0885 0.0646 0.0622 0.085 0.0581 0.3292 0.314 0.4959 0.5033 0.067 0.0678
22 0.0956 0.109 0.0661 0.0678 0.0703 0.0768 0.0634 0.0634 0.0956 0.109 0.0667 0.0682 0.0627 0.0695 0.0635 0.0634 0.0957 0.109 0.0629 0.0646 0.0813 0.0873 0.0632 0.0634
19 0.1198 0.1074 0.1932 0.2068 0.0243 0.0241 0.0639 0.0662 0.1195 0.1075 0.1101 0.1153 0.0234 0.0232 0.0638 0.0663 0.1206 0.1075 0.5499 0.6255 0.0408 0.0375 0.0627 0.0663
39 0.1312 0.015 0.0169 0.0195 0.1175 0.1146 0.0611 0.0673 0.1312 0.0146 0.0276 0.029 0.103 0.0997 0.0613 0.067 0.131 0.0153 0.3818 0.3594 0.171 0.1713 0.0622 0.0678
14 0.1322 0.2977 0.0617 0.0628 0.0088 0.0251 0.0663 0.0636 0.1321 0.2978 0.0848 0.0873 0.0183 0.0346 0.067 0.0639 0.1321 0.2978 0.098 0.1012 0.1038 0.1088 0.0655 0.0633
27 0.0379 0.102 0.0059 0.008 0.0424 0.0447 0.0725 0.0668 0.0379 0.1021 0.034 0.0342 0.067 0.0701 0.0731 0.0665 0.0385 0.1025 0.5511 0.63 0.4142 0.4186 0.0725 0.0666
17 0.0449 0.0256 0.1539 0.1561 0.082 0.0828 0.0638 0.0687 0.0449 0.0256 0.1137 0.1168 0.0847 0.0846 0.0639 0.0688 0.0451 0.0259 0.2207 0.2194 0.0835 0.0846 0.0642 0.0689
13 0.07 0.1022 0.1439 0.1432 0.0592 0.0585 0.0632 0.0689 0.0705 0.1022 0.1012 0.1015 0.0584 0.0575 0.0635 0.0689 0.0701 0.1018 0.3092 0.2965 0.045 0.045 0.063 0.0691
24 0.1606 0.1134 0.0724 0.0782 0.0953 0.099 0.0615 0.0673 0.1605 0.1133 0.0629 0.0681 0.0971 0.1009 0.0617 0.0671 0.1606 0.1132 0.0873 0.0943 0.0926 0.0959 0.0613 0.0673
12 0.0935 0.173 0.0896 0.0934 0.0846 0.0849 0.0637 0.066 0.0935 0.1729 0.0742 0.078 0.0722 0.0728 0.064 0.0661 0.0937 0.173 0.1659 0.1678 0.1209 0.1206 0.0636 0.0658
8 0.0455 0.0453 0.1609 0.1722 0.0611 0.0638 0.0636 0.0627 0.0456 0.0453 0.0817 0.0859 0.055 0.0573 0.063 0.0626 0.046 0.0455 0.4446 0.4993 0.1237 0.1274 0.0632 0.0621
29 0.037 0.0631 0.0431 0.0409 0.0486 0.0468 0.064 0.0657 0.0371 0.063 0.0464 0.0441 0.0586 0.0564 0.0639 0.0651 0.0369 0.063 0.0508 0.0486 0.0753 0.0731 0.064 0.0657
28 0.1469 0.0901 0.0399 0.0417 0.0511 0.0474 0.0633 0.0666 0.147 0.0898 0.0281 0.0295 0.0446 0.0416 0.0642 0.0667 0.1474 0.0898 0.2118 0.2294 0.4457 0.4501 0.0629 0.0663
20 0.0208 0.0392 0.0799 0.0811 0.1349 0.136 0.0589 0.0657 0.0202 0.0392 0.078 0.0793 0.0695 0.0687 0.0586 0.0666 0.021 0.0386 0.1458 0.1476 0.4794 0.484 0.0607 0.0649
37 0.1184 0.0285 0.0094 0.0179 0.0254 0.0248 0.0696 0.0664 0.1187 0.0284 0.0101 0.018 0.03 0.0291 0.0696 0.0665 0.1187 0.0285 0.0176 0.0217 0.0107 0.0189 0.0699 0.0658
36 0.222 0.0416 0.2162 0.2134 0.0658 0.0679 0.067 0.0643 0.2219 0.0417 0.1663 0.1664 0.0567 0.0604 0.0675 0.0644 0.2227 0.0416 0.5288 0.4703 0.1803 0.1802 0.0674 0.0642
30 0.1437 0.0244 0.1404 0.1392 0.0139 0.0142 0.0633 0.0692 0.1438 0.024 0.0894 0.089 0.0149 0.0173 0.063 0.0693 0.1436 0.0248 0.3865 0.3596 0.0339 0.0369 0.0636 0.0699
"Mean1" "Mean2" "YPC1" "YPC2" "ZPC1" "ZPC2" "IND1" "IND2"
"t" 94.49 101.15 84.73 87.14 69.36 71.39 64.04 66.05
"slash" 94.47 101.08 68.7 70.42 57.27 59.33 64.13 66.13
"norm" 94.59 101.17 240.88 244.1 165.93 169.63 64.07 66.21
