"x"
"1" "Generate from n distribution. Repeat 32 times. The variance of residual is 0.04 . The outlier observations is percent = 0.03 ."
"x"
"1" "== degree of freedom:  1 =="
34 0.1195 0.1893 0.1658 0.1673 0.1666 0.1707 0.0652 0.071 0.1193 0.1891 0.1336 0.1363 0.1199 0.1223 0.0651 0.0706 0.1196 0.1898 0.2212 0.2189 0.218 0.2242 0.0655 0.0718
30 0.2043 0.0531 0.3391 0.3213 0.0317 0.0308 0.0639 0.0692 0.2043 0.0529 0.2336 0.2286 0.0165 0.0125 0.0627 0.0689 0.2041 0.0521 0.5655 0.4922 0.2295 0.2356 0.0627 0.0692
9 0.1044 0.3043 0.2757 0.2665 0.2892 0.2924 0.063 0.0696 0.1043 0.3046 0.2454 0.2392 0.2148 0.2169 0.0629 0.0701 0.104 0.305 0.398 0.3698 0.5441 0.5485 0.0627 0.0684
23 0.067 0.1787 0.0096 0.0187 0.2174 0.2226 0.0672 0.0682 0.0666 0.179 0.0077 0.0168 0.1702 0.1746 0.0678 0.069 0.0674 0.1794 0.0805 0.0839 0.3887 0.3971 0.068 0.0681
10 0.1287 0.2675 0.0181 0.0191 0.0168 0.0161 0.0612 0.0625 0.1286 0.2682 0.0188 0.0198 0.0547 0.055 0.0617 0.0631 0.1295 0.2675 0.0129 0.0151 0.5657 0.5732 0.061 0.0631
25 0.057 0.1113 0.2714 0.298 0.0406 0.0445 0.0641 0.0681 0.057 0.1112 0.2107 0.2293 0.0295 0.0382 0.0639 0.068 0.0567 0.1127 0.5997 0.6895 0.1195 0.1158 0.0633 0.0683
24 0.1472 0.0781 0.0931 0.1014 0.0335 0.0348 0.0599 0.0655 0.1471 0.0782 0.052 0.0572 0.0287 0.0298 0.0601 0.0653 0.1467 0.0778 0.1679 0.1834 0.085 0.0873 0.0597 0.0659
16 0.0938 0.1878 0.101 0.1058 0.0447 0.0446 0.0623 0.0647 0.094 0.1877 0.1018 0.1063 0.0434 0.0434 0.0628 0.065 0.0935 0.1879 0.6613 0.552 0.2328 0.237 0.0615 0.0632
22 0.1276 0.1742 0.1588 0.1601 0.0186 0.0238 0.0625 0.0692 0.1275 0.1743 0.1013 0.104 0.0193 0.0239 0.0633 0.0691 0.1271 0.1742 0.2863 0.2783 0.0163 0.021 0.0615 0.0689
38 0.1407 0.0314 0.1356 0.1363 0.0585 0.0599 0.0652 0.0633 0.1405 0.0315 0.0516 0.0531 0.037 0.0395 0.0658 0.0639 0.1406 0.0315 0.5419 0.4774 0.2809 0.2825 0.0646 0.0627
33 0.2648 0.1811 0.0493 0.0519 0.2587 0.2637 0.0612 0.0694 0.265 0.181 0.0668 0.0706 0.1896 0.1941 0.0616 0.07 0.2651 0.1816 0.6941 0.578 0.4708 0.4757 0.0604 0.0686
19 0.0421 0.081 0.3543 0.3959 0.4019 0.4077 0.0625 0.0627 0.042 0.0816 0.3063 0.3403 0.3253 0.3302 0.0637 0.0643 0.0425 0.0818 0.5146 0.5869 0.6296 0.6373 0.0621 0.0631
17 0.1323 0.1346 0.0086 0.0096 0.1113 0.1119 0.0661 0.068 0.1325 0.1345 0.0215 0.0238 0.1063 0.1069 0.0664 0.0682 0.1331 0.1347 0.2466 0.2695 0.1733 0.1761 0.066 0.0677
29 0.0801 0.1261 0.1291 0.1376 0.2931 0.2989 0.0618 0.0652 0.081 0.126 0.1389 0.148 0.2451 0.2508 0.0624 0.0656 0.08 0.1262 0.1206 0.1225 0.4404 0.4475 0.0615 0.0645
31 0.1244 0.2315 0.0147 0.012 0.0128 0.016 0.0612 0.0672 0.1244 0.2325 0.0077 0.0056 0.0096 0.0161 0.061 0.0679 0.1239 0.2332 0.4145 0.3841 1.2597 1.2599 0.0608 0.0664
35 0.0941 0.1592 0.2027 0.2197 0.0124 0.0155 0.0663 0.0705 0.0941 0.159 0.1682 0.1811 0.0167 0.0183 0.0674 0.071 0.0946 0.159 0.5193 0.59 0.0915 0.0943 0.0642 0.0707
8 0.1421 0.0584 0.2013 0.2157 0.2607 0.2669 0.064 0.0682 0.1423 0.0584 0.1335 0.1405 0.165 0.1702 0.0643 0.0691 0.1418 0.0584 0.517 0.5851 0.5921 0.5997 0.0634 0.0664
18 0.1391 0.1818 0.2188 0.2126 0.1872 0.19 0.0651 0.067 0.1393 0.182 0.1996 0.1946 0.1609 0.1642 0.065 0.0673 0.1397 0.1815 0.5826 0.5048 0.6075 0.6142 0.0643 0.0659
11 0.142 0.0402 0.1282 0.13 0.2181 0.219 0.0644 0.0612 0.142 0.0401 0.0955 0.0978 0.1574 0.1564 0.0648 0.0603 0.1422 0.0396 0.3941 0.368 0.5775 0.5814 0.0638 0.0606
13 0.0778 0.0273 0.6932 0.577 0.1379 0.1396 0.0655 0.0675 0.0783 0.0274 0.5247 0.4655 0.0696 0.0684 0.0662 0.0681 0.0782 0.0274 0.9327 0.7838 0.4193 0.426 0.0656 0.0679
39 0.0617 0.1348 0.1209 0.1278 0.0496 0.0471 0.0614 0.0647 0.0617 0.1353 0.0858 0.0899 0.0594 0.0566 0.0613 0.0654 0.0617 0.1352 0.9706 1.1422 0.0635 0.0653 0.0611 0.0648
36 0.2753 0.0991 0.0833 0.0843 0.0314 0.0394 0.0673 0.0653 0.275 0.0991 0.0824 0.0835 0.0219 0.0338 0.0674 0.0654 0.2762 0.1008 0.1616 0.1611 0.4155 0.4217 0.0662 0.0636
15 0.2174 0.0483 0.0451 0.048 0.204 0.2029 0.0615 0.0685 0.2174 0.0493 0.0336 0.0357 0.1746 0.173 0.0614 0.0697 0.2179 0.0487 0.1424 0.1538 0.466 0.4678 0.0614 0.0677
27 0.1191 0.1204 0.0091 0.0113 0.1256 0.1295 0.0725 0.0662 0.119 0.1204 0.0212 0.0214 0.1326 0.137 0.0727 0.0667 0.1191 0.1202 0.4459 0.5039 0.0716 0.0743 0.0728 0.0636
32 0.0762 0.082 0.0331 0.0353 0.1152 0.1148 0.0632 0.064 0.0761 0.0817 0.0176 0.0189 0.1078 0.1074 0.0631 0.064 0.0768 0.0816 0.1202 0.1217 0.2259 0.226 0.0639 0.0653
21 0.2942 0.321 0.0117 0.0144 0.1272 0.1296 0.064 0.0663 0.2941 0.3208 0.0099 0.0136 0.1001 0.102 0.064 0.0669 0.2943 0.3205 0.0134 0.0144 0.2154 0.2196 0.0642 0.0661
14 0.1568 0.1956 0.1985 0.2124 0.0609 0.0646 0.0664 0.0694 0.1568 0.1947 0.1774 0.1889 0.0581 0.0626 0.0663 0.0694 0.1571 0.1954 0.6649 0.7661 0.3129 0.3201 0.0644 0.0693
37 0.1485 0.0335 0.0068 0.0128 0.1478 0.1485 0.0717 0.0694 0.1482 0.0335 0.0127 0.0168 0.1369 0.138 0.0718 0.0696 0.1473 0.0339 0.1001 0.1011 0.2117 0.2123 0.0714 0.0683
28 0.2187 0.1738 0.2827 0.3093 0.4682 0.4761 0.0631 0.071 0.2187 0.1734 0.2064 0.2225 0.3114 0.317 0.0636 0.0713 0.2191 0.1732 0.5254 0.5969 0.8834 0.8907 0.0627 0.0681
26 0.0762 0.2145 0.0234 0.0222 0.147 0.1526 0.0644 0.0689 0.0764 0.2145 0.0321 0.031 0.1404 0.1454 0.0643 0.0691 0.0766 0.2158 0.0232 0.0261 0.1861 0.193 0.0645 0.0695
12 0.081 0.2759 0.3707 0.3486 0.0457 0.0459 0.063 0.0727 0.0811 0.2739 0.2972 0.2863 0.0357 0.0356 0.0639 0.073 0.081 0.277 0.6963 0.5798 0.304 0.3096 0.0622 0.0713
20 0.2066 0.2979 0.0398 0.0413 0.1004 0.1003 0.0643 0.0649 0.2069 0.2978 0.0475 0.0491 0.0659 0.0649 0.065 0.0652 0.2065 0.2988 0.1692 0.1816 0.4758 0.4798 0.0668 0.0637
"Mean1" "Mean2" "YPC1" "YPC2" "ZPC1" "ZPC2" "IND1" "IND2"
"t" 136.26 149.81 149.8 150.76 138.58 141.27 64.23 67.17
"slash" 136.29 149.8 120.09 122.38 110.14 112.66 64.5 67.5
"norm" 136.38 150.08 390.77 390.07 367.93 372.33 63.89 66.65
