"x"
"1" "Generate from n distribution. Repeat 32 times. The variance of residual is 0.25 . The outlier observations is percent = 0.01 ."
"x"
"1" "== degree of freedom:  1 =="
32 0.1563 0.1362 0.0413 0.0533 0.0273 0.0294 0.1573 0.1465 0.1559 0.1359 0.0388 0.0512 0.0298 0.031 0.1571 0.1463 0.1563 0.1363 0.1075 0.1085 0.0195 0.0271 0.1566 0.1465
35 0.0365 0.0881 0.0571 0.0411 0.0819 0.0811 0.161 0.1639 0.037 0.0887 0.0595 0.0423 0.0894 0.0887 0.161 0.1642 0.0368 0.0892 0.0556 0.0397 0.0743 0.0738 0.16 0.1645
11 0.0486 0.1025 0.054 0.0577 0.0601 0.0743 0.1558 0.1563 0.0487 0.1024 0.0581 0.0615 0.0594 0.0735 0.1558 0.1564 0.0487 0.1025 0.062 0.0648 0.0587 0.0722 0.156 0.1566
24 0.1545 0.1194 0.0683 0.0737 0.0949 0.0956 0.1531 0.1616 0.1544 0.1188 0.0652 0.0701 0.095 0.0962 0.1536 0.1618 0.1548 0.1192 0.0873 0.0945 0.0913 0.0912 0.1517 0.1618
29 0.0552 0.0664 0.0603 0.0556 0.0558 0.056 0.1572 0.1528 0.0548 0.0662 0.0596 0.0521 0.0533 0.0546 0.1561 0.1525 0.0549 0.0664 0.0706 0.0638 0.0888 0.0875 0.1568 0.153
16 0.2348 0.0806 0.046 0.0396 0.1508 0.1413 0.1539 0.1569 0.2354 0.0803 0.0512 0.0466 0.1077 0.0971 0.1539 0.1576 0.236 0.0797 0.1453 0.1516 0.3561 0.353 0.1531 0.1564
10 0.1093 0.0811 0.0251 0.0255 0.0655 0.0611 0.1494 0.1533 0.1091 0.0811 0.0192 0.0209 0.0344 0.0367 0.1495 0.1544 0.1105 0.0821 0.2001 0.2029 0.3965 0.3978 0.1489 0.1532
26 0.1337 0.0782 0.0378 0.0407 0.2286 0.2372 0.1536 0.1636 0.1339 0.0787 0.0386 0.0387 0.2045 0.2125 0.1524 0.164 0.1344 0.0776 0.0452 0.0483 0.3691 0.3813 0.1524 0.1629
30 0.1538 0.0429 0.1482 0.144 0.0309 0.0274 0.1527 0.168 0.1541 0.0419 0.1184 0.1141 0.0281 0.0292 0.1529 0.1681 0.1533 0.042 0.3922 0.362 0.079 0.0801 0.1529 0.1685
9 0.0556 0.1361 0.0445 0.0415 0.0877 0.0843 0.1567 0.1623 0.0547 0.1366 0.0398 0.0401 0.046 0.0413 0.1565 0.1628 0.0564 0.1351 0.0292 0.0365 0.2216 0.2247 0.1569 0.1612
31 0.0977 0.0568 0.1431 0.1442 0.1527 0.154 0.1586 0.1522 0.0978 0.0566 0.1217 0.1236 0.1041 0.1048 0.1585 0.1525 0.0971 0.0577 0.3187 0.3055 0.5108 0.5194 0.1585 0.1526
19 0.1171 0.1112 0.1792 0.1881 0.0269 0.0359 0.1585 0.1592 0.1159 0.1111 0.1107 0.1121 0.0278 0.0343 0.1585 0.1598 0.119 0.112 0.5482 0.6217 0.0406 0.044 0.1546 0.1593
23 0.0312 0.126 0.1075 0.1112 0.0385 0.0251 0.1576 0.1623 0.0325 0.1259 0.086 0.0891 0.0377 0.0224 0.1578 0.1623 0.0351 0.1272 0.1636 0.1714 0.0674 0.0725 0.1587 0.1633
18 0.0466 0.083 0.0818 0.0765 0.0818 0.0908 0.1538 0.1559 0.0464 0.0828 0.0843 0.0806 0.0742 0.0863 0.1541 0.156 0.0466 0.083 0.1018 0.0979 0.0731 0.0861 0.1539 0.156
22 0.09 0.103 0.0635 0.0643 0.0726 0.0873 0.1565 0.1527 0.0902 0.1028 0.0625 0.0632 0.068 0.0817 0.1563 0.1524 0.0904 0.1025 0.062 0.0631 0.0856 0.0981 0.1559 0.1526
36 0.2141 0.0456 0.1961 0.1946 0.069 0.0822 0.1669 0.1558 0.2136 0.0455 0.1577 0.1579 0.0624 0.0796 0.1681 0.1561 0.2176 0.0461 0.5073 0.4584 0.1734 0.1716 0.1662 0.1555
38 0.0751 0.0916 0.216 0.2095 0.0254 0.0232 0.1544 0.1477 0.0751 0.0915 0.1519 0.1487 0.0243 0.0245 0.1549 0.1486 0.077 0.0942 0.4271 0.3914 0.1392 0.1433 0.156 0.149
27 0.0389 0.1024 0.0147 0.0155 0.051 0.0593 0.1807 0.1652 0.038 0.1028 0.0381 0.036 0.0728 0.0748 0.1817 0.1649 0.0399 0.1039 0.5531 0.6358 0.4079 0.4132 0.1793 0.1683
8 0.0449 0.0471 0.1618 0.1729 0.0685 0.069 0.1519 0.1533 0.0444 0.0472 0.0978 0.1036 0.0643 0.067 0.1494 0.1536 0.0466 0.0487 0.4493 0.5049 0.1315 0.1359 0.1514 0.1523
20 0.042 0.0521 0.0837 0.0831 0.1149 0.1114 0.1453 0.1609 0.0397 0.0521 0.0808 0.0804 0.0654 0.0645 0.1455 0.1624 0.0394 0.0529 0.1463 0.1471 0.4589 0.4641 0.1434 0.1582
34 0.0472 0.2246 0.0505 0.0547 0.1114 0.1175 0.1522 0.1717 0.0465 0.2248 0.0503 0.0545 0.093 0.0984 0.152 0.1721 0.0456 0.2254 0.0389 0.0441 0.1464 0.1539 0.1516 0.1744
21 0.0443 0.2005 0.0502 0.0558 0.0728 0.0747 0.1464 0.1627 0.0448 0.2005 0.0514 0.0568 0.0482 0.057 0.1471 0.1639 0.0437 0.2002 0.0445 0.053 0.2571 0.2615 0.149 0.1617
15 0.0849 0.1374 0.0206 0.0368 0.0303 0.0534 0.1496 0.165 0.0841 0.1376 0.0378 0.0504 0.0305 0.0539 0.1505 0.1653 0.0878 0.136 0.8087 0.6732 0.0279 0.0459 0.1463 0.1657
37 0.1225 0.0394 0.0151 0.0339 0.0277 0.0356 0.1672 0.1632 0.1236 0.0399 0.0165 0.0347 0.0288 0.0378 0.1677 0.1637 0.1235 0.0386 0.0231 0.0381 0.024 0.0443 0.1684 0.1618
39 0.122 0.033 0.0217 0.0326 0.1209 0.1135 0.1492 0.1604 0.1218 0.0318 0.0301 0.0402 0.1082 0.1009 0.15 0.1598 0.1246 0.0327 0.3788 0.3578 0.1719 0.1689 0.148 0.1617
33 0.2144 0.2062 0.1285 0.1362 0.0314 0.0427 0.1521 0.1655 0.2145 0.2061 0.1034 0.1099 0.0225 0.0438 0.1521 0.1658 0.2155 0.2085 0.728 0.8421 0.1416 0.145 0.1515 0.1627
25 0.0416 0.0499 0.1609 0.172 0.0356 0.0654 0.1581 0.1679 0.0426 0.0502 0.1286 0.1362 0.0348 0.0646 0.1579 0.1677 0.0412 0.0509 0.2624 0.2874 0.0314 0.0651 0.1587 0.1678
14 0.1346 0.2964 0.0917 0.0945 0.0225 0.0702 0.1603 0.1545 0.1345 0.2963 0.1117 0.115 0.0305 0.0782 0.1612 0.155 0.1343 0.2968 0.0573 0.0595 0.0855 0.1068 0.1588 0.1544
12 0.0872 0.1853 0.0759 0.082 0.0901 0.0951 0.155 0.1584 0.0871 0.1851 0.0723 0.0784 0.0859 0.0917 0.1553 0.1586 0.0875 0.1831 0.152 0.1566 0.1248 0.1273 0.155 0.1584
17 0.0422 0.0415 0.135 0.1393 0.0842 0.0812 0.1548 0.1651 0.0414 0.0419 0.1089 0.1131 0.0867 0.0845 0.1551 0.1651 0.0426 0.045 0.2192 0.2198 0.0849 0.0836 0.1547 0.1651
13 0.0781 0.115 0.1259 0.126 0.0549 0.0562 0.157 0.1656 0.0785 0.1146 0.1002 0.0995 0.0547 0.0558 0.157 0.1652 0.0794 0.1138 0.2918 0.282 0.0414 0.0449 0.1565 0.1653
28 0.1532 0.0921 0.044 0.0452 0.0469 0.0434 0.1514 0.1637 0.1537 0.0913 0.0343 0.0347 0.0429 0.0416 0.1517 0.1638 0.1561 0.0919 0.2123 0.2291 0.421 0.4238 0.1508 0.1618
"Mean1" "Mean2" "YPC1" "YPC2" "ZPC1" "ZPC2" "IND1" "IND2"
"t" 97.12 105.36 85.94 88.8 72.28 77.34 155.88 159.82
"slash" 97.03 105.29 74.54 76.76 62.98 69.02 155.98 160.08
"norm" 97.9 105.66 240.3 244.14 168.79 175.23 155.39 159.77
