"x"
"1" "Generate from n distribution. Repeat 32 times. The variance of residual is 0.25 . The outlier observations is percent = 0.03 ."
"x"
"1" "== degree of freedom:  1 =="
125 0.143 0.07 0.0425 0.0603 0.0709 0.0807 0.1689 0.1654 0.1428 0.0694 0.0315 0.0569 0.0651 0.073 0.1693 0.1659 0.1442 0.0716 0.0829 0.0944 0.1029 0.1149 0.1696 0.165
131 0.1281 0.2488 0.0676 0.0639 0.1205 0.1158 0.1493 0.1593 0.1274 0.2477 0.0492 0.0449 0.0927 0.0864 0.1493 0.159 0.1256 0.2504 0.1029 0.0995 0.2383 0.2396 0.1504 0.1595
120 0.0986 0.1552 0.0319 0.0395 0.1092 0.1117 0.1599 0.1662 0.0986 0.1543 0.0302 0.0367 0.0722 0.0759 0.1599 0.168 0.0993 0.1568 0.3037 0.3329 0.3684 0.3792 0.1602 0.1656
108 0.0986 0.1645 0.1417 0.1462 0.0187 0.0454 0.1417 0.1625 0.0987 0.1636 0.1103 0.1157 0.0189 0.0375 0.1415 0.1627 0.0981 0.1664 0.2248 0.2246 0.0855 0.0936 0.1413 0.1631
123 0.0313 0.151 0.0322 0.0475 0.1707 0.1767 0.1534 0.1611 0.0313 0.1504 0.0335 0.0498 0.1681 0.1749 0.1534 0.1609 0.0317 0.1531 0.036 0.0472 0.1915 0.1953 0.1533 0.162
118 0.3141 0.1981 0.0823 0.085 0.0759 0.0826 0.1636 0.1585 0.3139 0.1972 0.0591 0.0622 0.0589 0.0669 0.1645 0.1595 0.3164 0.1995 0.3696 0.4053 0.2102 0.2161 0.1615 0.1556
121 0.1896 0.1165 0.0414 0.0451 0.2118 0.2211 0.1619 0.1702 0.1889 0.1159 0.0329 0.0385 0.1588 0.1656 0.1613 0.1699 0.191 0.1171 0.1432 0.1451 0.4014 0.4154 0.1611 0.172
113 0.1539 0.0963 0.263 0.255 0.1554 0.1589 0.1535 0.163 0.1537 0.0958 0.1883 0.1867 0.1281 0.1326 0.1539 0.163 0.1546 0.0945 0.4073 0.3752 0.2279 0.2299 0.1551 0.1621
127 0.2129 0.1667 0.1532 0.1557 0.0322 0.0401 0.1522 0.1676 0.2125 0.1665 0.0707 0.0743 0.0425 0.0494 0.1533 0.168 0.2153 0.1665 0.4591 0.4191 0.039 0.0443 0.1508 0.1647
117 0.1302 0.0763 0.031 0.0323 0.1539 0.1534 0.1419 0.1593 0.1295 0.0761 0.0545 0.055 0.1318 0.1323 0.1427 0.1599 0.1321 0.074 0.0359 0.0378 0.2635 0.2654 0.1409 0.1582
134 0.1468 0.4518 0.0162 0.0221 0.2626 0.2698 0.1471 0.1557 0.1467 0.4509 0.0135 0.0206 0.2182 0.2242 0.1478 0.1563 0.1482 0.4543 0.0383 0.0366 0.5297 0.5379 0.1457 0.1546
139 0.1828 0.2111 0.3582 0.399 0.1544 0.1583 0.148 0.1731 0.1826 0.2125 0.1926 0.2111 0.1332 0.1357 0.1487 0.1731 0.1861 0.2132 0.9532 1.117 0.2357 0.242 0.1479 0.1713
115 0.2516 0.109 0.0955 0.1125 0.0314 0.0347 0.1529 0.1509 0.2517 0.1087 0.0879 0.107 0.0537 0.0589 0.1538 0.152 0.2521 0.1108 0.0985 0.1164 0.0644 0.0621 0.1526 0.1513
114 0.0527 0.0434 0.1386 0.1367 0.1361 0.1343 0.1509 0.1724 0.0512 0.0433 0.1025 0.1012 0.1177 0.1161 0.1522 0.1723 0.0561 0.0438 0.2726 0.2612 0.2024 0.2016 0.151 0.171
128 0.1115 0.2457 0.1456 0.1561 0.0397 0.0443 0.1574 0.1705 0.1116 0.2447 0.1047 0.1159 0.0231 0.0277 0.1577 0.1713 0.1103 0.2468 0.2546 0.2759 0.2689 0.2707 0.1559 0.17
112 0.2291 0.2257 0.2026 0.1979 0.0491 0.0487 0.1486 0.1684 0.2285 0.2265 0.1208 0.1199 0.0459 0.0441 0.1491 0.1704 0.2307 0.2266 0.5485 0.4822 0.1247 0.1282 0.1492 0.1643
137 0.0275 0.0842 0.046 0.0462 0.1188 0.1267 0.164 0.1634 0.0269 0.0834 0.009 0.0207 0.0988 0.1066 0.1644 0.1638 0.0287 0.0854 0.3289 0.3604 0.2922 0.3011 0.1651 0.1628
135 0.0804 0.0607 0.0172 0.061 0.1027 0.1117 0.1509 0.1596 0.0803 0.061 0.0206 0.062 0.0971 0.1073 0.1509 0.1596 0.0808 0.0605 0.0101 0.0656 0.0591 0.0799 0.1519 0.161
109 0.0465 0.1648 0.058 0.0615 0.1078 0.0976 0.1676 0.1578 0.0472 0.1652 0.058 0.0617 0.0669 0.057 0.17 0.1591 0.0417 0.1631 0.0505 0.0576 0.3706 0.37 0.1651 0.158
136 0.1714 0.2586 0.0675 0.0697 0.0682 0.0697 0.1625 0.1702 0.1702 0.2583 0.0196 0.0171 0.0704 0.0725 0.1628 0.1707 0.1719 0.2581 0.2776 0.3026 0.0703 0.0713 0.1623 0.17
132 0.1826 0.0754 0.1218 0.1257 0.3532 0.3442 0.1636 0.1611 0.1816 0.0752 0.1018 0.1027 0.1797 0.1656 0.1633 0.1617 0.185 0.0749 0.2379 0.259 0.858 0.8637 0.1637 0.1609
129 0.1545 0.1857 0.0921 0.102 0.0291 0.0235 0.1629 0.1476 0.1538 0.1847 0.0786 0.0875 0.0312 0.024 0.1625 0.148 0.1561 0.1866 0.0999 0.1089 0.031 0.0275 0.163 0.1485
111 0.0295 0.0998 0.3223 0.3057 0.0675 0.0605 0.1567 0.1633 0.0285 0.0999 0.2263 0.221 0.0263 0.0311 0.1572 0.1614 0.0296 0.098 0.6015 0.5148 0.2888 0.2888 0.1528 0.161
110 0.0368 0.1116 0.0371 0.0511 0.2643 0.2625 0.1588 0.1473 0.0378 0.1101 0.0108 0.0515 0.1924 0.189 0.1603 0.1478 0.0358 0.1141 0.2822 0.2751 0.5277 0.5356 0.1552 0.1476
133 0.0943 0.0588 0.0355 0.0343 0.1495 0.1485 0.179 0.1807 0.0943 0.0584 0.0406 0.0397 0.1306 0.1295 0.1794 0.1805 0.0962 0.0601 0.0702 0.0709 0.276 0.2768 0.1787 0.1789
126 0.0405 0.0898 0.0888 0.0888 0.1342 0.1356 0.1565 0.1739 0.0405 0.0897 0.0811 0.0808 0.1009 0.0998 0.1568 0.1748 0.041 0.0901 0.1785 0.1753 0.2153 0.22 0.157 0.1731
124 0.1001 0.0317 0.0914 0.0995 0.0739 0.0852 0.1394 0.1568 0.1004 0.032 0.0986 0.1076 0.0576 0.0677 0.1389 0.1561 0.0993 0.0338 0.0409 0.0498 0.1813 0.1894 0.1401 0.1567
116 0.2359 0.0415 0.1136 0.124 0.0583 0.0625 0.1654 0.1491 0.2348 0.0411 0.0644 0.0719 0.061 0.0653 0.1661 0.1493 0.2375 0.0404 0.2569 0.2856 0.025 0.0247 0.1642 0.1486
119 0.1311 0.0976 0.0159 0.0313 0.033 0.0412 0.1513 0.17 0.1309 0.0972 0.0165 0.0303 0.0273 0.0353 0.1515 0.1696 0.1326 0.0971 0.0675 0.0717 0.0576 0.067 0.1514 0.1703
122 0.0367 0.2187 0.2891 0.2773 0.0298 0.0337 0.1577 0.1553 0.0368 0.2186 0.1892 0.1835 0.0357 0.0409 0.1591 0.1564 0.0367 0.2206 0.6401 0.5428 0.0255 0.0309 0.1542 0.1536
130 0.1497 0.134 0.1085 0.1173 0.0614 0.0605 0.1671 0.1568 0.1497 0.134 0.098 0.1115 0.0246 0.0235 0.1666 0.157 0.1489 0.1339 0.1159 0.1227 0.1344 0.133 0.1673 0.1572
138 0.1985 0.1246 0.5266 0.4717 0.1586 0.1593 0.1689 0.165 0.1952 0.1244 0.277 0.2742 0.1282 0.1273 0.1695 0.1627 0.1963 0.1241 0.8409 0.7174 0.2686 0.2708 0.1671 0.1635
"Mean1" "Mean2" "YPC1" "YPC2" "ZPC1" "ZPC2" "IND1" "IND2"
"t" 130.96 142.74 121.1 125.69 112.6 115.6 156.99 162.57
"slash" 130.57 142.39 83.5 91.26 89.29 91.99 157.43 162.83
"norm" 131.56 143.32 263.46 264.08 226.12 230.83 156.43 161.94
