"x"
"1" "Generate from n distribution. Repeat 32 times. The variance of residual is 0.04 . The outlier observations is percent = 0.01 ."
"x"
"1" "== degree of freedom:  1 =="
18 0.054 0.0672 0.0778 0.0748 0.0765 0.0791 0.0653 0.0644 0.0541 0.0672 0.078 0.0749 0.073 0.0755 0.0653 0.0644 0.054 0.0672 0.084 0.081 0.0729 0.0755 0.0653 0.0644
25 0.0424 0.0327 0.1354 0.1444 0.0223 0.04 0.0642 0.0703 0.0424 0.0329 0.0845 0.0887 0.0259 0.0423 0.0637 0.0704 0.0425 0.0326 0.1887 0.2044 0.0179 0.0379 0.0645 0.0703
16 0.2306 0.0759 0.0322 0.0324 0.1584 0.1554 0.0626 0.0643 0.2307 0.0759 0.034 0.0348 0.1033 0.0989 0.0626 0.0646 0.2308 0.076 0.0713 0.0758 0.281 0.2807 0.0617 0.0639
35 0.0226 0.0845 0.0505 0.0482 0.0805 0.0827 0.0672 0.068 0.0224 0.0843 0.056 0.0544 0.0846 0.0869 0.067 0.068 0.0227 0.0846 0.0488 0.0464 0.0802 0.0822 0.0671 0.0681
23 0.0167 0.1368 0.1092 0.1145 0.0247 0.0252 0.0647 0.0665 0.0166 0.1367 0.0723 0.0749 0.0181 0.0157 0.0645 0.0662 0.0169 0.1369 0.1336 0.1409 0.0376 0.0406 0.065 0.0667
31 0.0779 0.0411 0.1593 0.1602 0.1365 0.1378 0.0644 0.062 0.078 0.0409 0.1297 0.1314 0.0804 0.0806 0.0644 0.0621 0.0774 0.0412 0.2626 0.2562 0.3633 0.3695 0.0638 0.0622
32 0.138 0.1466 0.0435 0.0447 0.0203 0.0187 0.0644 0.0608 0.1379 0.1466 0.0398 0.0409 0.0267 0.024 0.0644 0.0607 0.1379 0.1465 0.069 0.0706 0.0114 0.014 0.0644 0.0608
33 0.2067 0.1924 0.1079 0.1144 0.0165 0.0176 0.0618 0.0689 0.2067 0.1924 0.0909 0.0962 0.0113 0.018 0.0619 0.0691 0.2071 0.1925 0.2504 0.2721 0.0574 0.0573 0.0615 0.0688
21 0.0199 0.1806 0.0461 0.0521 0.0574 0.0587 0.0623 0.0677 0.0202 0.1806 0.0552 0.0608 0.0189 0.0233 0.0621 0.0678 0.0198 0.1806 0.0388 0.0452 0.1068 0.1086 0.0625 0.0678
29 0.0283 0.0588 0.03 0.027 0.0161 0.0213 0.064 0.0656 0.0282 0.0587 0.031 0.028 0.0165 0.0214 0.064 0.0654 0.0282 0.0588 0.0315 0.0284 0.0202 0.0241 0.064 0.0659
15 0.0937 0.1413 0.0148 0.0168 0.0231 0.0302 0.059 0.0684 0.0935 0.1414 0.0304 0.031 0.0248 0.0314 0.0593 0.0684 0.0943 0.1413 0.4059 0.3791 0.017 0.0261 0.0589 0.0686
22 0.0787 0.1104 0.0678 0.0694 0.0617 0.0681 0.0633 0.0633 0.0787 0.1105 0.0681 0.0697 0.0573 0.0643 0.0634 0.0634 0.0787 0.1103 0.0663 0.0679 0.0649 0.0713 0.0633 0.0634
27 0.0424 0.1151 0.012 0.0126 0.0469 0.0495 0.0723 0.0661 0.0422 0.1149 0.0501 0.0507 0.0738 0.0774 0.0725 0.066 0.0429 0.1153 0.4363 0.4916 0.2508 0.2534 0.0723 0.0658
14 0.1289 0.2817 0.0701 0.0717 0.0089 0.0256 0.0663 0.0636 0.1289 0.2817 0.0921 0.0952 0.026 0.0397 0.0665 0.0637 0.1288 0.2816 0.0085 0.0212 0.0702 0.0749 0.0658 0.0634
11 0.0593 0.0817 0.0214 0.0236 0.0527 0.0548 0.0642 0.0644 0.0593 0.0816 0.0224 0.0244 0.0524 0.0543 0.0643 0.0644 0.0593 0.0816 0.0229 0.0247 0.052 0.0539 0.0643 0.0645
36 0.206 0.0275 0.2289 0.2251 0.0623 0.066 0.0664 0.0645 0.2055 0.0275 0.1465 0.1471 0.0464 0.0556 0.067 0.0648 0.2066 0.0277 0.4457 0.4092 0.1261 0.1256 0.0667 0.0643
38 0.0696 0.1064 0.2174 0.2125 0.0172 0.0186 0.0656 0.0611 0.0696 0.1065 0.1338 0.133 0.0128 0.015 0.0656 0.0615 0.0699 0.1067 0.3657 0.343 0.0858 0.0872 0.0658 0.0612
10 0.0969 0.0676 0.0422 0.0447 0.0622 0.0596 0.0597 0.0631 0.0968 0.0673 0.0075 0.0085 0.0178 0.0175 0.0597 0.0633 0.0968 0.0674 0.1604 0.1628 0.2435 0.2457 0.0599 0.0628
13 0.0556 0.1052 0.1146 0.1151 0.061 0.0603 0.0631 0.069 0.0557 0.1053 0.0747 0.0752 0.064 0.0631 0.0632 0.0689 0.0555 0.1051 0.1772 0.176 0.0553 0.0548 0.0632 0.0689
17 0.0363 0.0284 0.1427 0.1454 0.0842 0.0848 0.0637 0.0688 0.0363 0.0282 0.0914 0.0945 0.0845 0.0849 0.064 0.0687 0.0363 0.0285 0.1733 0.175 0.0858 0.0866 0.0637 0.0689
19 0.0985 0.0998 0.1921 0.2056 0.0234 0.0231 0.0632 0.0662 0.0982 0.0998 0.0689 0.0706 0.0212 0.0217 0.0634 0.0662 0.0991 0.0999 0.4792 0.5396 0.0315 0.0291 0.0626 0.0663
39 0.1297 0.019 0.0183 0.0206 0.1205 0.1179 0.0607 0.0673 0.1297 0.0189 0.033 0.0341 0.1001 0.0969 0.061 0.0674 0.13 0.019 0.0958 0.098 0.1568 0.1564 0.0604 0.0678
26 0.1445 0.0816 0.0323 0.0318 0.215 0.2233 0.0638 0.0665 0.1445 0.0819 0.0306 0.0301 0.1815 0.1896 0.0638 0.0668 0.1448 0.0815 0.037 0.0373 0.2791 0.2883 0.0638 0.0665
9 0.0453 0.1507 0.0234 0.022 0.1235 0.1252 0.065 0.0671 0.0451 0.1511 0.0277 0.0257 0.0256 0.0247 0.0652 0.0673 0.0453 0.1506 0.0198 0.0197 0.1507 0.1534 0.0649 0.0671
20 0.0159 0.0222 0.0825 0.0838 0.1491 0.1501 0.0588 0.0652 0.0156 0.0221 0.0745 0.0758 0.0524 0.0508 0.0586 0.0657 0.0159 0.0225 0.1226 0.1241 0.386 0.3904 0.0586 0.0654
24 0.1514 0.1085 0.0633 0.0686 0.0981 0.1017 0.0614 0.0672 0.1514 0.1084 0.0574 0.0622 0.099 0.1027 0.0615 0.0671 0.1514 0.1083 0.0682 0.0737 0.0975 0.101 0.0612 0.0672
12 0.093 0.1584 0.0842 0.0882 0.0751 0.0756 0.0633 0.0658 0.0929 0.1583 0.0708 0.0748 0.0648 0.0657 0.0637 0.0658 0.0931 0.1584 0.1163 0.1199 0.0921 0.0924 0.0633 0.0656
30 0.1338 0.0201 0.1287 0.1278 0.0167 0.0159 0.0631 0.0692 0.134 0.0199 0.0652 0.0643 0.0177 0.0179 0.0629 0.0692 0.1337 0.0198 0.3073 0.2932 0.0138 0.0156 0.0632 0.0695
37 0.123 0.0306 0.0089 0.0178 0.0276 0.0268 0.0696 0.0664 0.1231 0.0309 0.0084 0.0181 0.0367 0.0353 0.0696 0.0666 0.1233 0.0306 0.0153 0.0199 0.0107 0.0174 0.0698 0.0659
34 0.0483 0.2092 0.0693 0.0727 0.113 0.1164 0.0625 0.0695 0.0486 0.2089 0.0691 0.0725 0.0757 0.0775 0.0627 0.0691 0.048 0.2092 0.0676 0.0709 0.1288 0.133 0.0624 0.0697
8 0.0267 0.0386 0.1773 0.1903 0.0659 0.0684 0.0631 0.0624 0.0266 0.0385 0.0605 0.0631 0.0532 0.0562 0.063 0.0626 0.0267 0.0388 0.3538 0.3918 0.1019 0.1051 0.0632 0.0621
28 0.1346 0.0722 0.0364 0.0381 0.0546 0.0506 0.0633 0.0665 0.1347 0.0722 0.0251 0.0262 0.0408 0.0378 0.0633 0.0666 0.135 0.0719 0.1164 0.124 0.2501 0.2503 0.063 0.0663
"Mean1" "Mean2" "YPC1" "YPC2" "ZPC1" "ZPC2" "IND1" "IND2"
"t" 89.04 96.65 82.52 84.9 67.87 70.29 63.82 65.94
"slash" 89.01 96.63 61.87 63.5 52.72 55.21 63.89 66.01
"norm" 89.15 96.65 163.75 168.23 118.72 121.95 63.76 65.93
