"x"
"1" "Generate from n distribution. Repeat 32 times. The variance of residual is 0.04 . The outlier observations is percent = 0.03 ."
"x"
"1" "== degree of freedom:  1 =="
34 0.1071 0.1807 0.1691 0.1703 0.1617 0.1659 0.0647 0.0709 0.1071 0.1805 0.1301 0.133 0.0982 0.1002 0.0647 0.0704 0.1069 0.1811 0.1914 0.1913 0.1888 0.1942 0.0653 0.0715
29 0.0718 0.1103 0.1386 0.1479 0.2767 0.2824 0.0614 0.065 0.0718 0.1102 0.1497 0.1598 0.2303 0.2358 0.0616 0.0656 0.071 0.1104 0.0169 0.0175 0.3881 0.3947 0.0609 0.0645
9 0.1037 0.2675 0.2866 0.276 0.2749 0.2782 0.0625 0.0686 0.1038 0.2676 0.2337 0.2284 0.1794 0.1812 0.0627 0.0692 0.1035 0.2679 0.3693 0.3462 0.4418 0.4461 0.0624 0.0683
39 0.0417 0.1269 0.0918 0.0967 0.0455 0.0431 0.0609 0.0646 0.0417 0.1272 0.0602 0.0625 0.0624 0.0594 0.0612 0.0651 0.0419 0.1269 0.6839 0.7934 0.0463 0.0477 0.061 0.0649
23 0.058 0.1816 0.008 0.0189 0.1952 0.2003 0.0673 0.0679 0.0577 0.1815 0.0146 0.0184 0.1262 0.1288 0.0673 0.068 0.0584 0.1821 0.0456 0.0471 0.2957 0.3031 0.0677 0.0679
14 0.1463 0.1883 0.2044 0.2189 0.0656 0.0691 0.0657 0.0688 0.1462 0.188 0.1906 0.2034 0.0576 0.0625 0.0657 0.069 0.1464 0.1882 0.5161 0.5838 0.2645 0.2699 0.0645 0.0691
31 0.1352 0.2292 0.0177 0.0159 0.0089 0.014 0.061 0.0668 0.1351 0.2291 0.008 0.0066 0.0109 0.017 0.061 0.0671 0.1347 0.228 0.1715 0.1706 1.1699 1.1722 0.0609 0.0659
27 0.1228 0.1257 0.0067 0.0098 0.1246 0.1287 0.0722 0.0655 0.1227 0.1258 0.0373 0.038 0.1372 0.1419 0.0722 0.0658 0.1227 0.1254 0.331 0.3683 0.0115 0.0186 0.0724 0.064
30 0.1893 0.0479 0.3063 0.2931 0.0204 0.0185 0.0623 0.0689 0.1894 0.048 0.1642 0.1636 0.0105 0.0091 0.0615 0.0686 0.1891 0.0472 0.4708 0.426 0.0598 0.0613 0.0624 0.0693
26 0.0861 0.1777 0.0224 0.0213 0.1433 0.149 0.0642 0.0688 0.0862 0.1774 0.0333 0.0321 0.1347 0.1398 0.0641 0.0688 0.0865 0.1787 0.0104 0.0188 0.1737 0.1807 0.0644 0.0695
16 0.0997 0.1545 0.0814 0.0844 0.0346 0.0351 0.0619 0.064 0.0999 0.1544 0.0885 0.0919 0.0377 0.0383 0.0623 0.0644 0.0997 0.1547 0.5182 0.4611 0.175 0.179 0.061 0.0629
17 0.1088 0.1134 0.0079 0.008 0.1068 0.1074 0.0657 0.0677 0.1089 0.1133 0.0183 0.0205 0.1025 0.103 0.0659 0.0679 0.1096 0.1135 0.163 0.1752 0.1495 0.1514 0.0659 0.0675
36 0.2528 0.098 0.0934 0.0944 0.0281 0.0365 0.0666 0.0648 0.2525 0.0975 0.0859 0.0869 0.0158 0.03 0.0668 0.0651 0.2537 0.0992 0.1647 0.164 0.2957 0.3015 0.0659 0.0636
22 0.1098 0.155 0.1511 0.1528 0.0114 0.0188 0.0619 0.0687 0.1096 0.1549 0.0737 0.076 0.0127 0.0201 0.0627 0.0688 0.1098 0.1551 0.2403 0.2369 0.0159 0.0218 0.061 0.0684
21 0.276 0.299 0.0047 0.0114 0.1076 0.1094 0.064 0.0656 0.2759 0.2991 0.0041 0.0121 0.0716 0.0724 0.064 0.0657 0.2761 0.2986 0.005 0.0098 0.1474 0.1504 0.0642 0.0656
15 0.1905 0.0424 0.0427 0.0453 0.1937 0.1924 0.0612 0.0685 0.1903 0.0424 0.0349 0.037 0.1567 0.1546 0.0612 0.0687 0.1909 0.0418 0.101 0.1082 0.3853 0.3867 0.0611 0.0673
25 0.0608 0.09 0.2329 0.2544 0.0322 0.0402 0.0636 0.0678 0.0609 0.0902 0.1571 0.1694 0.019 0.0339 0.0638 0.0682 0.0606 0.0912 0.4861 0.5508 0.0809 0.0787 0.0632 0.0679
18 0.119 0.1584 0.2058 0.2004 0.1841 0.1871 0.0646 0.0666 0.1191 0.1588 0.174 0.1699 0.1479 0.1509 0.065 0.0671 0.1194 0.1581 0.5009 0.4497 0.4902 0.4961 0.0643 0.0661
32 0.0598 0.0763 0.0214 0.023 0.1129 0.1123 0.0629 0.0638 0.0596 0.0761 0.0108 0.0145 0.1058 0.1052 0.0629 0.0637 0.06 0.0761 0.0681 0.0699 0.1849 0.1842 0.0635 0.0648
35 0.0729 0.1553 0.205 0.2223 0.0164 0.0179 0.066 0.0703 0.0729 0.1556 0.1418 0.1518 0.0396 0.0402 0.0664 0.0704 0.0733 0.1558 0.4504 0.5069 0.0194 0.0237 0.0646 0.0705
37 0.1379 0.0387 0.0071 0.013 0.1362 0.1369 0.0715 0.0691 0.1376 0.0382 0.017 0.02 0.1265 0.1272 0.0716 0.0695 0.1368 0.0388 0.0652 0.0664 0.181 0.1812 0.0714 0.0684
24 0.1137 0.0635 0.073 0.0799 0.035 0.0363 0.0598 0.065 0.1137 0.0634 0.036 0.0403 0.0288 0.0299 0.0599 0.0651 0.1133 0.0632 0.1239 0.1351 0.0624 0.0645 0.0598 0.0657
38 0.1221 0.0461 0.1476 0.1479 0.0393 0.0412 0.0647 0.0631 0.1221 0.0453 0.0437 0.0448 0.0163 0.0188 0.0652 0.0632 0.1222 0.0452 0.4745 0.4296 0.1937 0.1938 0.0644 0.063
28 0.1884 0.1522 0.2467 0.268 0.3742 0.381 0.0628 0.0686 0.1884 0.1519 0.1554 0.1657 0.2003 0.2019 0.0632 0.0681 0.1889 0.1518 0.4217 0.4721 0.7262 0.7342 0.0626 0.0681
11 0.1411 0.0435 0.1251 0.127 0.2033 0.2037 0.0639 0.0604 0.1411 0.0433 0.0888 0.0912 0.142 0.1408 0.0642 0.0598 0.1412 0.0429 0.2807 0.272 0.4326 0.4366 0.0636 0.0603
12 0.0865 0.2541 0.3534 0.3344 0.0587 0.06 0.0627 0.0721 0.0866 0.2538 0.2618 0.255 0.042 0.0435 0.0629 0.0723 0.0866 0.2545 0.626 0.5308 0.2334 0.238 0.0623 0.0711
20 0.1836 0.2465 0.028 0.029 0.0965 0.0961 0.0646 0.0645 0.1836 0.2466 0.0431 0.0445 0.0516 0.0502 0.0645 0.0647 0.1837 0.2468 0.1498 0.16 0.3805 0.3838 0.0642 0.0637
19 0.0186 0.0784 0.3438 0.3838 0.3642 0.3699 0.0626 0.0625 0.0182 0.0785 0.2775 0.3071 0.2866 0.2915 0.0629 0.0627 0.0162 0.0794 0.4785 0.5438 0.4949 0.5019 0.0621 0.0628
8 0.1147 0.0528 0.1884 0.2014 0.2518 0.2579 0.0636 0.0678 0.1148 0.0532 0.1188 0.1247 0.1527 0.1574 0.0637 0.068 0.1145 0.0528 0.407 0.453 0.5066 0.5139 0.0635 0.0664
10 0.1124 0.2377 0.0166 0.0176 0.0088 0.009 0.061 0.0624 0.1121 0.2375 0.0178 0.0195 0.0546 0.0547 0.0612 0.0624 0.113 0.2377 0.015 0.0175 0.2838 0.2893 0.0609 0.063
33 0.2437 0.172 0.0429 0.0453 0.2388 0.2438 0.061 0.069 0.2439 0.172 0.064 0.0676 0.1727 0.177 0.0614 0.0694 0.244 0.1722 0.2535 0.2473 0.4053 0.4103 0.0601 0.0686
13 0.0653 0.0424 0.6564 0.5503 0.1302 0.1317 0.0649 0.0675 0.0654 0.0422 0.4414 0.4044 0.053 0.0515 0.065 0.0675 0.0653 0.0426 0.8315 0.692 0.2465 0.2515 0.0651 0.0676
"Mean1" "Mean2" "YPC1" "YPC2" "ZPC1" "ZPC2" "IND1" "IND2"
"t" 123.13 137.68 141.47 142.58 127.55 130.42 63.87 66.74
"slash" 123.09 137.6 105.5 108.14 96.36 99.03 64.02 66.88
"norm" 123.13 137.74 301 303.59 285.35 289.41 63.65 66.5
