"x"
"1" "Generate from n distribution. Repeat 32 times. The variance of residual is 0.25 . The outlier observations is percent = 0.01 ."
"x"
"1" "== degree of freedom:  1 =="
35 0.0431 0.0879 0.0571 0.0448 0.0945 0.0938 0.1622 0.164 0.0431 0.088 0.0582 0.0404 0.0975 0.0969 0.1609 0.1641 0.0434 0.0884 0.0566 0.0468 0.0955 0.0943 0.1623 0.1644
31 0.0878 0.0442 0.1446 0.1455 0.152 0.154 0.1581 0.1516 0.088 0.0442 0.1183 0.1202 0.0976 0.0986 0.1583 0.1518 0.088 0.0455 0.2465 0.2416 0.3702 0.3778 0.1577 0.1516
10 0.0998 0.0665 0.0246 0.0255 0.0626 0.0588 0.1489 0.1529 0.0995 0.0665 0.0217 0.0235 0.0295 0.0346 0.1492 0.1539 0.1002 0.0659 0.1301 0.1352 0.2491 0.2488 0.149 0.1529
24 0.1458 0.1139 0.0621 0.0676 0.0966 0.0977 0.1527 0.1618 0.1457 0.1139 0.0587 0.0643 0.097 0.0981 0.1533 0.1615 0.1458 0.1135 0.0689 0.0746 0.0954 0.0958 0.152 0.1618
37 0.127 0.0399 0.0151 0.0336 0.0283 0.0366 0.167 0.1629 0.1277 0.0402 0.0155 0.0336 0.0299 0.0389 0.1672 0.1632 0.1279 0.0395 0.0203 0.0322 0.0232 0.0418 0.1674 0.1619
32 0.1503 0.1405 0.045 0.0563 0.0283 0.03 0.1558 0.1462 0.15 0.1407 0.0403 0.0522 0.0318 0.0323 0.1559 0.146 0.1502 0.1406 0.0701 0.0709 0.022 0.0266 0.1541 0.1463
9 0.0513 0.1494 0.0449 0.0428 0.0951 0.092 0.1561 0.162 0.0511 0.15 0.0437 0.0427 0.0446 0.0396 0.1563 0.1627 0.0516 0.1492 0.0414 0.0412 0.1359 0.1352 0.1562 0.1617
25 0.0544 0.0503 0.15 0.1598 0.0352 0.0658 0.1583 0.1676 0.0544 0.0503 0.1155 0.1219 0.035 0.0648 0.1579 0.1674 0.0543 0.0508 0.204 0.2203 0.0325 0.0663 0.1584 0.1676
16 0.2344 0.073 0.0484 0.0429 0.1535 0.1438 0.154 0.1563 0.2347 0.0729 0.051 0.0471 0.1024 0.0909 0.1541 0.157 0.2352 0.0721 0.0782 0.0798 0.2799 0.2739 0.1529 0.1557
33 0.2055 0.2031 0.1164 0.1233 0.0284 0.0426 0.1513 0.1651 0.2056 0.2031 0.0959 0.1025 0.0213 0.0448 0.1517 0.1655 0.2063 0.2049 0.2663 0.289 0.0677 0.0732 0.1507 0.1629
13 0.0646 0.1178 0.1018 0.1025 0.057 0.0583 0.1571 0.1653 0.0647 0.1178 0.0788 0.0789 0.0562 0.0579 0.1571 0.1653 0.0648 0.1171 0.1631 0.1628 0.0524 0.0551 0.1566 0.1652
36 0.1998 0.0332 0.2072 0.205 0.0655 0.082 0.1656 0.1556 0.199 0.0327 0.1518 0.1521 0.0562 0.0792 0.1666 0.1556 0.2028 0.0335 0.4186 0.3901 0.1208 0.1215 0.1645 0.1557
29 0.0463 0.0629 0.0511 0.0446 0.0291 0.0444 0.1564 0.1522 0.0463 0.0628 0.0517 0.0442 0.0287 0.0451 0.1563 0.1522 0.046 0.0629 0.0526 0.0448 0.0358 0.0464 0.1563 0.1525
23 0.0265 0.1298 0.1072 0.1099 0.0395 0.0288 0.1573 0.1621 0.026 0.1296 0.0831 0.0849 0.0371 0.0226 0.1571 0.1619 0.0291 0.1302 0.1308 0.1351 0.0468 0.0424 0.158 0.1625
26 0.1333 0.0822 0.0379 0.0387 0.2222 0.2313 0.1525 0.163 0.1335 0.0819 0.0383 0.0381 0.198 0.2064 0.1522 0.1635 0.1339 0.0814 0.0421 0.0409 0.2865 0.2974 0.1517 0.1628
27 0.0519 0.116 0.0205 0.0202 0.0549 0.0609 0.1797 0.1634 0.0515 0.1163 0.0511 0.0495 0.0794 0.0814 0.1804 0.1629 0.0496 0.116 0.4373 0.4961 0.2475 0.2502 0.1788 0.1645
19 0.0974 0.1045 0.1756 0.1843 0.0257 0.0351 0.1574 0.1593 0.0968 0.1044 0.0856 0.0845 0.026 0.0359 0.158 0.1594 0.0986 0.1049 0.4755 0.5328 0.0319 0.0379 0.1547 0.1595
18 0.0466 0.0776 0.0724 0.0678 0.0783 0.0888 0.1536 0.1555 0.0459 0.0774 0.0747 0.0705 0.0738 0.0859 0.1537 0.1555 0.046 0.0776 0.0782 0.0741 0.0733 0.0861 0.1537 0.1555
12 0.086 0.1714 0.0749 0.081 0.0827 0.0885 0.1548 0.1584 0.086 0.1704 0.0643 0.0704 0.0756 0.0832 0.1549 0.1585 0.0861 0.1709 0.1048 0.1108 0.0985 0.1027 0.1546 0.1583
34 0.0482 0.217 0.0549 0.0593 0.1087 0.115 0.1514 0.1712 0.0482 0.2171 0.0545 0.0589 0.0904 0.0959 0.1514 0.1709 0.0473 0.2171 0.0519 0.0562 0.1218 0.1289 0.1513 0.1721
39 0.121 0.0399 0.0242 0.0388 0.1238 0.1167 0.1487 0.1613 0.1201 0.0386 0.038 0.0508 0.1044 0.0965 0.1495 0.1603 0.1229 0.0386 0.0861 0.0876 0.1575 0.1539 0.1478 0.1615
38 0.0626 0.0912 0.2098 0.2035 0.0256 0.0241 0.1543 0.148 0.0624 0.0903 0.1379 0.1347 0.0241 0.0241 0.1546 0.1482 0.0636 0.0934 0.3687 0.3435 0.084 0.0886 0.1558 0.1488
30 0.1439 0.041 0.1385 0.1343 0.0281 0.0253 0.1522 0.1677 0.1443 0.0408 0.0939 0.09 0.0272 0.0291 0.1521 0.1679 0.1436 0.0413 0.3146 0.2967 0.0384 0.033 0.1526 0.1682
17 0.0426 0.0423 0.1275 0.1323 0.0859 0.0835 0.1544 0.1651 0.042 0.0425 0.096 0.1003 0.0873 0.0852 0.1547 0.1652 0.0446 0.0434 0.1691 0.1732 0.0876 0.0857 0.1546 0.1652
11 0.0539 0.0901 0.0404 0.0458 0.0688 0.0798 0.153 0.1571 0.054 0.09 0.0419 0.0472 0.0688 0.0799 0.1533 0.157 0.054 0.0899 0.0437 0.0489 0.0678 0.0791 0.1534 0.1568
28 0.1407 0.0753 0.042 0.043 0.0499 0.0464 0.1509 0.1628 0.141 0.0747 0.0318 0.031 0.0418 0.0411 0.151 0.1631 0.1433 0.0748 0.1208 0.1281 0.24 0.234 0.1508 0.1615
14 0.1311 0.281 0.1007 0.1048 0.0228 0.0715 0.1605 0.1541 0.1312 0.2808 0.1186 0.1231 0.0341 0.0807 0.1612 0.1545 0.1311 0.281 0.0399 0.0476 0.0531 0.0805 0.1587 0.1542
8 0.0331 0.0419 0.1866 0.2006 0.0747 0.0759 0.1505 0.1527 0.033 0.0417 0.0903 0.0955 0.065 0.0661 0.1493 0.1529 0.0337 0.043 0.3573 0.396 0.1099 0.1126 0.151 0.1521
22 0.0734 0.1049 0.0642 0.0652 0.0659 0.0798 0.1564 0.1525 0.0735 0.1044 0.0639 0.0646 0.0625 0.0761 0.156 0.1525 0.0737 0.1041 0.064 0.065 0.0689 0.0826 0.1559 0.1526
21 0.0525 0.1853 0.0524 0.0575 0.0571 0.0606 0.1458 0.1625 0.053 0.1849 0.0545 0.0609 0.0285 0.0437 0.1456 0.1623 0.0521 0.1853 0.0454 0.0511 0.1153 0.1182 0.1453 0.1619
20 0.0353 0.0482 0.0847 0.0843 0.1244 0.1212 0.1448 0.1601 0.0352 0.0482 0.0761 0.0755 0.0456 0.0531 0.146 0.1617 0.0344 0.0481 0.1219 0.1227 0.3623 0.3674 0.1443 0.1582
15 0.0718 0.1327 0.013 0.0329 0.0292 0.0525 0.1478 0.1652 0.0718 0.1328 0.0393 0.0518 0.0301 0.0536 0.1492 0.1654 0.0743 0.1318 0.3522 0.3378 0.0275 0.0467 0.1459 0.1658
"Mean1" "Mean2" "YPC1" "YPC2" "ZPC1" "ZPC2" "IND1" "IND2"
"t" 92.56 101.71 84.24 87.45 71.7 77.67 155.29 159.55
"slash" 92.47 101.56 69.84 72.06 60.24 67.57 155.47 159.68
"norm" 93.07 101.78 163.16 167.93 121.85 127.64 154.9 159.44
