"x"
"1" "Generate from n distribution. Repeat 550 times. The variance of residual is 0.25 . The outlier observations is percent = 0.01 ."
"x"
"1" "== degree of freedom:  1 =="
162 0.1163 0.1122 0.031 0.0892 0.1209 0.1225 0.1594 0.1572 0.1163 0.1123 0.032 0.0883 0.1203 0.122 0.1592 0.1572 0.116 0.1124 0.0338 0.0881 0.1206 0.1218 0.1591 0.1571
30 0.1249 0.0418 0.0693 0.0653 0.0287 0.025 0.1519 0.1674 0.1251 0.0415 0.0545 0.0502 0.0284 0.0269 0.1515 0.1675 0.1249 0.0419 0.1047 0.0999 0.0304 0.025 0.1522 0.1675
360 0.0511 0.0814 0.1118 0.111 0.0316 0.0463 0.1548 0.1675 0.0505 0.0814 0.115 0.1143 0.0345 0.0522 0.1545 0.1674 0.0502 0.082 0.1218 0.1205 0.0418 0.0535 0.1552 0.1676
294 0.2414 0.0783 0.1945 0.1843 0.0415 0.0656 0.1473 0.1549 0.2415 0.0785 0.1913 0.1801 0.0451 0.0664 0.148 0.1549 0.2414 0.0786 0.2069 0.1952 0.0365 0.0632 0.1479 0.1548
514 0.2334 0.1048 0.0601 0.0669 0.1196 0.1212 0.1591 0.1615 0.2336 0.105 0.0529 0.0647 0.1118 0.1131 0.1596 0.1614 0.2333 0.105 0.0662 0.0719 0.128 0.13 0.1593 0.1614
382 0.1368 0.0568 0.1071 0.1064 0.0841 0.0885 0.172 0.1725 0.1367 0.0581 0.103 0.1025 0.084 0.0882 0.1719 0.1729 0.137 0.0596 0.1124 0.1114 0.0852 0.0895 0.172 0.1733
184 0.106 0.1783 0.0127 0.0277 0.0193 0.0367 0.1622 0.1585 0.1062 0.1781 0.013 0.026 0.0191 0.0361 0.1621 0.1585 0.1064 0.1781 0.0127 0.0285 0.0186 0.0363 0.1623 0.1583
536 0.0703 0.1152 0.0207 0.0259 0.1001 0.1062 0.164 0.1621 0.0707 0.115 0.0195 0.0255 0.0985 0.1047 0.1641 0.1621 0.071 0.1151 0.0126 0.0232 0.1186 0.1242 0.1642 0.1618
272 0.1138 0.1003 0.0632 0.07 0.0311 0.0542 0.1566 0.168 0.1127 0.101 0.0409 0.0493 0.0159 0.0409 0.1566 0.1684 0.1137 0.1005 0.0735 0.0799 0.0406 0.0615 0.1564 0.1678
96 0.0192 0.0266 0.0261 0.04 0.1013 0.1014 0.1443 0.155 0.0185 0.0268 0.0187 0.0369 0.0895 0.0905 0.1444 0.1551 0.017 0.0256 0.0438 0.0548 0.1406 0.1408 0.1445 0.1549
163 0.05 0.093 0.1552 0.1633 0.1155 0.1124 0.164 0.1741 0.05 0.093 0.1551 0.1632 0.1132 0.1098 0.164 0.1741 0.0479 0.0932 0.1595 0.1665 0.1213 0.1186 0.1655 0.1742
470 0.1229 0.0472 0.0197 0.0175 0.0415 0.0714 0.1598 0.1607 0.1231 0.0471 0.0138 0.0157 0.0326 0.0591 0.1596 0.1604 0.123 0.0466 0.0399 0.0371 0.0701 0.0914 0.1603 0.1604
338 0.0931 0.1436 0.0582 0.0601 0.1046 0.1104 0.1459 0.173 0.093 0.1437 0.0581 0.0597 0.0963 0.1011 0.1458 0.173 0.0929 0.1437 0.0646 0.067 0.1152 0.1209 0.1458 0.173
140 0.1052 0.0469 0.1268 0.1378 0.0344 0.0504 0.1558 0.1566 0.1053 0.0468 0.1087 0.119 0.0346 0.051 0.1556 0.1567 0.1051 0.0468 0.1586 0.1711 0.0369 0.0513 0.1562 0.1566
316 0.0603 0.0813 0.1338 0.1321 0.0208 0.0353 0.1583 0.1596 0.0603 0.0811 0.1258 0.1242 0.0286 0.0413 0.1583 0.1597 0.0602 0.0814 0.1434 0.1414 0.0166 0.0325 0.1582 0.1595
426 0.1228 0.2958 0.0307 0.0578 0.0954 0.1125 0.1544 0.1583 0.1227 0.2957 0.031 0.0606 0.0925 0.1112 0.1547 0.1584 0.1231 0.2962 0.0245 0.0622 0.0984 0.1155 0.1544 0.1581
250 0.0496 0.0816 0.0419 0.0595 0.058 0.0676 0.1502 0.1663 0.0498 0.0817 0.0419 0.0594 0.0586 0.068 0.1503 0.1663 0.0495 0.0816 0.0414 0.0599 0.0592 0.0681 0.1504 0.1662
228 0.0915 0.0434 0.0287 0.025 0.0419 0.053 0.171 0.1589 0.0915 0.0435 0.0305 0.0264 0.0394 0.0539 0.1713 0.159 0.0911 0.0445 0.0322 0.028 0.0379 0.0515 0.1718 0.1591
404 0.0264 0.074 0.0285 0.0537 0.0722 0.0649 0.1396 0.1566 0.0263 0.0737 0.0285 0.0556 0.0725 0.0652 0.1397 0.1567 0.0261 0.0737 0.0298 0.048 0.0709 0.0636 0.1389 0.1565
206 0.0704 0.0887 0.0352 0.0354 0.0341 0.0322 0.1404 0.1601 0.07 0.0882 0.0437 0.0432 0.0357 0.0327 0.141 0.1602 0.0703 0.0897 0.0304 0.0317 0.03 0.0314 0.1398 0.16
52 0.1416 0.09 0.0638 0.0907 0.0589 0.0601 0.1705 0.1571 0.1416 0.09 0.0647 0.0916 0.0577 0.0602 0.1706 0.1572 0.1418 0.0902 0.0606 0.0918 0.0592 0.0595 0.1708 0.157
448 0.0747 0.0761 0.036 0.0312 0.0285 0.0346 0.1366 0.1453 0.0748 0.0762 0.0361 0.0315 0.0284 0.0346 0.1365 0.1452 0.0752 0.0761 0.0381 0.034 0.0286 0.0345 0.1368 0.1453
31 0.0709 0.0302 0.1288 0.1306 0.0994 0.1024 0.1586 0.1501 0.0707 0.0302 0.1157 0.1179 0.0825 0.0848 0.1587 0.1501 0.0703 0.0312 0.1484 0.1502 0.1163 0.1204 0.1583 0.1501
361 0.0831 0.0592 0.0521 0.0464 0.061 0.063 0.1671 0.1622 0.0826 0.059 0.0358 0.0337 0.0579 0.06 0.1677 0.1622 0.083 0.0582 0.0956 0.0856 0.08 0.0824 0.1667 0.1622
492 0.0731 0.1793 0.0622 0.0604 0.0756 0.0765 0.1465 0.1466 0.0728 0.1793 0.0273 0.024 0.0582 0.0585 0.1465 0.1473 0.0749 0.1803 0.116 0.1137 0.0952 0.0968 0.147 0.1462
383 0.1308 0.0707 0.0226 0.024 0.0457 0.0445 0.165 0.1498 0.1307 0.071 0.0651 0.061 0.0416 0.0399 0.1658 0.1497 0.1308 0.0705 0.0321 0.0382 0.0401 0.038 0.1641 0.1498
471 0.0655 0.1924 0.0348 0.0411 0.0623 0.0667 0.1655 0.1339 0.0655 0.193 0.0352 0.0412 0.063 0.0668 0.1656 0.1339 0.0655 0.193 0.0356 0.0405 0.0624 0.0661 0.1656 0.1339
273 0.204 0.0955 0.1477 0.156 0.1336 0.1327 0.15 0.1578 0.2041 0.0954 0.1451 0.1534 0.1076 0.1064 0.1499 0.1582 0.2047 0.0936 0.1587 0.1691 0.2037 0.2054 0.1499 0.158
141 0.0414 0.1152 0.1128 0.12 0.0168 0.0227 0.1543 0.1583 0.0419 0.1153 0.1099 0.1165 0.0168 0.0225 0.1542 0.1582 0.0418 0.1154 0.1088 0.1153 0.0169 0.0226 0.1545 0.1582
537 0.1314 0.2821 0.0616 0.0651 0.0846 0.0957 0.1583 0.1685 0.1315 0.2825 0.054 0.0565 0.0834 0.0949 0.1585 0.1688 0.1312 0.2818 0.0697 0.0727 0.0756 0.088 0.1579 0.1683
185 0.0541 0.0794 0.2068 0.2226 0.0285 0.0358 0.1544 0.1585 0.0542 0.0794 0.2069 0.2225 0.0273 0.0338 0.1545 0.1587 0.0543 0.0793 0.2155 0.2325 0.0265 0.0327 0.1545 0.1586
339 0.0707 0.0591 0.0638 0.0642 0.0625 0.0817 0.1567 0.1601 0.0704 0.0591 0.0647 0.0646 0.0628 0.0818 0.1567 0.1602 0.0703 0.0586 0.066 0.0659 0.0583 0.078 0.1567 0.16
118 0.1738 0.1414 0.0738 0.0941 0.0922 0.1004 0.1508 0.1732 0.1737 0.1414 0.0754 0.0992 0.0775 0.0861 0.1512 0.1733 0.1738 0.1414 0.0737 0.0956 0.1147 0.1239 0.151 0.1731
515 0.0306 0.0866 0.0725 0.0731 0.1944 0.1965 0.1409 0.1637 0.0304 0.0862 0.0721 0.0733 0.1964 0.1987 0.1406 0.1635 0.0303 0.0863 0.0755 0.0762 0.1912 0.1935 0.1405 0.1634
362 0.1548 0.0432 0.0629 0.0633 0.1106 0.1125 0.1488 0.1511 0.1542 0.0437 0.0547 0.057 0.108 0.1099 0.1488 0.1512 0.1547 0.0447 0.0794 0.0799 0.1178 0.1202 0.1489 0.1517
251 0.1295 0.1627 0.0814 0.0793 0.0665 0.0642 0.1453 0.1656 0.1294 0.1627 0.0753 0.0729 0.0698 0.0677 0.1454 0.1656 0.13 0.1599 0.0956 0.0938 0.0658 0.063 0.1453 0.1666
32 0.1385 0.1481 0.0456 0.0562 0.0321 0.0325 0.153 0.1458 0.1384 0.1493 0.0446 0.0554 0.0319 0.0321 0.1528 0.1455 0.1385 0.1492 0.0483 0.059 0.0303 0.0309 0.1527 0.1455
164 0.0558 0.0966 0.0269 0.0479 0.0604 0.0734 0.1554 0.157 0.0558 0.0967 0.0265 0.0479 0.0602 0.0732 0.1554 0.1572 0.0558 0.0961 0.0315 0.0512 0.0613 0.0746 0.1559 0.1576
295 0.0299 0.1188 0.0181 0.014 0.091 0.0991 0.1619 0.1552 0.03 0.1184 0.0229 0.023 0.0759 0.084 0.162 0.1552 0.0302 0.1189 0.0205 0.0188 0.1171 0.1258 0.1624 0.1549
405 0.0776 0.1023 0.0608 0.0597 0.0634 0.0607 0.1499 0.1549 0.0776 0.1021 0.0625 0.0615 0.0591 0.0572 0.1497 0.1542 0.0782 0.102 0.0569 0.0568 0.0708 0.0689 0.1499 0.1547
317 0.058 0.0771 0.0354 0.0402 0.0823 0.0887 0.153 0.1527 0.0578 0.0769 0.0363 0.0414 0.0819 0.0886 0.1529 0.1528 0.0579 0.0774 0.0344 0.0392 0.0849 0.0909 0.153 0.1528
53 0.1154 0.1022 0.0309 0.045 0.0502 0.0614 0.1482 0.1592 0.115 0.1024 0.0315 0.0462 0.0494 0.0603 0.1482 0.1589 0.1155 0.1027 0.0262 0.0436 0.0488 0.0601 0.1483 0.1584
74 0.0697 0.04 0.1067 0.1096 0.2059 0.2133 0.1505 0.1729 0.0699 0.0397 0.1009 0.1036 0.1928 0.2002 0.1504 0.1725 0.0696 0.0385 0.1255 0.128 0.2256 0.2324 0.1496 0.1728
207 0.0912 0.1035 0.0859 0.0903 0.0364 0.0382 0.1432 0.1543 0.0913 0.1034 0.0848 0.0884 0.0357 0.0372 0.1431 0.154 0.0911 0.1037 0.0856 0.0897 0.034 0.0361 0.1428 0.1537
384 0.0407 0.0568 0.0364 0.0402 0.0448 0.0555 0.1619 0.1693 0.0409 0.0582 0.0358 0.0399 0.0453 0.0559 0.1619 0.1692 0.0411 0.0571 0.0349 0.0395 0.0475 0.0562 0.1619 0.1695
97 0.1006 0.1521 0.0138 0.022 0.0304 0.037 0.1589 0.1649 0.1001 0.1518 0.0135 0.0213 0.0237 0.0346 0.1588 0.1646 0.0996 0.1518 0.0169 0.0251 0.0681 0.0671 0.1586 0.1651
427 0.0947 0.2143 0.1319 0.1371 0.0693 0.0755 0.1529 0.158 0.0948 0.2142 0.1272 0.1321 0.0688 0.0749 0.1533 0.1578 0.0944 0.2141 0.153 0.1603 0.074 0.0789 0.1537 0.1578
493 0.0947 0.1968 0.1277 0.125 0.0259 0.03 0.163 0.142 0.0949 0.1969 0.1266 0.1238 0.0255 0.0298 0.1629 0.1419 0.0955 0.1968 0.1303 0.1273 0.0273 0.0325 0.1629 0.1417
274 0.1255 0.1356 0.1088 0.1124 0.0518 0.0625 0.15 0.1705 0.1256 0.1351 0.1068 0.1091 0.0506 0.0632 0.1494 0.1704 0.1258 0.1349 0.1073 0.1096 0.0505 0.0613 0.1493 0.1704
538 0.0623 0.1031 0.0319 0.072 0.0672 0.0696 0.1542 0.1653 0.0625 0.1036 0.033 0.0725 0.0653 0.068 0.1538 0.1653 0.0626 0.1028 0.0367 0.0771 0.0642 0.0674 0.1542 0.165
229 0.0567 0.0646 0.0633 0.074 0.0962 0.0973 0.1733 0.1685 0.0557 0.0657 0.0623 0.0733 0.0913 0.0909 0.1728 0.1686 0.0547 0.0646 0.0628 0.0738 0.1034 0.1048 0.1723 0.1684
472 0.062 0.0655 0.1747 0.1718 0.0408 0.0531 0.1516 0.1727 0.062 0.0655 0.1574 0.1554 0.0505 0.0584 0.1515 0.1726 0.063 0.0655 0.1969 0.1931 0.028 0.0456 0.1514 0.1726
539 0.143 0.0704 0.0482 0.083 0.037 0.038 0.1504 0.1638 0.1427 0.0704 0.0482 0.0828 0.0419 0.0424 0.1504 0.164 0.1427 0.0704 0.0475 0.0814 0.0451 0.046 0.15 0.164
119 0.1724 0.1744 0.0553 0.0562 0.0949 0.1009 0.1471 0.1645 0.1725 0.1742 0.0556 0.0565 0.0946 0.1006 0.1473 0.1642 0.1726 0.1743 0.0589 0.06 0.101 0.1071 0.1472 0.1644
516 0.3182 0.167 0.119 0.119 0.1649 0.1738 0.1655 0.1697 0.3183 0.1669 0.1187 0.1192 0.165 0.1738 0.1655 0.1698 0.3183 0.1672 0.117 0.1175 0.1665 0.1752 0.1653 0.1696
8 0.0361 0.0334 0.1008 0.1069 0.0734 0.075 0.1493 0.1518 0.0358 0.0338 0.0761 0.0803 0.0694 0.0707 0.1488 0.1519 0.0356 0.0344 0.1143 0.1216 0.0765 0.0784 0.1492 0.1519
318 0.1234 0.0818 0.093 0.0944 0.2138 0.2122 0.1515 0.1671 0.1233 0.0818 0.0967 0.0981 0.1925 0.1909 0.1516 0.167 0.1236 0.0823 0.1134 0.1148 0.2576 0.2576 0.1518 0.167
385 0.1033 0.1469 0.0749 0.074 0.0451 0.0441 0.1542 0.169 0.1033 0.1468 0.0746 0.0736 0.0457 0.0446 0.1543 0.1691 0.1031 0.1467 0.0781 0.0771 0.0443 0.0436 0.1544 0.169
340 0.1687 0.1579 0.0359 0.0321 0.1166 0.1272 0.1585 0.157 0.1687 0.1577 0.0369 0.0333 0.1076 0.1179 0.1585 0.1571 0.1687 0.1581 0.0336 0.0298 0.1281 0.1383 0.1586 0.1567
449 0.1183 0.3104 0.0238 0.0329 0.0572 0.0515 0.1573 0.1486 0.1183 0.3104 0.0286 0.0363 0.0635 0.0573 0.1574 0.1486 0.119 0.3099 0.0214 0.0304 0.0511 0.0464 0.1575 0.1486
186 0.1068 0.1372 0.0173 0.0164 0.0609 0.0608 0.1447 0.1595 0.1068 0.1372 0.0174 0.0164 0.0604 0.0603 0.1448 0.1595 0.1064 0.1371 0.0181 0.0173 0.0607 0.0603 0.1447 0.1596
142 0.1536 0.118 0.0133 0.0262 0.1014 0.1095 0.1605 0.159 0.1533 0.1183 0.0184 0.0256 0.0733 0.0838 0.1607 0.1591 0.1543 0.116 0.0151 0.0297 0.1367 0.1454 0.1611 0.1586
165 0.0576 0.0421 0.0271 0.0232 0.0858 0.0998 0.1393 0.1577 0.0577 0.0421 0.0277 0.0235 0.0851 0.0987 0.1394 0.1579 0.0577 0.042 0.0271 0.0228 0.0865 0.1004 0.1391 0.1577
33 0.1874 0.1994 0.0716 0.0795 0.0196 0.0471 0.1498 0.1647 0.1874 0.1995 0.0702 0.0781 0.0194 0.0481 0.15 0.1648 0.1876 0.1993 0.0657 0.0741 0.0197 0.0447 0.1499 0.1645
363 0.0513 0.0625 0.0786 0.0817 0.098 0.1097 0.1455 0.1517 0.0513 0.0625 0.0814 0.0846 0.1008 0.1128 0.1455 0.1518 0.0515 0.0628 0.0842 0.0879 0.1016 0.1137 0.1455 0.152
275 0.0946 0.0226 0.0183 0.0599 0.1241 0.128 0.1455 0.1527 0.096 0.0221 0.0165 0.0589 0.1284 0.133 0.1451 0.1528 0.0951 0.0214 0.015 0.0535 0.1438 0.1493 0.1442 0.153
428 0.1132 0.115 0.0306 0.0189 0.1104 0.1076 0.1622 0.1537 0.1131 0.1142 0.0308 0.0206 0.1115 0.109 0.162 0.1537 0.1133 0.1145 0.0292 0.0185 0.1173 0.115 0.1615 0.1539
406 0.0804 0.1319 0.0359 0.055 0.0456 0.0543 0.1561 0.158 0.0805 0.1319 0.0351 0.0483 0.0476 0.0551 0.1558 0.158 0.0802 0.132 0.0358 0.0527 0.048 0.056 0.156 0.1582
208 0.0367 0.0495 0.1001 0.1106 0.0684 0.0745 0.1508 0.1432 0.0365 0.0493 0.0991 0.1089 0.0682 0.0742 0.1509 0.1432 0.0364 0.0491 0.1016 0.1118 0.0627 0.0692 0.1508 0.1429
252 0.0489 0.2032 0.0947 0.1045 0.0317 0.0267 0.1529 0.1602 0.0492 0.2029 0.0672 0.0812 0.0282 0.0227 0.1533 0.1602 0.0492 0.2029 0.1135 0.1228 0.0378 0.0367 0.153 0.1609
296 0.0997 0.1074 0.0318 0.0327 0.0616 0.0576 0.1574 0.1698 0.0997 0.1075 0.0338 0.0346 0.059 0.0552 0.1574 0.1697 0.0995 0.1062 0.0306 0.0318 0.0657 0.0617 0.1573 0.1691
473 0.084 0.1938 0.0352 0.049 0.0684 0.095 0.1458 0.1662 0.0834 0.1938 0.0204 0.0372 0.0506 0.0761 0.1451 0.1667 0.0829 0.1939 0.0853 0.0943 0.1118 0.1352 0.147 0.1659
494 0.0523 0.1139 0.0378 0.0627 0.0589 0.056 0.1535 0.1763 0.0523 0.1138 0.0387 0.0618 0.063 0.0585 0.1535 0.1762 0.0523 0.1149 0.0216 0.0528 0.0531 0.0544 0.1536 0.1763
98 0.1757 0.0772 0.0443 0.0393 0.0699 0.0823 0.173 0.1595 0.1757 0.077 0.044 0.039 0.0698 0.0824 0.1731 0.1592 0.1758 0.0775 0.043 0.0379 0.0703 0.0825 0.173 0.1595
230 0.0412 0.1204 0.1082 0.1095 0.0284 0.0433 0.1512 0.1561 0.0413 0.1204 0.1081 0.1094 0.0291 0.0431 0.1511 0.1563 0.0414 0.1203 0.1088 0.1101 0.0291 0.0422 0.1511 0.1563
75 0.0502 0.026 0.0591 0.0635 0.0619 0.0634 0.1586 0.1645 0.0502 0.0257 0.0411 0.0445 0.0626 0.0639 0.1587 0.1643 0.0505 0.027 0.1025 0.1101 0.0504 0.056 0.1582 0.1645
120 0.0888 0.1485 0.0396 0.0527 0.0815 0.0998 0.1518 0.1541 0.0878 0.1485 0.0392 0.0525 0.0795 0.0984 0.1517 0.1542 0.0878 0.1488 0.0381 0.052 0.0782 0.0979 0.1519 0.1546
9 0.0446 0.1769 0.0556 0.0533 0.0429 0.0342 0.1559 0.1624 0.0447 0.177 0.0531 0.051 0.0423 0.034 0.1553 0.1624 0.0445 0.177 0.0532 0.0513 0.0391 0.0322 0.1557 0.1624
54 0.1153 0.0731 0.1387 0.1593 0.1066 0.1063 0.154 0.1602 0.115 0.0723 0.1388 0.1607 0.1091 0.1095 0.1542 0.1598 0.1147 0.0728 0.137 0.16 0.1088 0.11 0.1548 0.1601
540 0.1095 0.0471 0.1101 0.1215 0.0476 0.0683 0.1559 0.1657 0.1093 0.0468 0.0989 0.111 0.0476 0.0667 0.1561 0.165 0.1098 0.0466 0.1162 0.1266 0.0516 0.0712 0.1552 0.1659
319 0.0482 0.0813 0.0476 0.0516 0.0333 0.0581 0.1461 0.1588 0.0484 0.0811 0.0481 0.0521 0.0331 0.058 0.1464 0.1589 0.0483 0.081 0.0495 0.0536 0.0334 0.0577 0.1464 0.1589
341 0.1008 0.1033 0.0287 0.0327 0.1225 0.1303 0.1693 0.1654 0.1005 0.1032 0.0285 0.0344 0.1206 0.1282 0.1695 0.1651 0.1005 0.1031 0.0297 0.0354 0.1198 0.1273 0.1694 0.1651
187 0.0767 0.1915 0.2135 0.2132 0.0374 0.0379 0.1637 0.17 0.0761 0.1912 0.1949 0.1956 0.0405 0.0403 0.1632 0.1705 0.0772 0.1918 0.2218 0.2207 0.0356 0.0367 0.1635 0.1696
407 0.0395 0.0882 0.2281 0.2495 0.1289 0.1315 0.1531 0.1584 0.0397 0.0891 0.1967 0.2137 0.106 0.1085 0.153 0.158 0.0397 0.0881 0.2614 0.2872 0.1537 0.1571 0.153 0.1585
143 0.0385 0.1235 0.0324 0.0358 0.0287 0.0607 0.1584 0.1699 0.0384 0.1234 0.03 0.0395 0.0297 0.0625 0.1586 0.17 0.0386 0.1232 0.0318 0.0375 0.0326 0.0635 0.1586 0.1698
10 0.0803 0.0435 0.0239 0.0277 0.0224 0.0315 0.1485 0.1524 0.0802 0.0434 0.0321 0.0327 0.0211 0.0355 0.1486 0.1528 0.0803 0.043 0.0199 0.0253 0.0257 0.0339 0.1488 0.1525
297 0.0786 0.2411 0.0078 0.0188 0.2465 0.2523 0.1618 0.1647 0.0785 0.2411 0.007 0.0187 0.2426 0.2481 0.1618 0.1645 0.0783 0.2409 0.0055 0.0177 0.259 0.2649 0.1615 0.1645
386 0.2228 0.1248 0.0592 0.0588 0.0141 0.0159 0.1303 0.1544 0.2228 0.1255 0.0581 0.0587 0.0174 0.0211 0.1299 0.1542 0.2228 0.1257 0.0584 0.0567 0.0215 0.0228 0.1302 0.1538
429 0.0866 0.0657 0.1874 0.1816 0.0331 0.032 0.1535 0.1565 0.0866 0.0661 0.1643 0.1597 0.0332 0.034 0.1536 0.1567 0.0864 0.0664 0.2263 0.218 0.0337 0.0305 0.1537 0.1566
34 0.0542 0.2047 0.0625 0.067 0.068 0.0731 0.1506 0.1693 0.0541 0.2047 0.0626 0.0672 0.0675 0.0723 0.1505 0.1693 0.0541 0.2045 0.0613 0.0656 0.0692 0.0743 0.1505 0.1694
364 0.0951 0.057 0.0517 0.0527 0.0331 0.0408 0.1412 0.1645 0.095 0.0564 0.0297 0.0302 0.035 0.0403 0.1408 0.1644 0.0965 0.0561 0.1349 0.1361 0.0415 0.0527 0.1412 0.1652
450 0.085 0.1081 0.0531 0.0713 0.1804 0.1909 0.1626 0.1636 0.085 0.108 0.0535 0.0709 0.1789 0.1898 0.1627 0.1633 0.085 0.108 0.0558 0.0745 0.186 0.1959 0.163 0.1631
166 0.1786 0.1191 0.1372 0.1299 0.0208 0.0399 0.1561 0.1557 0.1785 0.1191 0.1144 0.107 0.024 0.0437 0.1559 0.1561 0.1793 0.1182 0.1644 0.157 0.0246 0.0365 0.1551 0.1555
55 0.1809 0.0438 0.0794 0.0849 0.2218 0.2237 0.143 0.1684 0.1813 0.0429 0.0735 0.0782 0.204 0.2062 0.1435 0.1679 0.1818 0.0432 0.1012 0.1077 0.2515 0.2528 0.1432 0.1688
209 0.0809 0.0698 0.0463 0.0516 0.0522 0.0638 0.1592 0.1691 0.0802 0.0705 0.0528 0.0582 0.0302 0.045 0.1593 0.1693 0.0814 0.0693 0.0435 0.0492 0.0668 0.0741 0.159 0.1684
99 0.0741 0.0529 0.1036 0.1115 0.0418 0.061 0.162 0.169 0.0731 0.0534 0.092 0.0983 0.0402 0.0617 0.161 0.1695 0.0733 0.0521 0.1289 0.1376 0.0377 0.0569 0.1607 0.1674
474 0.0819 0.0768 0.0546 0.0561 0.0574 0.0685 0.1392 0.1598 0.082 0.077 0.0525 0.0541 0.0573 0.0686 0.1393 0.1599 0.082 0.0772 0.0536 0.0553 0.0591 0.0699 0.1391 0.1599
276 0.1985 0.2263 0.0728 0.0788 0.0613 0.0588 0.1437 0.1566 0.1985 0.2263 0.0669 0.0726 0.0647 0.0624 0.144 0.1566 0.1988 0.2267 0.0779 0.0842 0.0602 0.0596 0.1438 0.1571
320 0.0669 0.0347 0.0363 0.0535 0.0377 0.0424 0.159 0.1664 0.0666 0.0351 0.0389 0.0562 0.0384 0.043 0.1588 0.1665 0.0664 0.0351 0.0398 0.0568 0.039 0.0432 0.1587 0.1663
495 0.1029 0.098 0.0218 0.0188 0.0296 0.0339 0.1559 0.1565 0.1032 0.0979 0.022 0.0176 0.0298 0.034 0.1559 0.1565 0.1027 0.098 0.0225 0.0174 0.03 0.0339 0.1557 0.1567
144 0.0928 0.0338 0.1 0.1001 0.08 0.0797 0.1572 0.1571 0.0931 0.034 0.0822 0.0835 0.0768 0.077 0.1568 0.1568 0.0931 0.033 0.1393 0.1365 0.0834 0.0842 0.156 0.1572
253 0.0697 0.0804 0.0487 0.0487 0.0765 0.0782 0.1668 0.1743 0.0698 0.0802 0.0448 0.0436 0.0796 0.0813 0.1668 0.1742 0.0699 0.0809 0.0496 0.0514 0.065 0.0674 0.1663 0.1741
387 0.1002 0.0766 0.0488 0.0518 0.0247 0.0403 0.1597 0.1537 0.1003 0.0769 0.0481 0.0512 0.0247 0.0403 0.1597 0.1534 0.1003 0.0767 0.0491 0.0529 0.0258 0.0413 0.1605 0.1535
76 0.0609 0.0788 0.031 0.062 0.0309 0.0332 0.1565 0.1531 0.0612 0.0797 0.0299 0.0575 0.0289 0.0346 0.1573 0.1537 0.061 0.0784 0.0649 0.0782 0.0288 0.029 0.1556 0.1526
408 0.1377 0.0915 0.1095 0.1117 0.1331 0.1306 0.1461 0.1708 0.1376 0.0915 0.1097 0.1121 0.1329 0.1303 0.1462 0.1708 0.1376 0.0917 0.1126 0.1147 0.1405 0.1388 0.1464 0.172
342 0.0582 0.1939 0.0151 0.021 0.0523 0.0476 0.1597 0.1509 0.0576 0.1939 0.0153 0.0255 0.0516 0.0468 0.1595 0.1509 0.0582 0.1936 0.0202 0.0264 0.0621 0.0584 0.1598 0.1509
430 0.0368 0.1 0.1158 0.1129 0.039 0.0319 0.16 0.162 0.0363 0.1002 0.1049 0.1016 0.05 0.0464 0.1596 0.162 0.0365 0.1001 0.1286 0.1272 0.0315 0.0214 0.1599 0.1618
365 0.1181 0.191 0.0402 0.0468 0.0298 0.0491 0.1681 0.168 0.118 0.1911 0.0381 0.0441 0.0298 0.0487 0.1676 0.1682 0.1184 0.1905 0.0402 0.0434 0.0269 0.0459 0.168 0.1678
541 0.0275 0.1692 0.126 0.1271 0.0414 0.0537 0.1445 0.158 0.0275 0.169 0.1232 0.1242 0.0397 0.0513 0.1446 0.1578 0.0275 0.1692 0.1247 0.1262 0.0456 0.0545 0.1444 0.1578
35 0.058 0.0892 0.0617 0.049 0.114 0.1127 0.1632 0.1639 0.058 0.0892 0.0618 0.0462 0.1143 0.1134 0.1627 0.1638 0.058 0.0894 0.0622 0.0449 0.1168 0.1152 0.1623 0.1641
167 0.0526 0.0691 0.0706 0.0709 0.0465 0.0617 0.1529 0.1568 0.0524 0.069 0.0747 0.0746 0.0481 0.0626 0.1533 0.157 0.0526 0.0685 0.0781 0.0784 0.048 0.0619 0.1529 0.1568
277 0.1172 0.0863 0.0232 0.0379 0.1207 0.1115 0.1675 0.1531 0.1176 0.0863 0.0264 0.0403 0.1164 0.1067 0.1672 0.1533 0.1177 0.0865 0.0227 0.0378 0.123 0.1137 0.1676 0.1535
188 0.0824 0.1132 0.094 0.1019 0.0878 0.0868 0.1518 0.1417 0.0826 0.1132 0.0871 0.0943 0.0898 0.0891 0.152 0.1418 0.0823 0.1137 0.0986 0.1067 0.0836 0.0819 0.1519 0.1416
475 0.1201 0.1659 0.0717 0.0686 0.0962 0.0988 0.1425 0.1467 0.1203 0.1661 0.0968 0.0934 0.0689 0.0739 0.1423 0.1468 0.1205 0.1656 0.0355 0.0447 0.1298 0.1314 0.1427 0.1463
231 0.101 0.1372 0.0677 0.0875 0.0889 0.0847 0.143 0.16 0.1006 0.1374 0.0688 0.0878 0.0895 0.0856 0.1428 0.1605 0.1003 0.138 0.0701 0.0902 0.1053 0.1023 0.1431 0.1603
121 0.0637 0.0554 0.0532 0.0561 0.0395 0.0355 0.1559 0.1671 0.0636 0.0542 0.0538 0.0568 0.0391 0.0356 0.1559 0.1669 0.0635 0.054 0.0549 0.0579 0.0374 0.0343 0.1558 0.1663
100 0.0474 0.045 0.0822 0.086 0.0274 0.0379 0.1375 0.1632 0.0467 0.0448 0.0788 0.0823 0.0361 0.0438 0.1377 0.1631 0.0477 0.0452 0.0835 0.0878 0.0237 0.0356 0.1374 0.1632
56 0.11 0.1135 0.0331 0.0357 0.0629 0.0767 0.162 0.1692 0.1103 0.1132 0.0251 0.0274 0.058 0.0757 0.1618 0.1695 0.1095 0.1139 0.0647 0.0693 0.0845 0.0907 0.1617 0.1683
496 0.1686 0.0194 0.0724 0.07 0.0198 0.0258 0.1528 0.1535 0.169 0.0188 0.051 0.0491 0.0238 0.0303 0.1526 0.153 0.1683 0.019 0.1035 0.1013 0.0302 0.0299 0.1539 0.1536
210 0.1142 0.0443 0.033 0.0466 0.0476 0.0478 0.1504 0.1614 0.1142 0.0446 0.0311 0.0421 0.048 0.0477 0.1499 0.1617 0.1146 0.0441 0.0377 0.0535 0.0505 0.0502 0.1518 0.1619
11 0.0675 0.0658 0.024 0.0324 0.0699 0.081 0.1522 0.1566 0.0676 0.0661 0.0247 0.033 0.0703 0.0812 0.1522 0.1569 0.0676 0.0655 0.0248 0.0331 0.0693 0.0802 0.1521 0.1565
388 0.049 0.1866 0.0403 0.0651 0.0352 0.0509 0.1508 0.1583 0.0488 0.1865 0.041 0.066 0.0354 0.0509 0.1509 0.1583 0.0484 0.1863 0.0418 0.0687 0.0358 0.049 0.1511 0.1579
298 0.1976 0.2048 0.138 0.1399 0.0206 0.0419 0.1511 0.1555 0.1974 0.2043 0.124 0.1247 0.0217 0.0431 0.1512 0.1555 0.198 0.2046 0.1662 0.1713 0.0193 0.0384 0.1514 0.156
542 0.0747 0.1198 0.0533 0.0563 0.0983 0.0985 0.1674 0.1534 0.0747 0.1201 0.0544 0.0575 0.0977 0.0981 0.1675 0.1535 0.0745 0.12 0.0555 0.0588 0.0957 0.0952 0.1674 0.1536
145 0.1049 0.0509 0.0412 0.0507 0.0678 0.0677 0.1485 0.143 0.1049 0.0506 0.0395 0.0499 0.0702 0.0698 0.1486 0.143 0.1052 0.0506 0.0416 0.0519 0.071 0.0705 0.1488 0.1429
451 0.0467 0.1321 0.133 0.1473 0.0934 0.107 0.1661 0.1661 0.0467 0.1324 0.121 0.1346 0.0887 0.1021 0.1658 0.166 0.0473 0.1323 0.1553 0.1708 0.0979 0.1114 0.1664 0.1659
321 0.234 0.0311 0.0718 0.0938 0.0269 0.0758 0.1662 0.1543 0.2341 0.031 0.0776 0.1014 0.0294 0.0747 0.1667 0.154 0.2342 0.0311 0.0615 0.0857 0.0224 0.0719 0.1659 0.1541
431 0.1132 0.1565 0.0252 0.0125 0.0843 0.0921 0.1578 0.1593 0.1131 0.1564 0.0254 0.0148 0.0882 0.0954 0.1579 0.1594 0.1126 0.157 0.0229 0.0083 0.0813 0.0894 0.1571 0.1594
366 0.0582 0.0885 0.1385 0.1512 0.0228 0.0413 0.1499 0.1641 0.0582 0.0884 0.1386 0.1513 0.0228 0.0412 0.1499 0.1639 0.0585 0.0885 0.1414 0.1543 0.0225 0.0421 0.1498 0.164
343 0.0808 0.0421 0.138 0.1387 0.0613 0.0684 0.1594 0.155 0.0807 0.0419 0.1269 0.1279 0.0619 0.0678 0.1589 0.1545 0.0803 0.0409 0.167 0.166 0.0625 0.0691 0.1589 0.155
189 0.1617 0.0916 0.0501 0.0627 0.0725 0.0748 0.1663 0.1496 0.1617 0.0916 0.0495 0.0619 0.0729 0.0753 0.1662 0.1498 0.1616 0.0919 0.0509 0.0607 0.0697 0.0733 0.1658 0.1497
77 0.0723 0.071 0.0577 0.0611 0.1142 0.1083 0.1567 0.1588 0.073 0.0707 0.0546 0.0567 0.1076 0.1012 0.1568 0.1584 0.0724 0.0712 0.0469 0.0482 0.126 0.1212 0.1565 0.1589
409 0.0861 0.0948 0.1653 0.1608 0.0358 0.0415 0.1785 0.1629 0.0857 0.0948 0.1657 0.1613 0.0364 0.0418 0.1788 0.1629 0.0849 0.0946 0.1705 0.1656 0.037 0.0419 0.1781 0.1629
232 0.0867 0.0579 0.069 0.0682 0.0261 0.052 0.1694 0.1681 0.0867 0.0581 0.0705 0.0703 0.0261 0.0536 0.169 0.168 0.0867 0.0585 0.0711 0.0713 0.0273 0.052 0.1689 0.1679
57 0.0661 0.0502 0.0311 0.0261 0.1116 0.1223 0.1323 0.1573 0.0661 0.0502 0.0335 0.0283 0.1096 0.12 0.1326 0.1571 0.066 0.0497 0.0225 0.0149 0.1076 0.1174 0.1321 0.157
278 0.2443 0.239 0.156 0.1572 0.0723 0.0771 0.1582 0.1622 0.2444 0.2388 0.1524 0.1548 0.0756 0.0803 0.1584 0.1622 0.2444 0.2381 0.1616 0.1622 0.0674 0.0731 0.1583 0.1625
211 0.1155 0.2447 0.0671 0.0733 0.0271 0.0646 0.1501 0.1581 0.1154 0.2446 0.0638 0.0698 0.0278 0.0649 0.1497 0.1582 0.1154 0.2445 0.0509 0.0556 0.028 0.0653 0.1497 0.1583
36 0.1723 0.0315 0.1756 0.1749 0.0377 0.0755 0.1616 0.1561 0.1724 0.0295 0.1698 0.1693 0.039 0.0765 0.1619 0.1559 0.173 0.0317 0.2027 0.2007 0.0411 0.0732 0.1619 0.156
543 0.0363 0.034 0.0626 0.0804 0.1036 0.1003 0.1522 0.1659 0.0362 0.034 0.0625 0.0802 0.0955 0.0914 0.1523 0.1659 0.0364 0.0356 0.058 0.0746 0.1161 0.1145 0.152 0.166
122 0.0733 0.1883 0.1705 0.1653 0.0198 0.0333 0.1507 0.1502 0.0729 0.1887 0.148 0.144 0.0169 0.0316 0.1504 0.1502 0.0741 0.1892 0.2293 0.2219 0.0242 0.0352 0.1501 0.1503
146 0.3117 0.3436 0.0197 0.0208 0.0344 0.0581 0.1431 0.1515 0.3115 0.3436 0.0197 0.0223 0.0348 0.0586 0.1433 0.1515 0.3111 0.3436 0.0198 0.0321 0.0378 0.0602 0.1439 0.1515
476 0.0431 0.0455 0.0302 0.0427 0.0521 0.0434 0.1563 0.1666 0.0433 0.0458 0.0292 0.0385 0.0523 0.0446 0.1563 0.1666 0.0433 0.0464 0.029 0.04 0.0521 0.0424 0.1564 0.1667
344 0.0472 0.0939 0.0363 0.0488 0.0195 0.0332 0.1589 0.1508 0.047 0.0939 0.0371 0.0486 0.0196 0.0337 0.1587 0.1507 0.0468 0.0938 0.0363 0.0493 0.0204 0.0346 0.159 0.1507
101 0.0834 0.1565 0.0448 0.0488 0.0879 0.0896 0.1534 0.1585 0.0836 0.1562 0.0448 0.0489 0.0775 0.0794 0.1534 0.1582 0.083 0.1562 0.0353 0.0391 0.0962 0.0969 0.1532 0.1584
389 0.134 0.1164 0.0458 0.0508 0.0311 0.0525 0.1482 0.1671 0.1337 0.1167 0.0219 0.0361 0.0301 0.0545 0.1482 0.1677 0.1341 0.1166 0.0714 0.0721 0.0364 0.0516 0.1482 0.1676
168 0.0999 0.1431 0.1445 0.1428 0.037 0.0572 0.1556 0.1686 0.1 0.1451 0.141 0.1393 0.0374 0.0575 0.1555 0.168 0.1003 0.1425 0.1572 0.1547 0.037 0.0482 0.1562 0.1682
12 0.085 0.1419 0.0467 0.0528 0.0512 0.0699 0.1542 0.1584 0.085 0.1418 0.0486 0.0548 0.0523 0.0708 0.1542 0.1584 0.0851 0.1415 0.0504 0.0567 0.0537 0.0711 0.1541 0.1584
299 0.0964 0.2112 0.0585 0.0631 0.0625 0.0675 0.1453 0.1604 0.0964 0.211 0.0584 0.0631 0.064 0.0687 0.1454 0.1603 0.0965 0.2112 0.0578 0.0624 0.0669 0.0718 0.1453 0.1603
78 0.073 0.1892 0.0625 0.0661 0.0816 0.0838 0.1541 0.1677 0.0731 0.1889 0.0415 0.0475 0.065 0.0698 0.1543 0.1676 0.0731 0.1891 0.1118 0.1176 0.0981 0.099 0.1509 0.1677
452 0.0931 0.0261 0.0813 0.0901 0.0601 0.0672 0.1455 0.1499 0.0931 0.0262 0.0813 0.0901 0.0599 0.0672 0.1455 0.15 0.093 0.026 0.0795 0.0871 0.0584 0.0662 0.1457 0.15
233 0.1659 0.1589 0.0421 0.0337 0.084 0.0867 0.1564 0.1606 0.166 0.1591 0.0439 0.0357 0.0797 0.082 0.1566 0.1604 0.1658 0.1594 0.042 0.0319 0.0909 0.0943 0.1565 0.1608
322 0.2266 0.135 0.0535 0.0592 0.0394 0.0605 0.148 0.1679 0.2265 0.1355 0.0399 0.052 0.0399 0.0605 0.1487 0.1679 0.2274 0.1346 0.0756 0.0842 0.042 0.0605 0.1476 0.1672
190 0.0756 0.061 0.0558 0.051 0.065 0.0628 0.1618 0.1556 0.0756 0.0608 0.0547 0.0497 0.0662 0.0644 0.1619 0.1556 0.0754 0.0603 0.0596 0.0555 0.0559 0.0543 0.1615 0.1554
497 0.0569 0.0956 0.0967 0.0944 0.0916 0.0953 0.1647 0.1581 0.0568 0.0954 0.0953 0.0921 0.0869 0.0908 0.1644 0.1583 0.0565 0.0954 0.1018 0.0994 0.0952 0.0986 0.1646 0.158
58 0.0404 0.1287 0.0764 0.0788 0.0972 0.1054 0.1593 0.1504 0.0405 0.1287 0.0775 0.0782 0.0978 0.1056 0.1588 0.1503 0.0404 0.1284 0.0825 0.0837 0.1003 0.1075 0.1592 0.1503
432 0.1544 0.0955 0.0284 0.0549 0.117 0.1252 0.1641 0.1506 0.1543 0.0956 0.0285 0.0545 0.118 0.1256 0.1642 0.1505 0.1543 0.0956 0.0287 0.0544 0.1195 0.1267 0.1641 0.1504
212 0.0461 0.0942 0.1048 0.1137 0.0399 0.0427 0.1509 0.1657 0.046 0.0942 0.0936 0.103 0.0412 0.0438 0.151 0.1656 0.046 0.0944 0.1225 0.1285 0.0447 0.0469 0.1534 0.1657
410 0.0293 0.1111 0.1721 0.1732 0.0389 0.0441 0.1535 0.1643 0.0294 0.1112 0.1726 0.1737 0.0391 0.0446 0.1536 0.1644 0.03 0.1115 0.1717 0.1727 0.0387 0.0434 0.1538 0.1643
367 0.1173 0.1293 0.0344 0.0413 0.025 0.0484 0.1501 0.1422 0.1174 0.1294 0.0344 0.041 0.0258 0.0491 0.1503 0.1423 0.1176 0.13 0.035 0.0424 0.0272 0.0499 0.1504 0.1421
37 0.1366 0.0575 0.0157 0.0335 0.0344 0.0404 0.1667 0.1629 0.1372 0.0579 0.0156 0.0333 0.0341 0.0421 0.1668 0.163 0.1377 0.0579 0.0197 0.0296 0.0276 0.0395 0.167 0.1624
345 0.2307 0.0643 0.0332 0.0357 0.038 0.0357 0.1669 0.1605 0.2307 0.0641 0.0348 0.0367 0.0403 0.038 0.167 0.1606 0.2305 0.0642 0.0293 0.0323 0.0332 0.0312 0.1668 0.16
544 0.0684 0.2193 0.0889 0.1048 0.07 0.0682 0.1436 0.1594 0.0684 0.2191 0.09 0.1063 0.0701 0.0674 0.1438 0.1595 0.0684 0.2193 0.0867 0.1037 0.0704 0.0688 0.1438 0.1596
279 0.0632 0.0826 0.0797 0.0794 0.0433 0.0609 0.1458 0.171 0.0632 0.0826 0.0665 0.0661 0.0365 0.0599 0.1459 0.1711 0.063 0.0828 0.0903 0.0931 0.0472 0.0621 0.1489 0.1708
147 0.0337 0.1677 0.0203 0.0264 0.0174 0.0565 0.1414 0.1638 0.0331 0.1677 0.0206 0.0266 0.0168 0.0576 0.1412 0.164 0.0329 0.1674 0.0199 0.0265 0.0203 0.0568 0.1411 0.1636
300 0.1338 0.1052 0.0548 0.0535 0.0678 0.077 0.1579 0.1515 0.1338 0.1053 0.0545 0.0533 0.0673 0.0765 0.158 0.1514 0.1338 0.1054 0.0561 0.0548 0.0655 0.0753 0.1582 0.1512
254 0.0603 0.1586 0.0224 0.0459 0.1791 0.18 0.1487 0.1698 0.0601 0.1588 0.0256 0.0512 0.1565 0.1579 0.1488 0.1699 0.0598 0.1577 0.0225 0.0392 0.2003 0.2017 0.1485 0.1695
13 0.0391 0.1248 0.018 0.0466 0.0645 0.0647 0.1561 0.1651 0.0399 0.1247 0.0165 0.0499 0.0639 0.064 0.1564 0.1649 0.0388 0.1247 0.0148 0.0508 0.0647 0.0655 0.1562 0.1649
191 0.0455 0.1146 0.0614 0.0556 0.0289 0.0418 0.1349 0.1543 0.0459 0.1139 0.0475 0.0352 0.0285 0.0413 0.1363 0.1542 0.046 0.1142 0.0951 0.0908 0.0313 0.0431 0.1367 0.1544
477 0.0713 0.0533 0.0719 0.0714 0.0409 0.0403 0.163 0.165 0.0713 0.0531 0.0707 0.0702 0.0389 0.0393 0.1629 0.1651 0.0714 0.0533 0.0749 0.0749 0.0433 0.0412 0.1632 0.1647
102 0.0333 0.0735 0.0191 0.028 0.0319 0.0461 0.1524 0.1574 0.0334 0.0735 0.0189 0.0288 0.0325 0.0476 0.1526 0.1576 0.0333 0.0736 0.0185 0.0271 0.0333 0.0497 0.1524 0.158
123 0.0345 0.034 0.0892 0.0977 0.0209 0.0334 0.151 0.1621 0.0345 0.034 0.0882 0.0962 0.0208 0.0337 0.1506 0.1621 0.0344 0.0337 0.0915 0.1001 0.0203 0.0337 0.1511 0.1618
411 0.0903 0.159 0.1442 0.159 0.0897 0.0966 0.1554 0.1585 0.0904 0.1586 0.1242 0.139 0.0798 0.0868 0.1567 0.1581 0.09 0.159 0.164 0.1782 0.0969 0.1037 0.1555 0.1586
79 0.0832 0.2223 0.028 0.0235 0.0238 0.0315 0.1536 0.1512 0.0834 0.222 0.0292 0.0237 0.0239 0.0313 0.154 0.1505 0.0837 0.2219 0.0249 0.0225 0.0264 0.0323 0.1528 0.1508
59 0.1302 0.0692 0.0608 0.0641 0.1858 0.1941 0.1675 0.1645 0.1304 0.0694 0.0616 0.0653 0.1881 0.196 0.1673 0.1647 0.1304 0.0698 0.0607 0.0647 0.1951 0.2027 0.1674 0.1646
390 0.1232 0.1019 0.0267 0.0234 0.0317 0.0498 0.1453 0.1575 0.1235 0.102 0.0269 0.0232 0.0326 0.0485 0.1456 0.1573 0.1235 0.1022 0.0272 0.0227 0.0343 0.0477 0.1453 0.1571
169 0.1005 0.1735 0.1421 0.1369 0.0779 0.0793 0.1489 0.1673 0.1 0.1736 0.1368 0.1317 0.0617 0.0625 0.1491 0.1676 0.1005 0.1733 0.1485 0.1432 0.0975 0.0998 0.1487 0.1677
213 0.0937 0.1093 0.0982 0.1011 0.0228 0.0309 0.161 0.1545 0.0936 0.1091 0.0997 0.105 0.0237 0.0315 0.1608 0.1546 0.0935 0.109 0.0959 0.0995 0.0291 0.0335 0.1611 0.1542
368 0.1048 0.1472 0.0378 0.0635 0.1167 0.1247 0.1542 0.1711 0.1049 0.1471 0.0382 0.064 0.1143 0.1221 0.1541 0.1711 0.1051 0.147 0.037 0.0645 0.1211 0.129 0.1543 0.1708
433 0.0446 0.0615 0.0303 0.0497 0.0454 0.0353 0.1546 0.1482 0.0442 0.0616 0.0316 0.0498 0.0426 0.0319 0.1545 0.1481 0.0441 0.062 0.0285 0.046 0.0451 0.0348 0.1545 0.1485
453 0.0864 0.0434 0.0448 0.0527 0.0507 0.0537 0.1658 0.153 0.0884 0.0438 0.0377 0.0555 0.0407 0.0482 0.1669 0.153 0.0867 0.0435 0.0486 0.0583 0.0549 0.0574 0.1662 0.153
148 0.0793 0.1676 0.0921 0.0945 0.0731 0.0874 0.1497 0.1571 0.0794 0.1676 0.0913 0.0937 0.0731 0.0874 0.1497 0.1571 0.0793 0.1675 0.0892 0.0912 0.0725 0.0871 0.1498 0.1572
498 0.0939 0.1545 0.0619 0.082 0.0693 0.0748 0.1509 0.1574 0.0943 0.1545 0.0619 0.0816 0.0703 0.0769 0.1511 0.1576 0.0935 0.1544 0.0602 0.0801 0.0698 0.0764 0.1503 0.1576
80 0.0937 0.177 0.0705 0.0662 0.0323 0.0345 0.1469 0.1535 0.0937 0.177 0.0682 0.0654 0.033 0.0356 0.1474 0.1538 0.0926 0.1772 0.0614 0.0578 0.0381 0.0355 0.1459 0.1534
545 0.1223 0.1491 0.1126 0.1225 0.0325 0.0477 0.1663 0.1605 0.1225 0.1491 0.1117 0.1215 0.032 0.0478 0.1662 0.1605 0.1225 0.1485 0.1268 0.138 0.0268 0.0441 0.1666 0.16
38 0.0491 0.1014 0.1407 0.1369 0.025 0.0221 0.1541 0.1483 0.0495 0.1012 0.1065 0.1033 0.0261 0.0251 0.1541 0.1486 0.0491 0.1019 0.1724 0.1674 0.0236 0.0222 0.1544 0.1483
517 0.1185 0.3563 0.1273 0.1377 0.1077 0.1082 0.1602 0.1627 0.1187 0.3563 0.102 0.1105 0.1084 0.1092 0.1606 0.1626 0.1181 0.3563 0.1558 0.1686 0.1065 0.1066 0.1598 0.1631
255 0.0931 0.0958 0.0546 0.056 0.0384 0.0435 0.1523 0.1691 0.093 0.0959 0.0543 0.0558 0.0358 0.0407 0.1523 0.1683 0.0934 0.0956 0.0538 0.0558 0.0403 0.0458 0.1523 0.1688
369 0.1108 0.1456 0.1721 0.1685 0.0311 0.0249 0.1534 0.1532 0.1108 0.1459 0.1716 0.1681 0.0311 0.0251 0.1534 0.1532 0.1106 0.1456 0.1798 0.1756 0.0278 0.0236 0.1533 0.1527
391 0.0644 0.1418 0.1073 0.1187 0.0654 0.077 0.1503 0.1596 0.0642 0.1416 0.107 0.1199 0.0639 0.0752 0.1517 0.1599 0.0643 0.1415 0.1209 0.1333 0.0638 0.0751 0.1516 0.1599
192 0.0397 0.1366 0.0544 0.0728 0.0548 0.0708 0.1621 0.1524 0.0414 0.1364 0.0387 0.0665 0.0235 0.0504 0.1624 0.1514 0.0388 0.1372 0.0709 0.0776 0.0866 0.0994 0.1616 0.1537
124 0.0726 0.17 0.0825 0.0994 0.0203 0.0667 0.1388 0.1404 0.0726 0.1699 0.0826 0.0994 0.0202 0.0662 0.1388 0.1404 0.0725 0.1698 0.083 0.0977 0.0204 0.0666 0.1387 0.1405
301 0.0786 0.1444 0.1294 0.1388 0.0202 0.0376 0.1437 0.1586 0.0786 0.1445 0.1288 0.1388 0.0216 0.0379 0.1443 0.1586 0.0786 0.1444 0.1294 0.1389 0.0225 0.0378 0.1442 0.1585
103 0.0606 0.0887 0.0153 0.019 0.041 0.0297 0.1424 0.168 0.0607 0.0901 0.0154 0.0189 0.0412 0.0299 0.1424 0.1687 0.0604 0.0894 0.0152 0.0195 0.0413 0.0301 0.1424 0.1684
478 0.1252 0.1539 0.0367 0.0379 0.1205 0.1117 0.1412 0.1657 0.125 0.1537 0.0414 0.043 0.1042 0.0954 0.1411 0.1657 0.1254 0.1538 0.034 0.0352 0.1262 0.1178 0.1415 0.1656
412 0.104 0.0516 0.0591 0.0657 0.1775 0.1779 0.1568 0.1613 0.1038 0.0516 0.0389 0.0445 0.195 0.1971 0.1567 0.1614 0.1028 0.0509 0.0767 0.0832 0.1564 0.1556 0.1568 0.1611
14 0.1249 0.2494 0.132 0.1378 0.0363 0.0838 0.1602 0.1537 0.1252 0.2494 0.1355 0.141 0.04 0.0863 0.1605 0.1538 0.1251 0.2492 0.1315 0.1358 0.0269 0.0803 0.1598 0.154
280 0.1253 0.1443 0.0566 0.0988 0.1391 0.1486 0.1495 0.1719 0.1251 0.1443 0.0585 0.1008 0.1385 0.1478 0.1501 0.172 0.1252 0.1437 0.0544 0.0988 0.1371 0.1475 0.1492 0.1716
170 0.0688 0.1149 0.1166 0.1239 0.1135 0.1175 0.1601 0.1656 0.0688 0.1153 0.1011 0.1068 0.1026 0.107 0.1592 0.1654 0.0692 0.1154 0.1608 0.1731 0.1271 0.1322 0.1593 0.1658
546 0.0255 0.1067 0.0465 0.0477 0.1294 0.1321 0.1635 0.1684 0.0249 0.1071 0.0488 0.05 0.1275 0.1301 0.1634 0.1686 0.0246 0.1071 0.0498 0.0513 0.1262 0.1287 0.1632 0.1687
81 0.0916 0.2615 0.0429 0.0394 0.0664 0.0751 0.1558 0.1635 0.0914 0.2613 0.0516 0.0485 0.0432 0.0584 0.1557 0.1636 0.0922 0.2617 0.0312 0.024 0.0966 0.1015 0.1564 0.1634
434 0.0432 0.0332 0.1157 0.1135 0.0348 0.0531 0.1441 0.1651 0.043 0.0324 0.1144 0.1121 0.0354 0.0537 0.144 0.165 0.0429 0.0343 0.1236 0.1212 0.0341 0.0525 0.1441 0.1653
60 0.0611 0.1658 0.038 0.0542 0.0351 0.0568 0.1466 0.1604 0.0611 0.1653 0.0369 0.0538 0.0348 0.0575 0.1467 0.1607 0.0605 0.1654 0.0375 0.0555 0.0336 0.0574 0.1468 0.1609
499 0.0461 0.0699 0.2458 0.2632 0.0856 0.0936 0.1635 0.1519 0.0459 0.0704 0.2115 0.2246 0.083 0.0908 0.1635 0.1514 0.0465 0.0706 0.3323 0.362 0.1106 0.1178 0.1632 0.1507
214 0.0544 0.0572 0.0818 0.0883 0.0808 0.0782 0.1447 0.1616 0.0534 0.0573 0.0851 0.0918 0.0774 0.0753 0.1447 0.162 0.0541 0.0573 0.0792 0.0853 0.0873 0.0839 0.1453 0.1619
234 0.102 0.1715 0.0144 0.0547 0.0529 0.0537 0.147 0.1627 0.102 0.1712 0.015 0.0479 0.0513 0.0522 0.1464 0.1627 0.1021 0.1719 0.0162 0.0497 0.0536 0.0545 0.1465 0.1625
323 0.187 0.0843 0.1523 0.1622 0.1843 0.1745 0.1484 0.1648 0.1872 0.084 0.1549 0.1652 0.1832 0.1739 0.1486 0.165 0.1857 0.0839 0.1543 0.1661 0.1818 0.172 0.1496 0.1653
302 0.1689 0.1695 0.0484 0.0572 0.0427 0.073 0.1645 0.1634 0.1691 0.1693 0.0471 0.054 0.0427 0.0735 0.164 0.1637 0.1689 0.1692 0.0478 0.0573 0.0454 0.075 0.1639 0.1633
39 0.1189 0.0588 0.0453 0.0567 0.1204 0.1139 0.1472 0.1617 0.1189 0.0583 0.0454 0.0555 0.1126 0.1057 0.1472 0.161 0.1193 0.0585 0.0438 0.0552 0.1242 0.1185 0.1472 0.1619
392 0.163 0.1067 0.0384 0.0694 0.0446 0.0533 0.1582 0.1555 0.1626 0.1066 0.0227 0.0627 0.0428 0.0516 0.1583 0.1557 0.1633 0.1071 0.0604 0.0802 0.0495 0.0581 0.158 0.1554
193 0.0509 0.0641 0.0459 0.0482 0.0191 0.0378 0.1498 0.1595 0.0506 0.0641 0.0452 0.0475 0.0185 0.0373 0.1498 0.1596 0.0505 0.064 0.046 0.0484 0.0192 0.0381 0.1496 0.1595
479 0.1011 0.1347 0.0829 0.0879 0.0462 0.0531 0.1551 0.1509 0.1014 0.1341 0.0752 0.083 0.0239 0.0359 0.1563 0.1514 0.1013 0.1349 0.0855 0.0943 0.0762 0.0782 0.1575 0.1505
256 0.0849 0.0666 0.0203 0.0286 0.0829 0.0879 0.1523 0.1644 0.0849 0.0667 0.019 0.0262 0.0849 0.09 0.1522 0.165 0.0849 0.0671 0.0186 0.0242 0.087 0.0914 0.1522 0.165
125 0.2053 0.1832 0.0696 0.0717 0.047 0.0558 0.1538 0.1619 0.205 0.1834 0.065 0.0665 0.0432 0.0534 0.1536 0.1625 0.2053 0.1828 0.0736 0.0765 0.0481 0.06 0.1529 0.1621
104 0.0662 0.084 0.0599 0.0681 0.0286 0.0296 0.1538 0.151 0.0661 0.0838 0.0621 0.0719 0.0308 0.0317 0.1539 0.1516 0.0663 0.0843 0.0631 0.0709 0.0305 0.0319 0.1536 0.1518
518 0.0693 0.087 0.1301 0.1448 0.0337 0.0314 0.1644 0.1646 0.0695 0.0865 0.1312 0.1451 0.0322 0.0299 0.1643 0.1646 0.069 0.0867 0.1322 0.1474 0.0313 0.0286 0.1647 0.1646
413 0.1038 0.0698 0.0949 0.1155 0.0625 0.0676 0.1476 0.1527 0.1045 0.0707 0.0827 0.1033 0.0605 0.0657 0.1473 0.1526 0.1053 0.0696 0.1057 0.1224 0.0691 0.0737 0.1473 0.1528
281 0.0604 0.0557 0.053 0.0556 0.2004 0.2093 0.1518 0.1643 0.0603 0.0563 0.058 0.0607 0.1892 0.1978 0.1518 0.1644 0.0591 0.0567 0.0551 0.0576 0.2233 0.2336 0.1515 0.1648
370 0.0785 0.2151 0.0082 0.0171 0.0269 0.0335 0.1521 0.1458 0.0791 0.215 0.008 0.0182 0.025 0.0318 0.1521 0.1457 0.079 0.2147 0.0079 0.0171 0.0211 0.0302 0.152 0.1456
346 0.1614 0.1072 0.0775 0.0801 0.0364 0.043 0.1398 0.1604 0.161 0.1069 0.0701 0.0725 0.0384 0.0437 0.1402 0.1604 0.162 0.1074 0.0935 0.0954 0.0347 0.0437 0.14 0.1605
454 0.084 0.3302 0.0484 0.0562 0.1193 0.127 0.1616 0.165 0.0841 0.3303 0.0506 0.0587 0.1133 0.1192 0.1621 0.1647 0.0841 0.3303 0.052 0.0598 0.1329 0.1393 0.1619 0.1644
500 0.2253 0.0478 0.1675 0.1715 0.0378 0.0409 0.1583 0.1493 0.2252 0.0482 0.1198 0.1196 0.0283 0.0297 0.1582 0.1496 0.2258 0.048 0.246 0.2586 0.0573 0.0603 0.1594 0.1495
435 0.1021 0.1946 0.0614 0.068 0.0441 0.0488 0.1683 0.1668 0.1022 0.1947 0.0635 0.0697 0.0453 0.0498 0.1684 0.1669 0.1022 0.1948 0.0654 0.0715 0.0471 0.0513 0.168 0.1672
61 0.1169 0.0629 0.0283 0.036 0.0946 0.0973 0.1459 0.17 0.1171 0.0629 0.0282 0.0363 0.0932 0.0957 0.1461 0.17 0.1166 0.0626 0.0269 0.036 0.102 0.1051 0.1464 0.1699
15 0.051 0.1225 0.0276 0.0465 0.0284 0.0513 0.1462 0.1658 0.0509 0.1227 0.0386 0.0536 0.029 0.0523 0.1467 0.1658 0.0522 0.1222 0.009 0.0383 0.0282 0.0497 0.1458 0.1663
257 0.1203 0.1322 0.1375 0.1509 0.0245 0.0362 0.1518 0.1589 0.1203 0.1321 0.1387 0.1523 0.0247 0.0362 0.1518 0.159 0.1204 0.1321 0.1395 0.153 0.0244 0.0359 0.1517 0.159
303 0.0713 0.1427 0.12 0.1332 0.124 0.1273 0.1414 0.1555 0.0715 0.1427 0.0966 0.1088 0.125 0.1284 0.1412 0.1556 0.0702 0.1437 0.1691 0.1887 0.1175 0.121 0.1418 0.1559
105 0.0973 0.1232 0.0385 0.0697 0.029 0.0526 0.1834 0.1629 0.0974 0.123 0.0381 0.0701 0.0279 0.0503 0.1833 0.1627 0.097 0.1233 0.0358 0.0691 0.0294 0.052 0.1832 0.163
235 0.1469 0.0915 0.1928 0.1893 0.0405 0.0505 0.171 0.1474 0.1463 0.0919 0.1894 0.186 0.0402 0.05 0.1709 0.1476 0.1464 0.0917 0.2095 0.2053 0.0428 0.0536 0.1711 0.1475
324 0.054 0.0426 0.023 0.0233 0.019 0.0209 0.174 0.1578 0.0545 0.0424 0.0214 0.0227 0.0192 0.0212 0.1744 0.1579 0.0543 0.0422 0.0222 0.0233 0.0158 0.0176 0.1743 0.1575
215 0.1053 0.0774 0.059 0.0661 0.0195 0.0345 0.1658 0.1579 0.1051 0.0776 0.0317 0.0399 0.0206 0.0322 0.1663 0.1581 0.1071 0.0775 0.0998 0.1106 0.0248 0.0346 0.1665 0.1584
547 0.059 0.166 0.2797 0.2682 0.0361 0.0566 0.1614 0.1605 0.0596 0.166 0.2666 0.2566 0.0336 0.0549 0.1616 0.1608 0.0589 0.1663 0.2994 0.2856 0.0405 0.0641 0.1616 0.1608
149 0.0985 0.1942 0.0345 0.0135 0.0232 0.0474 0.1606 0.1494 0.0988 0.1941 0.0383 0.0126 0.0242 0.0462 0.1615 0.1495 0.0991 0.1943 0.037 0.0126 0.0239 0.0472 0.1614 0.1494
501 0.1182 0.0353 0.0486 0.0534 0.0549 0.0559 0.1673 0.1598 0.1182 0.0355 0.0493 0.054 0.0554 0.0562 0.1674 0.16 0.1183 0.0339 0.0465 0.0508 0.0527 0.052 0.1673 0.1595
82 0.103 0.1959 0.0271 0.0376 0.1044 0.1013 0.1574 0.1602 0.1029 0.196 0.0259 0.0368 0.1031 0.1 0.1573 0.16 0.1032 0.1965 0.0324 0.0392 0.1055 0.1024 0.1572 0.1604
194 0.0974 0.1164 0.0223 0.0336 0.0311 0.0428 0.1443 0.1478 0.0976 0.1169 0.0213 0.0344 0.0313 0.0427 0.1445 0.1476 0.0971 0.1165 0.0164 0.0344 0.0273 0.0398 0.1445 0.1477
171 0.1566 0.0869 0.0658 0.0846 0.0463 0.0641 0.149 0.1683 0.1567 0.0867 0.0646 0.083 0.0452 0.0622 0.1489 0.1681 0.157 0.0865 0.0708 0.0893 0.0468 0.0623 0.1488 0.1679
126 0.0983 0.032 0.12 0.1257 0.0462 0.0675 0.1572 0.152 0.0983 0.03 0.1188 0.125 0.0442 0.0661 0.1571 0.1517 0.0982 0.0318 0.1185 0.1243 0.0414 0.0649 0.1569 0.152
414 0.1089 0.24 0.0577 0.0588 0.0777 0.0742 0.1557 0.1521 0.1085 0.2394 0.0611 0.0605 0.0781 0.0744 0.1555 0.1524 0.1082 0.2397 0.054 0.0598 0.0794 0.0754 0.1557 0.1524
519 0.0384 0.0433 0.1336 0.1397 0.0283 0.0285 0.1562 0.1643 0.0386 0.0421 0.134 0.1402 0.0287 0.0292 0.1563 0.164 0.0381 0.042 0.1343 0.1405 0.0292 0.0301 0.1562 0.1639
16 0.2375 0.0701 0.049 0.0467 0.1016 0.0896 0.1535 0.1554 0.2374 0.0701 0.0514 0.0489 0.0986 0.0866 0.1535 0.1555 0.2373 0.0697 0.0539 0.0514 0.1091 0.0973 0.1538 0.1553
40 0.1418 0.1162 0.0368 0.0378 0.0202 0.0565 0.1378 0.1649 0.1418 0.1172 0.0231 0.0259 0.0255 0.0596 0.1382 0.1649 0.1417 0.1183 0.0517 0.0533 0.0216 0.0551 0.1382 0.1665
393 0.0878 0.0619 0.0081 0.0794 0.0327 0.0484 0.1547 0.1509 0.088 0.062 0.008 0.0891 0.0323 0.046 0.1557 0.1508 0.0881 0.0618 0.0087 0.0839 0.0303 0.0468 0.1551 0.1509
455 0.2005 0.1527 0.0568 0.0598 0.041 0.0448 0.1429 0.1696 0.2006 0.1526 0.0555 0.0584 0.0423 0.0459 0.1428 0.1692 0.2006 0.1526 0.0584 0.0618 0.0367 0.0399 0.143 0.1691
304 0.0828 0.1188 0.0211 0.0164 0.0788 0.0864 0.1623 0.161 0.083 0.1188 0.0232 0.0195 0.0801 0.0877 0.1625 0.1609 0.0828 0.1187 0.0215 0.0182 0.0776 0.085 0.1625 0.1611
282 0.0197 0.0623 0.0263 0.0398 0.0322 0.0434 0.1648 0.1793 0.0196 0.0618 0.0258 0.0381 0.0358 0.0419 0.1647 0.1789 0.0202 0.0615 0.0249 0.0458 0.0341 0.05 0.165 0.1801
548 0.0286 0.1576 0.0368 0.039 0.0274 0.0253 0.1583 0.162 0.0286 0.1586 0.0448 0.0473 0.0267 0.026 0.1584 0.162 0.0282 0.1589 0.0228 0.0267 0.0296 0.0264 0.1584 0.1623
236 0.1088 0.1142 0.2125 0.2281 0.0374 0.0479 0.144 0.169 0.1087 0.1142 0.1896 0.2026 0.0246 0.043 0.1437 0.1688 0.1083 0.1144 0.2687 0.2917 0.0653 0.0683 0.144 0.1692
150 0.0375 0.0795 0.0587 0.0521 0.0535 0.0768 0.1708 0.1466 0.0369 0.0793 0.0593 0.0537 0.0518 0.0749 0.1705 0.1466 0.0364 0.0789 0.0887 0.0781 0.0563 0.0782 0.17 0.1469
258 0.0384 0.0838 0.1038 0.1059 0.0328 0.0651 0.1449 0.1599 0.0381 0.084 0.1027 0.1047 0.0338 0.0675 0.1447 0.1605 0.0379 0.0834 0.1032 0.1052 0.0315 0.0668 0.1446 0.1602
371 0.1028 0.1324 0.0263 0.0452 0.0365 0.0523 0.1517 0.1581 0.103 0.1324 0.0091 0.0507 0.0357 0.0513 0.1516 0.1578 0.103 0.1339 0.1246 0.1263 0.0364 0.0511 0.152 0.1584
62 0.1036 0.0829 0.053 0.0535 0.0454 0.0581 0.1534 0.1673 0.1036 0.0829 0.0515 0.0516 0.045 0.0578 0.1534 0.1673 0.1037 0.0828 0.0608 0.0625 0.0427 0.0582 0.1533 0.1673
325 0.02 0.1436 0.054 0.0525 0.0762 0.0692 0.1464 0.1622 0.0197 0.1431 0.0528 0.051 0.0721 0.0642 0.1464 0.1618 0.0191 0.1436 0.0605 0.0594 0.0955 0.0893 0.1463 0.1619
83 0.0429 0.2127 0.0318 0.0365 0.0624 0.0648 0.153 0.162 0.0431 0.2131 0.0317 0.0362 0.0616 0.0644 0.1532 0.1621 0.0434 0.2128 0.0335 0.0372 0.0691 0.0705 0.1532 0.1618
415 0.1305 0.0834 0.0368 0.0367 0.0214 0.0278 0.1459 0.1601 0.1304 0.0822 0.0273 0.0259 0.0314 0.031 0.1463 0.1605 0.1311 0.0829 0.0523 0.0543 0.069 0.0735 0.1463 0.1595
347 0.0493 0.0641 0.0971 0.0968 0.0807 0.0745 0.155 0.1618 0.0493 0.0644 0.0955 0.0953 0.0803 0.0744 0.1552 0.1618 0.0492 0.0647 0.0951 0.0948 0.0854 0.0797 0.1551 0.1619
520 0.1048 0.066 0.0533 0.0518 0.0531 0.0711 0.1576 0.1542 0.1052 0.0659 0.053 0.0514 0.0551 0.0711 0.1577 0.154 0.1053 0.0656 0.0583 0.0566 0.0604 0.0739 0.1577 0.1538
216 0.0425 0.123 0.0815 0.08 0.0655 0.0663 0.1518 0.1509 0.0426 0.1234 0.0811 0.0798 0.0651 0.066 0.1517 0.1509 0.0424 0.1232 0.0781 0.0767 0.0623 0.0635 0.1516 0.151
195 0.1437 0.1378 0.0484 0.0449 0.0309 0.0306 0.1492 0.1543 0.1439 0.1377 0.0481 0.0442 0.0323 0.0314 0.1491 0.1543 0.1441 0.1378 0.048 0.0447 0.034 0.0327 0.1491 0.1541
436 0.1185 0.1111 0.0101 0.012 0.1114 0.1201 0.1568 0.1309 0.1184 0.1111 0.0129 0.0128 0.0917 0.1003 0.1567 0.1317 0.1178 0.11 0.0317 0.0297 0.143 0.1523 0.1569 0.13
549 0.2807 0.0673 0.0551 0.0496 0.0325 0.0355 0.1567 0.1543 0.2808 0.0682 0.0539 0.0486 0.0328 0.0359 0.1566 0.1543 0.2807 0.0678 0.0571 0.0517 0.0349 0.0383 0.1571 0.1543
172 0.1148 0.0849 0.0577 0.0559 0.0452 0.056 0.1362 0.1453 0.1149 0.0849 0.0575 0.0554 0.0451 0.0563 0.1361 0.1453 0.115 0.0847 0.0573 0.0551 0.0457 0.057 0.1361 0.1453
394 0.0698 0.0877 0.078 0.0829 0.0684 0.0711 0.1641 0.161 0.0697 0.0885 0.0855 0.0872 0.0667 0.0696 0.1638 0.1609 0.0696 0.0883 0.0922 0.0947 0.066 0.0688 0.1646 0.1613
151 0.0554 0.0957 0.1032 0.0972 0.0706 0.0883 0.1515 0.1587 0.0549 0.0956 0.1065 0.1054 0.0706 0.0887 0.1564 0.1589 0.0553 0.0954 0.1089 0.1059 0.0697 0.0895 0.1558 0.1587
283 0.1658 0.1029 0.0117 0.0324 0.0209 0.034 0.1591 0.1536 0.1656 0.1026 0.03 0.0485 0.0237 0.0353 0.1596 0.1538 0.1666 0.1027 0.0285 0.0335 0.0195 0.0371 0.1583 0.1535
17 0.0595 0.0468 0.051 0.0512 0.0891 0.087 0.1554 0.1651 0.0598 0.0466 0.0504 0.0506 0.0893 0.0874 0.1556 0.1651 0.06 0.0466 0.0546 0.0555 0.0908 0.0887 0.1555 0.1652
502 0.0733 0.125 0.0395 0.0434 0.0447 0.0517 0.1675 0.1681 0.0734 0.1249 0.0287 0.0349 0.056 0.0616 0.1674 0.1684 0.0731 0.1253 0.0576 0.0602 0.0347 0.0442 0.1671 0.1681
41 0.0645 0.0496 0.0138 0.0327 0.0495 0.0487 0.1511 0.1661 0.0639 0.0475 0.0103 0.0286 0.0472 0.0474 0.1508 0.1652 0.0642 0.0472 0.0126 0.0309 0.0536 0.055 0.1511 0.1655
106 0.0849 0.1578 0.0784 0.078 0.0589 0.0562 0.1419 0.1597 0.0843 0.1579 0.0837 0.0833 0.0373 0.0412 0.1418 0.16 0.0851 0.1579 0.0763 0.0761 0.072 0.0689 0.1412 0.1597
372 0.0742 0.1173 0.0993 0.1093 0.1851 0.1804 0.1301 0.1622 0.0746 0.1173 0.1001 0.1091 0.1807 0.1761 0.1306 0.1622 0.0745 0.1177 0.1022 0.1122 0.2134 0.2095 0.1302 0.1625
456 0.1208 0.1002 0.0928 0.0926 0.0958 0.108 0.1512 0.1591 0.1207 0.0998 0.0928 0.0929 0.0975 0.1093 0.1512 0.1592 0.1208 0.1005 0.0921 0.0919 0.095 0.1083 0.1515 0.1591
437 0.1231 0.151 0.0579 0.0536 0.1087 0.1106 0.1479 0.1697 0.123 0.1507 0.0578 0.0527 0.0964 0.0985 0.1486 0.1699 0.1225 0.1503 0.0588 0.0529 0.1285 0.1292 0.1485 0.1697
63 0.0808 0.0864 0.1636 0.1769 0.0225 0.035 0.1602 0.138 0.0809 0.0863 0.1322 0.1429 0.0221 0.0353 0.1604 0.1381 0.0806 0.086 0.2098 0.228 0.0236 0.0364 0.1596 0.1381
259 0.0913 0.1092 0.0649 0.0716 0.0322 0.0499 0.148 0.1659 0.0916 0.1087 0.0396 0.0472 0.0414 0.0534 0.1486 0.1657 0.0912 0.1089 0.1175 0.1275 0.0213 0.048 0.1491 0.1662
107 0.1265 0.0626 0.0498 0.0311 0.106 0.1101 0.1655 0.1681 0.1263 0.0626 0.054 0.0343 0.0989 0.1029 0.1654 0.1682 0.1262 0.0626 0.048 0.0316 0.1214 0.1244 0.1654 0.1678
480 0.0532 0.0665 0.1185 0.1174 0.0698 0.0723 0.1391 0.1434 0.0546 0.0663 0.1219 0.1176 0.0716 0.0738 0.1436 0.1434 0.0556 0.0663 0.1195 0.1154 0.0726 0.075 0.144 0.1434
127 0.091 0.1412 0.0881 0.0881 0.0253 0.0354 0.1542 0.1623 0.0914 0.1413 0.0546 0.0537 0.0229 0.0369 0.1541 0.1627 0.091 0.1407 0.1643 0.1636 0.0387 0.0448 0.154 0.1617
284 0.2428 0.0838 0.1375 0.1468 0.2914 0.287 0.1539 0.1477 0.2425 0.0832 0.1218 0.1318 0.251 0.2455 0.1541 0.1466 0.243 0.0834 0.1444 0.1545 0.3065 0.3034 0.1538 0.1461
152 0.0566 0.0302 0.0979 0.103 0.0364 0.0341 0.1662 0.164 0.0567 0.03 0.0985 0.1036 0.0369 0.035 0.1661 0.164 0.0566 0.0302 0.1012 0.1061 0.0368 0.0347 0.1661 0.1642
173 0.1426 0.0971 0.0304 0.0431 0.0715 0.0851 0.1592 0.1721 0.1427 0.0957 0.0229 0.032 0.0667 0.0804 0.1594 0.1718 0.1425 0.0955 0.0485 0.0589 0.0806 0.0943 0.1591 0.1721
237 0.1433 0.0564 0.0425 0.0538 0.1571 0.1545 0.1518 0.1712 0.1434 0.0564 0.0465 0.06 0.1567 0.1546 0.1524 0.1714 0.1432 0.0566 0.0307 0.0458 0.1562 0.1547 0.1518 0.1712
196 0.0743 0.1304 0.0249 0.0175 0.1309 0.136 0.1614 0.1592 0.0746 0.1304 0.0245 0.0174 0.1307 0.1359 0.1615 0.1593 0.075 0.1304 0.024 0.0168 0.1288 0.1339 0.1616 0.1593
305 0.0824 0.0833 0.0446 0.0506 0.0176 0.0252 0.1629 0.1569 0.0815 0.083 0.0469 0.0519 0.0173 0.0235 0.1628 0.1567 0.0805 0.0839 0.059 0.0638 0.0152 0.0214 0.163 0.1565
84 0.1611 0.0954 0.0156 0.0392 0.1229 0.1236 0.1562 0.1601 0.1609 0.0954 0.0156 0.0413 0.1179 0.1185 0.1565 0.16 0.1617 0.0957 0.0151 0.0461 0.1306 0.1313 0.1563 0.1599
395 0.055 0.2553 0.1018 0.108 0.0178 0.0352 0.1547 0.1842 0.0549 0.2553 0.0943 0.1 0.018 0.0358 0.1549 0.1842 0.055 0.2554 0.1113 0.1183 0.0176 0.0354 0.1549 0.1844
326 0.118 0.1833 0.1287 0.126 0.0437 0.0443 0.1488 0.1653 0.1184 0.1832 0.1319 0.1294 0.046 0.0469 0.1487 0.1654 0.1189 0.1831 0.1416 0.1391 0.0504 0.0501 0.1489 0.1655
521 0.1015 0.1966 0.0852 0.1008 0.018 0.0444 0.1537 0.158 0.1015 0.1966 0.0822 0.0986 0.0187 0.0445 0.1537 0.1582 0.1014 0.1966 0.0797 0.0962 0.0195 0.0438 0.1535 0.158
438 0.189 0.1328 0.0762 0.0825 0.097 0.1002 0.1683 0.1528 0.1888 0.133 0.0768 0.0824 0.0956 0.099 0.1691 0.1528 0.1888 0.1331 0.0779 0.086 0.0963 0.0995 0.1692 0.1526
217 0.1614 0.117 0.0516 0.0596 0.0241 0.0338 0.1547 0.157 0.1614 0.1168 0.0517 0.0601 0.026 0.0344 0.1545 0.1574 0.1614 0.1172 0.0485 0.0554 0.0204 0.0287 0.1553 0.157
348 0.1234 0.0831 0.0649 0.0685 0.1245 0.1307 0.1555 0.1613 0.1235 0.0833 0.0642 0.0675 0.1199 0.1267 0.1554 0.1613 0.1238 0.0825 0.063 0.0689 0.131 0.1362 0.1558 0.1611
373 0.1006 0.0601 0.0317 0.056 0.0535 0.0615 0.1535 0.1617 0.1006 0.0596 0.0316 0.0554 0.0542 0.0612 0.1534 0.1619 0.1005 0.0596 0.0309 0.0547 0.0514 0.059 0.1534 0.1618
18 0.0523 0.0664 0.0481 0.0431 0.078 0.0888 0.1528 0.1547 0.052 0.0663 0.0498 0.0443 0.0747 0.0869 0.153 0.1548 0.0522 0.0663 0.0474 0.0425 0.0748 0.0873 0.153 0.1548
416 0.0981 0.0782 0.0792 0.0886 0.0365 0.0388 0.1451 0.1546 0.0978 0.0782 0.0794 0.0888 0.0377 0.0392 0.1451 0.1546 0.0975 0.0782 0.0794 0.089 0.0376 0.0388 0.145 0.1544
64 0.1125 0.0496 0.0606 0.0556 0.0938 0.093 0.1592 0.1693 0.1122 0.0497 0.0555 0.05 0.0835 0.0827 0.1591 0.1698 0.1127 0.0481 0.0668 0.0648 0.1005 0.1004 0.1589 0.1687
550 0.0897 0.1665 0.0239 0.0168 0.0496 0.0491 0.1618 0.1713 0.0895 0.1675 0.0234 0.0171 0.0471 0.0467 0.1618 0.1711 0.0893 0.1669 0.0248 0.0168 0.042 0.0419 0.1615 0.1715
457 0.1381 0.0968 0.0477 0.0563 0.0344 0.0463 0.1537 0.1529 0.1381 0.0967 0.0474 0.0558 0.0345 0.0462 0.1537 0.1528 0.1381 0.0968 0.0466 0.0551 0.0335 0.0464 0.1537 0.1529
260 0.1243 0.1091 0.0306 0.0572 0.0879 0.0925 0.1442 0.1498 0.124 0.1095 0.0317 0.0585 0.0871 0.0919 0.1445 0.1503 0.1239 0.1092 0.0323 0.0585 0.0865 0.0915 0.1445 0.1498
503 0.0472 0.1928 0.0152 0.0628 0.0351 0.0416 0.1738 0.165 0.0473 0.1927 0.0354 0.0672 0.0526 0.0508 0.1737 0.165 0.0472 0.1925 0.006 0.0593 0.0289 0.0398 0.1736 0.1652
522 0.1058 0.0719 0.0336 0.0462 0.0714 0.0673 0.1593 0.1655 0.1059 0.0719 0.0345 0.0468 0.0674 0.0637 0.1595 0.1651 0.1057 0.0718 0.0307 0.0442 0.0656 0.0624 0.1594 0.165
285 0.0618 0.0763 0.0759 0.0829 0.0328 0.0546 0.15 0.1706 0.0606 0.0763 0.0636 0.071 0.0409 0.0571 0.1499 0.171 0.063 0.0777 0.0916 0.0991 0.0258 0.0548 0.1503 0.1709
197 0.1272 0.1733 0.0919 0.0886 0.0302 0.0477 0.1546 0.1584 0.1272 0.173 0.0941 0.091 0.0266 0.044 0.1545 0.1584 0.1275 0.1732 0.089 0.0852 0.0374 0.0552 0.1553 0.1583
153 0.0809 0.1072 0.0139 0.0103 0.0737 0.0745 0.1677 0.1714 0.0809 0.1076 0.0144 0.012 0.0848 0.0867 0.1681 0.1717 0.0817 0.1072 0.0121 0.0116 0.0668 0.0676 0.1678 0.1714
458 0.0739 0.0992 0.1158 0.1199 0.035 0.032 0.1455 0.1559 0.0742 0.0993 0.1163 0.1204 0.0349 0.0324 0.1458 0.1558 0.0739 0.0991 0.1161 0.1196 0.0351 0.032 0.1457 0.1559
481 0.2323 0.1041 0.0588 0.0609 0.0308 0.0571 0.1491 0.153 0.2324 0.1041 0.0579 0.0595 0.032 0.058 0.149 0.1527 0.2323 0.1041 0.0546 0.0574 0.0337 0.0596 0.1492 0.1529
327 0.0582 0.1853 0.0839 0.0934 0.0403 0.0469 0.1576 0.1577 0.0583 0.1852 0.0801 0.0894 0.0396 0.0459 0.1576 0.1577 0.0583 0.1852 0.0896 0.099 0.0413 0.0469 0.1576 0.1577
439 0.0527 0.099 0.0291 0.0469 0.0677 0.0698 0.1368 0.1683 0.0531 0.0989 0.0314 0.0477 0.0657 0.069 0.137 0.1683 0.0524 0.099 0.0267 0.0393 0.0751 0.0787 0.1369 0.1683
108 0.0582 0.0899 0.1122 0.1163 0.1665 0.1815 0.1539 0.1596 0.058 0.0899 0.1096 0.1133 0.1526 0.1679 0.1541 0.1591 0.0585 0.0905 0.1139 0.1182 0.1812 0.1966 0.154 0.1597
174 0.0377 0.092 0.0715 0.0701 0.033 0.0299 0.1555 0.1548 0.038 0.0919 0.0412 0.0396 0.0544 0.0505 0.1564 0.1548 0.039 0.0925 0.1316 0.1312 0.0179 0.0181 0.1554 0.1549
396 0.0695 0.1828 0.0415 0.045 0.06 0.0954 0.1568 0.1642 0.0695 0.1828 0.0389 0.0424 0.0594 0.0944 0.1565 0.1641 0.0694 0.1828 0.0384 0.0418 0.0588 0.0939 0.1567 0.1641
85 0.1954 0.068 0.1228 0.1307 0.1721 0.1788 0.1473 0.1656 0.1955 0.0677 0.1229 0.1306 0.1719 0.1787 0.1474 0.1655 0.1956 0.0675 0.123 0.1305 0.1733 0.1802 0.1474 0.1653
128 0.1312 0.1843 0.0494 0.0495 0.0664 0.0641 0.1463 0.1663 0.131 0.1847 0.0511 0.05 0.0523 0.0502 0.1461 0.1654 0.1319 0.1841 0.048 0.0472 0.094 0.0926 0.1466 0.1656
306 0.0495 0.2592 0.1693 0.1987 0.1207 0.1224 0.1631 0.1509 0.0493 0.2592 0.1641 0.1928 0.1166 0.1179 0.1625 0.1508 0.0497 0.2593 0.1761 0.2039 0.1251 0.128 0.1595 0.1508
218 0.1354 0.2177 0.1269 0.1315 0.0501 0.0668 0.1549 0.1572 0.1353 0.2178 0.1236 0.1282 0.0512 0.0667 0.1548 0.1571 0.1348 0.2183 0.137 0.1428 0.0484 0.065 0.1549 0.1571
374 0.0487 0.0913 0.0415 0.0396 0.0799 0.0939 0.1592 0.1818 0.0488 0.0913 0.0461 0.0437 0.0789 0.0931 0.1595 0.182 0.0489 0.0915 0.0501 0.0476 0.0851 0.0981 0.1597 0.1817
42 0.0392 0.0804 0.0651 0.0768 0.0217 0.0367 0.1514 0.1566 0.0393 0.0804 0.0658 0.0788 0.0217 0.0351 0.1517 0.1567 0.0395 0.08 0.0683 0.0802 0.0214 0.0352 0.1517 0.1566
65 0.0646 0.0772 0.1067 0.1055 0.0204 0.0529 0.1411 0.1375 0.0643 0.0786 0.1061 0.1048 0.0191 0.0515 0.1413 0.1372 0.0649 0.0788 0.1146 0.1137 0.024 0.0521 0.1408 0.1375
417 0.0633 0.0893 0.2016 0.2169 0.0229 0.0508 0.1399 0.1624 0.0633 0.0894 0.2017 0.217 0.0226 0.0504 0.1399 0.1624 0.0634 0.0893 0.2004 0.2155 0.0242 0.0518 0.1399 0.1624
238 0.1014 0.1635 0.0523 0.0686 0.0539 0.0578 0.1668 0.1577 0.1013 0.1638 0.0555 0.0727 0.0524 0.0564 0.1669 0.1579 0.1015 0.1641 0.0586 0.0745 0.052 0.0569 0.1666 0.1582
261 0.0757 0.0972 0.0718 0.1006 0.054 0.0721 0.1656 0.1573 0.0758 0.097 0.0612 0.0932 0.0579 0.0741 0.1657 0.1572 0.0767 0.0972 0.0904 0.1147 0.039 0.0666 0.1656 0.1573
523 0.0698 0.0957 0.0901 0.095 0.0533 0.0552 0.1518 0.1734 0.0697 0.0957 0.0898 0.0947 0.0556 0.0571 0.1518 0.1733 0.0698 0.0958 0.0918 0.0966 0.0461 0.0501 0.1518 0.1733
19 0.0616 0.0901 0.0745 0.0719 0.0208 0.0324 0.1554 0.1592 0.0613 0.0904 0.043 0.0295 0.0222 0.0331 0.1556 0.1594 0.0613 0.09 0.1243 0.1276 0.0209 0.0328 0.1547 0.1592
551 0.1138 0.0512 0.0538 0.0565 0.0481 0.0593 0.168 0.1559 0.1138 0.0512 0.0549 0.0576 0.0486 0.0606 0.168 0.1559 0.1137 0.0513 0.0596 0.0626 0.0474 0.0607 0.1676 0.156
86 0.129 0.0464 0.0297 0.0475 0.029 0.0549 0.1527 0.1512 0.1291 0.0468 0.0258 0.0445 0.029 0.0552 0.1528 0.1513 0.1295 0.0454 0.0522 0.0585 0.0298 0.0544 0.1522 0.1507
175 0.1225 0.099 0.0325 0.0475 0.0696 0.0746 0.1582 0.1442 0.122 0.099 0.0205 0.0494 0.0657 0.0705 0.1583 0.144 0.1233 0.0988 0.0718 0.0753 0.0738 0.0801 0.1578 0.1442
66 0.0995 0.1725 0.1085 0.1039 0.0241 0.0302 0.1559 0.1569 0.0995 0.1726 0.1094 0.1046 0.0253 0.031 0.1559 0.1569 0.0991 0.1726 0.114 0.1087 0.0242 0.0301 0.1563 0.157
459 0.0383 0.0578 0.0592 0.0581 0.0275 0.049 0.1462 0.1639 0.0379 0.0571 0.0462 0.0447 0.0259 0.0486 0.1461 0.1636 0.0389 0.0583 0.0659 0.0653 0.0257 0.0488 0.1459 0.1638
397 0.1165 0.0768 0.0214 0.0142 0.1151 0.1103 0.16 0.1636 0.1164 0.0767 0.0213 0.0134 0.1146 0.1096 0.1601 0.1635 0.1164 0.0766 0.0214 0.0132 0.114 0.1089 0.1602 0.1635
129 0.0958 0.0947 0.1184 0.1135 0.0376 0.0446 0.1612 0.156 0.0956 0.0947 0.1182 0.113 0.0381 0.0443 0.1613 0.1559 0.0956 0.0952 0.1172 0.1121 0.0412 0.0459 0.1614 0.1561
198 0.2181 0.1719 0.0328 0.0388 0.1229 0.1341 0.1585 0.1643 0.2182 0.1708 0.0223 0.038 0.1088 0.1252 0.1588 0.1649 0.2177 0.1725 0.0553 0.0543 0.1409 0.15 0.1579 0.1648
154 0.0413 0.0661 0.0958 0.0997 0.0303 0.0283 0.1602 0.1558 0.0413 0.0665 0.0942 0.0979 0.0298 0.0285 0.1603 0.1559 0.0411 0.0665 0.0952 0.0991 0.0289 0.0281 0.1603 0.156
219 0.0426 0.0793 0.0575 0.0684 0.0129 0.05 0.1556 0.1562 0.0428 0.0802 0.0576 0.0688 0.013 0.0496 0.1557 0.1561 0.0427 0.0793 0.0579 0.0695 0.0135 0.0467 0.1557 0.156
482 0.0665 0.1098 0.034 0.0354 0.0757 0.0776 0.1394 0.1779 0.0666 0.1096 0.033 0.0345 0.0759 0.0778 0.1394 0.1782 0.0665 0.1095 0.0355 0.0369 0.0808 0.0817 0.1394 0.1786
349 0.0622 0.0829 0.0601 0.0769 0.0838 0.0826 0.1656 0.1624 0.0622 0.083 0.028 0.0557 0.0811 0.0795 0.1665 0.1622 0.0616 0.083 0.1003 0.1144 0.0998 0.1007 0.1654 0.1633
504 0.054 0.0709 0.0548 0.0506 0.0557 0.0566 0.171 0.1611 0.0539 0.071 0.0547 0.0503 0.0548 0.0563 0.1711 0.1612 0.0536 0.071 0.0551 0.0507 0.0591 0.0598 0.171 0.1614
286 0.0738 0.1636 0.0233 0.0346 0.0299 0.0492 0.1646 0.1535 0.0737 0.1637 0.0229 0.034 0.0292 0.0488 0.1644 0.1535 0.0737 0.1636 0.0238 0.0354 0.0288 0.0488 0.1645 0.1536
440 0.037 0.1328 0.0991 0.1176 0.0921 0.0919 0.1512 0.1442 0.037 0.1327 0.0979 0.1134 0.0924 0.0923 0.1503 0.1442 0.0369 0.1332 0.0976 0.1141 0.0904 0.0903 0.1504 0.1443
328 0.1033 0.0669 0.0037 0.016 0.1489 0.1488 0.1596 0.1656 0.1033 0.0668 0.0037 0.0167 0.1494 0.1495 0.1596 0.1654 0.1031 0.0669 0.0037 0.0163 0.1502 0.1505 0.1596 0.1656
418 0.1692 0.03 0.0471 0.04 0.0354 0.0457 0.1466 0.1407 0.1691 0.0303 0.0464 0.0399 0.0364 0.0452 0.1462 0.1399 0.1691 0.0304 0.0571 0.0509 0.0372 0.0462 0.1462 0.1403
87 0.0894 0.0524 0.0374 0.0374 0.0431 0.038 0.1632 0.1471 0.09 0.0523 0.0366 0.0366 0.0471 0.0405 0.1633 0.1475 0.0897 0.0522 0.036 0.0361 0.0406 0.0388 0.1633 0.147
375 0.071 0.07 0.0516 0.0553 0.1277 0.1239 0.1603 0.1453 0.0715 0.0696 0.0237 0.0237 0.1257 0.1217 0.1609 0.1448 0.0722 0.07 0.1076 0.1115 0.123 0.1187 0.1611 0.1457
262 0.1372 0.0871 0.0213 0.0405 0.051 0.0326 0.1634 0.1636 0.1372 0.0872 0.0201 0.0411 0.0533 0.0361 0.1631 0.1634 0.1367 0.0878 0.0194 0.0385 0.0512 0.0311 0.164 0.1642
109 0.118 0.1558 0.0228 0.0325 0.0827 0.0912 0.1557 0.1626 0.1182 0.1558 0.0189 0.0345 0.088 0.0935 0.1555 0.163 0.1182 0.1558 0.0218 0.0322 0.0921 0.0962 0.1558 0.1633
307 0.0764 0.0609 0.104 0.1121 0.0608 0.0607 0.1394 0.1621 0.0764 0.0611 0.1001 0.108 0.063 0.063 0.1394 0.1621 0.0765 0.0606 0.1052 0.1138 0.0594 0.0589 0.1395 0.1614
43 0.0801 0.0619 0.0263 0.0204 0.0825 0.0821 0.1591 0.1441 0.0799 0.0615 0.0254 0.0189 0.0823 0.0813 0.1588 0.1437 0.0795 0.0618 0.0259 0.018 0.0834 0.0838 0.1591 0.1441
524 0.1184 0.0693 0.0629 0.0667 0.0434 0.0573 0.1563 0.1459 0.1185 0.0687 0.0607 0.0645 0.0354 0.0539 0.1563 0.1458 0.1184 0.0687 0.0633 0.0673 0.0482 0.0603 0.1563 0.1462
483 0.1265 0.1148 0.083 0.0816 0.026 0.0331 0.1672 0.1559 0.1267 0.1151 0.0849 0.0836 0.0252 0.0327 0.1669 0.1559 0.1264 0.1151 0.0853 0.0841 0.0246 0.0328 0.1669 0.156
67 0.1162 0.0624 0.1006 0.1049 0.0357 0.0364 0.1509 0.1626 0.1163 0.0624 0.0895 0.0936 0.0329 0.035 0.1507 0.1627 0.1162 0.0625 0.1091 0.1147 0.0495 0.0505 0.15 0.1631
199 0.0946 0.2586 0.0998 0.0977 0.0595 0.071 0.1555 0.1617 0.0945 0.2586 0.1056 0.1039 0.058 0.0704 0.1555 0.1617 0.0945 0.2585 0.0907 0.0884 0.0593 0.0708 0.1544 0.1616
20 0.0339 0.0677 0.0812 0.0812 0.0876 0.0846 0.1437 0.1595 0.0336 0.0677 0.0773 0.0771 0.0499 0.0601 0.144 0.1605 0.0341 0.0676 0.0862 0.0865 0.1179 0.1147 0.1435 0.1591
460 0.0618 0.0313 0.1175 0.1321 0.0636 0.0525 0.1506 0.1581 0.0611 0.0313 0.1105 0.1253 0.0484 0.0355 0.1507 0.1584 0.0615 0.0313 0.122 0.1318 0.0971 0.0862 0.1515 0.1579
552 0.0903 0.0429 0.0247 0.0475 0.0618 0.0811 0.1419 0.1557 0.0906 0.0429 0.0263 0.0501 0.0625 0.0808 0.1421 0.1556 0.0908 0.0428 0.0295 0.051 0.0634 0.0807 0.1421 0.1556
350 0.0461 0.1036 0.0255 0.0301 0.025 0.0819 0.1633 0.1563 0.046 0.1037 0.0252 0.0297 0.0247 0.0806 0.1632 0.1563 0.046 0.1038 0.025 0.029 0.0243 0.0795 0.1632 0.1561
176 0.032 0.1557 0.1202 0.1266 0.074 0.0741 0.1448 0.1726 0.0324 0.1552 0.121 0.1273 0.0596 0.0606 0.1448 0.1724 0.0323 0.1561 0.1136 0.1193 0.1088 0.1087 0.1449 0.1725
220 0.162 0.0474 0.032 0.0587 0.1953 0.1955 0.1589 0.1625 0.1607 0.0472 0.0218 0.0538 0.1941 0.1943 0.1564 0.1623 0.1606 0.0468 0.0313 0.0566 0.2097 0.2097 0.1565 0.162
155 0.0762 0.1258 0.0216 0.0279 0.0523 0.0517 0.1721 0.1584 0.0747 0.1256 0.0218 0.0296 0.0529 0.0522 0.1717 0.1582 0.075 0.1257 0.0217 0.028 0.0554 0.0545 0.1717 0.1583
130 0.0957 0.1234 0.0877 0.0893 0.0233 0.0391 0.158 0.1647 0.0955 0.1234 0.0882 0.0912 0.0236 0.0393 0.1581 0.1647 0.0956 0.1233 0.0851 0.0876 0.0245 0.0395 0.158 0.1646
505 0.0778 0.2195 0.0204 0.0223 0.1365 0.1401 0.1537 0.1463 0.0774 0.2198 0.0213 0.0235 0.1246 0.128 0.1537 0.1464 0.0779 0.2186 0.022 0.0228 0.1542 0.1581 0.1539 0.1462
287 0.0441 0.155 0.0214 0.0272 0.042 0.0539 0.1429 0.1566 0.0441 0.1554 0.0214 0.0231 0.043 0.0549 0.1427 0.1571 0.044 0.1555 0.0233 0.0255 0.0424 0.0546 0.1427 0.1573
329 0.0612 0.0525 0.1668 0.183 0.0366 0.0294 0.146 0.1613 0.0611 0.052 0.1613 0.1767 0.033 0.026 0.146 0.1611 0.0611 0.052 0.1559 0.1706 0.0315 0.0241 0.146 0.1611
419 0.0451 0.0917 0.0169 0.0167 0.0309 0.0676 0.1627 0.1822 0.0454 0.0918 0.0164 0.016 0.0308 0.0693 0.1629 0.1827 0.0455 0.0918 0.015 0.0149 0.0311 0.0681 0.163 0.1824
398 0.095 0.0535 0.0154 0.0317 0.0415 0.0336 0.1529 0.154 0.095 0.0535 0.0142 0.0313 0.04 0.0326 0.1529 0.154 0.0951 0.0534 0.0165 0.0319 0.0446 0.0361 0.153 0.1543
110 0.0414 0.0703 0.0436 0.058 0.0695 0.0782 0.1593 0.1514 0.0417 0.0707 0.0345 0.0576 0.0716 0.0806 0.1594 0.1516 0.0418 0.0703 0.0527 0.0678 0.0607 0.0733 0.1598 0.1517
441 0.0503 0.0451 0.036 0.0411 0.0426 0.0401 0.1449 0.17 0.0505 0.0452 0.063 0.0671 0.0436 0.0394 0.1449 0.1707 0.0506 0.0458 0.0087 0.0171 0.0415 0.0316 0.145 0.1696
376 0.1317 0.1177 0.1536 0.1535 0.0356 0.0424 0.1544 0.1497 0.1316 0.118 0.1534 0.1534 0.0352 0.0419 0.1543 0.1498 0.1315 0.1182 0.1545 0.1544 0.0348 0.0417 0.1542 0.1497
44 0.1475 0.1275 0.1079 0.1113 0.0321 0.0736 0.1564 0.1552 0.1474 0.1277 0.1077 0.1114 0.0314 0.0728 0.1564 0.1553 0.1474 0.1277 0.108 0.1118 0.0311 0.072 0.1564 0.1551
263 0.1203 0.0646 0.191 0.1956 0.0485 0.0586 0.162 0.1545 0.1204 0.0646 0.1907 0.1953 0.049 0.0591 0.162 0.1545 0.1205 0.0647 0.1942 0.1992 0.0499 0.0601 0.162 0.1544
131 0.1348 0.0628 0.122 0.1136 0.0839 0.083 0.1439 0.1497 0.1348 0.0628 0.1198 0.1114 0.0826 0.0817 0.1438 0.1496 0.1349 0.0625 0.1257 0.1172 0.085 0.0844 0.1439 0.1495
461 0.0698 0.1154 0.0494 0.0537 0.248 0.2482 0.1667 0.1512 0.0699 0.1151 0.0412 0.0468 0.2275 0.2279 0.1667 0.1511 0.0701 0.1159 0.0591 0.0603 0.2687 0.2695 0.1664 0.1515
553 0.1249 0.1404 0.0225 0.0245 0.1904 0.1944 0.1465 0.1646 0.1253 0.14 0.0238 0.031 0.1587 0.1624 0.1467 0.1651 0.1242 0.1412 0.0894 0.0905 0.2562 0.2615 0.1466 0.1624
21 0.0757 0.1545 0.0637 0.069 0.0327 0.0512 0.1444 0.1609 0.0758 0.1545 0.0638 0.069 0.0325 0.0511 0.1446 0.1608 0.0755 0.1547 0.0617 0.0677 0.0309 0.0511 0.1441 0.1609
377 0.0937 0.2938 0.0392 0.0374 0.0527 0.0562 0.1399 0.1631 0.0934 0.2937 0.0381 0.0365 0.0541 0.0571 0.1389 0.1633 0.0936 0.2936 0.0399 0.0376 0.0538 0.0566 0.1397 0.163
525 0.0243 0.0387 0.1012 0.1083 0.0438 0.0454 0.1477 0.1694 0.0243 0.0389 0.0978 0.1049 0.0468 0.048 0.1478 0.1695 0.024 0.0375 0.1081 0.1143 0.0395 0.0416 0.1474 0.169
442 0.2359 0.2565 0.0764 0.0819 0.0761 0.0735 0.1515 0.1611 0.2356 0.2562 0.0584 0.061 0.0764 0.0741 0.1517 0.1614 0.236 0.2565 0.0815 0.0877 0.0766 0.0737 0.1517 0.1609
351 0.1523 0.0459 0.0708 0.0904 0.1183 0.1237 0.1625 0.1719 0.1522 0.0463 0.0646 0.0853 0.1134 0.1192 0.1625 0.172 0.1525 0.0458 0.0724 0.0921 0.119 0.1244 0.1627 0.1719
68 0.1317 0.0817 0.1303 0.1313 0.09 0.091 0.1491 0.1533 0.1321 0.0817 0.1125 0.1137 0.0837 0.0856 0.1495 0.153 0.1315 0.0815 0.1444 0.145 0.0962 0.0977 0.1492 0.1527
308 0.0657 0.1467 0.0151 0.0173 0.0994 0.097 0.1539 0.1588 0.0654 0.1466 0.015 0.0174 0.1006 0.0982 0.1539 0.1589 0.0653 0.1464 0.0163 0.0176 0.091 0.0889 0.1538 0.1585
111 0.0829 0.1094 0.1032 0.1035 0.0277 0.0278 0.161 0.1571 0.0826 0.1096 0.0821 0.0898 0.0277 0.0222 0.1616 0.1574 0.0826 0.1095 0.1267 0.1274 0.0357 0.0365 0.1624 0.1574
177 0.0595 0.1036 0.1176 0.1209 0.0253 0.0279 0.1486 0.1602 0.0597 0.1036 0.0957 0.1004 0.0263 0.0294 0.1488 0.1607 0.0586 0.1033 0.1747 0.1827 0.0256 0.0294 0.1482 0.16
288 0.0969 0.1007 0.0468 0.0496 0.0687 0.0631 0.148 0.1384 0.0969 0.1004 0.0464 0.0497 0.0686 0.0628 0.1482 0.1386 0.097 0.1 0.0472 0.0503 0.0691 0.0634 0.1484 0.1389
399 0.1694 0.2763 0.1158 0.1275 0.0439 0.0668 0.1508 0.1649 0.1693 0.276 0.1137 0.1254 0.0448 0.0678 0.1509 0.1647 0.1692 0.2756 0.1283 0.1403 0.0483 0.0682 0.1515 0.1646
156 0.0522 0.1591 0.0264 0.0341 0.0288 0.0205 0.1602 0.1566 0.0522 0.1589 0.0216 0.0288 0.0284 0.0206 0.1605 0.1566 0.0513 0.1589 0.0217 0.0204 0.0268 0.0214 0.1609 0.157
221 0.0477 0.1902 0.0078 0.0606 0.0696 0.0737 0.1489 0.1542 0.0475 0.1903 0.0078 0.0652 0.0701 0.0748 0.1493 0.1543 0.0477 0.1909 0.008 0.0662 0.0708 0.0763 0.1493 0.155
420 0.0772 0.1073 0.0361 0.0392 0.0168 0.041 0.1413 0.1634 0.0768 0.107 0.037 0.0402 0.0185 0.0403 0.1414 0.1635 0.0776 0.1072 0.0359 0.0392 0.0208 0.0424 0.1411 0.1635
506 0.1117 0.2762 0.1124 0.1252 0.0494 0.0601 0.1607 0.1605 0.1111 0.2761 0.0972 0.1103 0.0531 0.061 0.1605 0.1606 0.1113 0.2758 0.1206 0.1333 0.0529 0.0634 0.1602 0.1604
462 0.046 0.0402 0.0293 0.0291 0.075 0.074 0.1487 0.153 0.0461 0.0401 0.0509 0.0526 0.059 0.0593 0.1495 0.1531 0.0463 0.0399 0.0137 0.0141 0.091 0.0897 0.1486 0.1528
45 0.0615 0.1292 0.0081 0.0261 0.0373 0.0499 0.156 0.1488 0.0615 0.1291 0.0099 0.0218 0.0386 0.0507 0.1557 0.1489 0.0614 0.1291 0.008 0.0294 0.0365 0.0496 0.1558 0.149
526 0.1608 0.0563 0.0277 0.0155 0.0257 0.0367 0.1564 0.1728 0.161 0.0563 0.028 0.0158 0.026 0.0366 0.1557 0.1727 0.161 0.0561 0.028 0.016 0.0261 0.0371 0.156 0.1727
330 0.0546 0.0447 0.0327 0.0329 0.2267 0.2291 0.1567 0.1583 0.0537 0.0443 0.0438 0.0425 0.204 0.2053 0.1562 0.1578 0.0546 0.0445 0.0219 0.0277 0.251 0.2538 0.1572 0.1577
443 0.0635 0.0387 0.1363 0.1435 0.0586 0.0566 0.1345 0.1624 0.063 0.0379 0.117 0.1225 0.0564 0.0552 0.1343 0.1623 0.0629 0.0387 0.1907 0.2034 0.0409 0.0399 0.1344 0.1625
554 0.0757 0.0983 0.1743 0.1745 0.0213 0.0501 0.1612 0.1636 0.0752 0.0978 0.1599 0.1601 0.0226 0.0505 0.161 0.1635 0.075 0.0974 0.2056 0.2045 0.0187 0.048 0.1606 0.1634
22 0.0419 0.1091 0.0662 0.067 0.0451 0.0552 0.1557 0.152 0.0422 0.1091 0.0656 0.0665 0.0453 0.0554 0.1558 0.1521 0.0424 0.1091 0.0658 0.0666 0.0442 0.0544 0.1556 0.1519
484 0.0665 0.0356 0.0078 0.0222 0.0812 0.0896 0.1648 0.159 0.066 0.0358 0.0084 0.0196 0.0781 0.0872 0.1645 0.1592 0.0666 0.0355 0.007 0.0245 0.0857 0.0937 0.1652 0.1592
378 0.0492 0.0508 0.0763 0.0944 0.0315 0.025 0.1568 0.1539 0.0483 0.0503 0.0748 0.0928 0.0317 0.0239 0.1569 0.1539 0.048 0.0504 0.0714 0.0928 0.0327 0.0233 0.1565 0.1544
200 0.1397 0.0845 0.1394 0.1547 0.0388 0.0661 0.1503 0.1727 0.1398 0.0841 0.1382 0.1536 0.0392 0.0665 0.1504 0.1725 0.1397 0.0848 0.1319 0.1486 0.0423 0.0689 0.1506 0.1724
289 0.0899 0.1038 0.1213 0.1329 0.1399 0.1445 0.1488 0.1521 0.09 0.1037 0.1126 0.1231 0.1238 0.1273 0.1488 0.1518 0.0901 0.1057 0.1297 0.142 0.1541 0.1604 0.1491 0.1512
157 0.1295 0.0481 0.0386 0.0422 0.0808 0.0824 0.1624 0.156 0.1296 0.0477 0.0371 0.041 0.0813 0.0829 0.1626 0.1557 0.1297 0.0481 0.0343 0.0401 0.0833 0.0847 0.163 0.1558
309 0.0772 0.1003 0.0361 0.047 0.0736 0.072 0.1641 0.163 0.0773 0.1003 0.0367 0.0477 0.073 0.0716 0.1641 0.1629 0.0771 0.1004 0.0369 0.0477 0.0717 0.0707 0.164 0.1627
421 0.1349 0.0749 0.0316 0.0521 0.0349 0.0146 0.1548 0.1481 0.1349 0.075 0.0283 0.0485 0.0356 0.0136 0.1536 0.1484 0.1348 0.0748 0.0301 0.0482 0.0353 0.0136 0.1541 0.1483
88 0.1364 0.0646 0.065 0.0706 0.0325 0.0351 0.1415 0.1589 0.1361 0.0646 0.0513 0.0577 0.0309 0.0342 0.1417 0.1589 0.1341 0.0649 0.0741 0.0803 0.037 0.0393 0.142 0.1589
352 0.2044 0.158 0.0664 0.0788 0.0287 0.0291 0.149 0.1655 0.2045 0.1578 0.0597 0.0712 0.0284 0.029 0.1488 0.1658 0.2045 0.1582 0.0807 0.0918 0.0321 0.0337 0.1488 0.1654
222 0.0505 0.0492 0.0165 0.018 0.0213 0.0399 0.1451 0.1671 0.0504 0.0487 0.0139 0.014 0.0231 0.038 0.1449 0.1665 0.0496 0.0495 0.0393 0.0372 0.0253 0.0464 0.1448 0.1677
400 0.1514 0.2372 0.0455 0.0672 0.0938 0.1041 0.1402 0.1652 0.1512 0.2372 0.0468 0.0705 0.095 0.1052 0.1403 0.1653 0.1513 0.2374 0.0494 0.0752 0.0994 0.1094 0.1408 0.1653
463 0.1198 0.1001 0.0945 0.1002 0.0258 0.0242 0.1603 0.1566 0.1203 0.1 0.0917 0.0975 0.0262 0.0248 0.1601 0.1566 0.1201 0.1 0.0944 0.0989 0.0267 0.0254 0.16 0.1566
69 0.1094 0.1647 0.0772 0.079 0.0724 0.0754 0.1523 0.1532 0.1091 0.1646 0.0831 0.085 0.0664 0.0687 0.1524 0.1535 0.1089 0.1633 0.0837 0.0869 0.0702 0.0732 0.1529 0.1527
507 0.0974 0.1594 0.0251 0.0308 0.0378 0.0439 0.1509 0.1653 0.0977 0.1591 0.0204 0.0296 0.0428 0.0474 0.1509 0.1657 0.097 0.1603 0.0325 0.0341 0.0346 0.0417 0.151 0.1646
112 0.0469 0.1335 0.0308 0.0472 0.0389 0.0494 0.1409 0.1491 0.0465 0.1335 0.0312 0.0486 0.0411 0.0515 0.1407 0.1494 0.0471 0.133 0.0306 0.0485 0.0377 0.048 0.1414 0.1487
527 0.2029 0.2052 0.0685 0.0768 0.0826 0.0837 0.159 0.1659 0.2028 0.2048 0.0653 0.0738 0.0802 0.0821 0.1591 0.1661 0.2025 0.2047 0.0744 0.0829 0.085 0.0856 0.1588 0.166
178 0.2872 0.1118 0.1008 0.1024 0.0303 0.0665 0.1542 0.1614 0.2872 0.1117 0.0991 0.1008 0.0302 0.0664 0.1542 0.1613 0.2872 0.1115 0.101 0.1027 0.0303 0.0674 0.1542 0.1615
46 0.0593 0.0628 0.092 0.0909 0.023 0.0344 0.1665 0.1654 0.0597 0.063 0.0934 0.0924 0.0231 0.0339 0.1665 0.1654 0.0596 0.0631 0.0932 0.0924 0.0243 0.0341 0.1664 0.1654
485 0.1199 0.1314 0.2137 0.2106 0.078 0.0922 0.1409 0.165 0.1198 0.1315 0.2205 0.2164 0.0823 0.0962 0.141 0.1651 0.1198 0.1312 0.2267 0.2227 0.0859 0.0992 0.141 0.1651
331 0.0657 0.1183 0.1833 0.1785 0.0717 0.0751 0.1561 0.1494 0.0661 0.1181 0.1237 0.1207 0.0603 0.0692 0.1554 0.1502 0.0648 0.1183 0.2076 0.2017 0.0769 0.0784 0.1546 0.1493
132 0.1687 0.175 0.0569 0.0472 0.08 0.0705 0.1555 0.1688 0.1686 0.1748 0.0563 0.0464 0.061 0.0585 0.1554 0.169 0.1688 0.1729 0.0592 0.048 0.0894 0.0786 0.1562 0.1664
555 0.0685 0.1178 0.0172 0.0224 0.1046 0.1166 0.1573 0.1669 0.0684 0.118 0.0195 0.0228 0.1033 0.1161 0.157 0.1669 0.0689 0.1184 0.0148 0.0218 0.1137 0.1242 0.1577 0.167
23 0.0406 0.1397 0.062 0.0626 0.0354 0.026 0.1565 0.1612 0.0408 0.1397 0.0611 0.0618 0.0355 0.0257 0.1565 0.1611 0.0404 0.1398 0.0625 0.0635 0.0355 0.0247 0.1567 0.1611
401 0.0371 0.1835 0.2335 0.231 0.0319 0.0574 0.164 0.1475 0.037 0.1837 0.2094 0.2086 0.0315 0.0569 0.1637 0.1478 0.0359 0.1831 0.2544 0.2491 0.0301 0.0563 0.163 0.1474
201 0.0767 0.0994 0.0595 0.0762 0.028 0.0562 0.1537 0.1529 0.0766 0.0995 0.0574 0.0748 0.0287 0.0567 0.1537 0.1532 0.0768 0.1 0.0556 0.0744 0.0248 0.0533 0.1536 0.1532
444 0.0701 0.1035 0.1328 0.1302 0.0885 0.0914 0.1495 0.1655 0.0702 0.1035 0.1321 0.1302 0.0884 0.0914 0.1493 0.1656 0.07 0.1037 0.1417 0.1396 0.0915 0.0945 0.1492 0.1654
528 0.0502 0.1383 0.0632 0.0772 0.0237 0.0355 0.1563 0.1508 0.0501 0.1383 0.0616 0.0747 0.0238 0.0354 0.1561 0.1507 0.0504 0.1386 0.061 0.0694 0.0243 0.0354 0.1555 0.1506
290 0.0523 0.0991 0.0175 0.0197 0.0968 0.0983 0.1386 0.1548 0.0524 0.0991 0.0127 0.0193 0.0666 0.0699 0.1387 0.1548 0.0527 0.1001 0.0669 0.0653 0.202 0.2027 0.1385 0.1561
353 0.0977 0.0256 0.0908 0.0909 0.0399 0.0602 0.1475 0.1668 0.0988 0.025 0.0887 0.0888 0.0386 0.0589 0.1481 0.1668 0.0996 0.0247 0.0856 0.0857 0.0401 0.0604 0.1484 0.1669
264 0.0717 0.0873 0.0837 0.0856 0.0888 0.0865 0.1685 0.1607 0.0717 0.0872 0.073 0.0747 0.0938 0.0914 0.1685 0.1606 0.0717 0.0873 0.0986 0.1006 0.0787 0.0767 0.1685 0.161
332 0.1358 0.2084 0.0508 0.0397 0.1458 0.1551 0.1719 0.1682 0.1352 0.2086 0.0537 0.0445 0.1381 0.1474 0.1734 0.1682 0.136 0.2081 0.0504 0.0421 0.1516 0.1605 0.1718 0.1683
310 0.1465 0.2765 0.0752 0.0695 0.0502 0.0563 0.1476 0.1482 0.1465 0.2761 0.0887 0.0829 0.0324 0.0367 0.1476 0.1481 0.1463 0.2762 0.0381 0.0309 0.0847 0.0887 0.148 0.149
158 0.2836 0.2461 0.0225 0.0386 0.0853 0.0837 0.1614 0.1549 0.2831 0.2464 0.0205 0.0387 0.0854 0.0835 0.1612 0.1549 0.283 0.2465 0.0202 0.0377 0.0856 0.0837 0.1613 0.1549
89 0.1466 0.1856 0.0185 0.0553 0.0426 0.0569 0.1604 0.1615 0.1463 0.1856 0.0124 0.0517 0.0431 0.0571 0.1588 0.1615 0.1463 0.1857 0.0127 0.0567 0.0425 0.0573 0.1592 0.1615
70 0.1161 0.1519 0.1031 0.1092 0.0835 0.0731 0.1562 0.1556 0.1161 0.1519 0.1012 0.1075 0.0828 0.0718 0.1564 0.1558 0.1161 0.1521 0.1006 0.1065 0.0822 0.0711 0.1561 0.1559
422 0.1741 0.1637 0.071 0.084 0.0253 0.0358 0.1575 0.145 0.1741 0.1635 0.0675 0.0801 0.0251 0.034 0.1574 0.145 0.1743 0.164 0.0776 0.0915 0.0253 0.0354 0.1576 0.1448
223 0.0814 0.0465 0.0195 0.024 0.0211 0.0497 0.1501 0.1543 0.0815 0.0465 0.0197 0.0257 0.0205 0.0515 0.1502 0.1548 0.0812 0.0465 0.021 0.0251 0.0242 0.0565 0.15 0.1553
508 0.0604 0.1376 0.0809 0.0801 0.0179 0.0468 0.1466 0.1411 0.0609 0.1373 0.0796 0.0784 0.0183 0.0459 0.1466 0.141 0.0608 0.1378 0.0826 0.0811 0.0172 0.0467 0.1465 0.1411
239 0.1387 0.1595 0.0322 0.0364 0.1203 0.1272 0.1644 0.1554 0.1386 0.1601 0.0325 0.0422 0.1224 0.1291 0.1638 0.1554 0.1388 0.1596 0.0323 0.0348 0.1187 0.1256 0.1642 0.1556
24 0.1279 0.1049 0.0417 0.0482 0.0993 0.1004 0.1527 0.1616 0.128 0.105 0.0422 0.0509 0.0993 0.1003 0.153 0.1614 0.128 0.1047 0.042 0.0493 0.0988 0.0994 0.1527 0.1614
179 0.0467 0.1296 0.0691 0.0731 0.0767 0.0763 0.1712 0.1566 0.0461 0.1293 0.0641 0.0682 0.0752 0.075 0.1713 0.1565 0.0456 0.1295 0.0755 0.0794 0.072 0.0717 0.1709 0.1567
113 0.0861 0.0712 0.1278 0.1262 0.1148 0.118 0.1521 0.1538 0.0864 0.0708 0.1117 0.1104 0.1104 0.1132 0.152 0.1537 0.0885 0.0715 0.1732 0.1701 0.1156 0.1185 0.1525 0.1533
486 0.0732 0.135 0.0286 0.0394 0.0335 0.0405 0.1472 0.1565 0.0729 0.1348 0.0223 0.0282 0.0313 0.0396 0.1471 0.1563 0.0733 0.1359 0.0424 0.0517 0.0355 0.0411 0.147 0.1573
529 0.1162 0.0983 0.1857 0.1816 0.1095 0.1142 0.1419 0.1738 0.1159 0.0975 0.1683 0.1653 0.1017 0.1061 0.1423 0.1735 0.1148 0.098 0.2241 0.2161 0.1144 0.1198 0.1432 0.174
354 0.0781 0.0736 0.0287 0.035 0.0497 0.0749 0.1595 0.1679 0.0774 0.0731 0.0277 0.0325 0.0562 0.0768 0.1603 0.1678 0.0794 0.0719 0.0642 0.0643 0.0373 0.069 0.1588 0.1673
202 0.1088 0.1642 0.0198 0.0563 0.153 0.1586 0.153 0.1573 0.1087 0.1643 0.0212 0.0596 0.1397 0.1449 0.1534 0.1575 0.1091 0.1651 0.0158 0.0545 0.1771 0.1831 0.1534 0.1574
402 0.1051 0.0816 0.0587 0.0575 0.1554 0.1563 0.1554 0.1589 0.1053 0.0815 0.0615 0.061 0.1558 0.1564 0.1559 0.1589 0.1051 0.0815 0.0608 0.0598 0.1594 0.1598 0.1556 0.1587
47 0.0877 0.0446 0.0175 0.0419 0.0861 0.0891 0.1582 0.1676 0.0877 0.0464 0.0114 0.0396 0.0798 0.0821 0.1582 0.1681 0.088 0.0439 0.0278 0.0475 0.0996 0.1032 0.1582 0.1676
71 0.248 0.318 0.0362 0.0415 0.098 0.1064 0.15 0.1528 0.2484 0.3174 0.041 0.0449 0.0835 0.0911 0.1501 0.1529 0.2484 0.3157 0.0303 0.0325 0.1126 0.1217 0.1481 0.1529
291 0.0869 0.047 0.0441 0.0415 0.0932 0.0973 0.15 0.1584 0.0872 0.0469 0.0428 0.0404 0.0931 0.0977 0.1499 0.1582 0.0871 0.0468 0.0415 0.039 0.098 0.1023 0.1499 0.1582
265 0.0745 0.1542 0.0824 0.0991 0.057 0.0681 0.1485 0.1595 0.0748 0.1546 0.0768 0.0949 0.0554 0.0668 0.1487 0.1593 0.0743 0.1538 0.0865 0.1025 0.0578 0.069 0.1481 0.1597
464 0.1002 0.2494 0.0353 0.0254 0.0319 0.0406 0.1527 0.1595 0.0999 0.2494 0.0353 0.0279 0.0313 0.0402 0.1526 0.1595 0.1003 0.2493 0.0352 0.0262 0.0327 0.0409 0.1528 0.1594
159 0.0534 0.1188 0.06 0.0647 0.0654 0.0632 0.1498 0.1528 0.0535 0.1188 0.0628 0.0672 0.0505 0.0484 0.1498 0.1528 0.0534 0.1193 0.0678 0.0739 0.0926 0.0923 0.1502 0.1526
445 0.0417 0.1522 0.0475 0.0534 0.0675 0.0695 0.1517 0.1629 0.0408 0.1525 0.0326 0.0406 0.0637 0.0669 0.1511 0.1632 0.0429 0.1516 0.0616 0.0702 0.0756 0.0766 0.1518 0.1635
133 0.1089 0.1306 0.0947 0.0945 0.0535 0.062 0.1745 0.1527 0.1091 0.1301 0.0961 0.0956 0.0518 0.0591 0.1738 0.1522 0.1093 0.1301 0.097 0.0968 0.0496 0.0588 0.1741 0.1522
423 0.1233 0.1715 0.1257 0.1271 0.035 0.0629 0.1583 0.1647 0.1232 0.1713 0.127 0.1283 0.0348 0.0626 0.1582 0.1645 0.1228 0.1709 0.1265 0.1277 0.0326 0.0612 0.1583 0.1642
379 0.1062 0.0572 0.0395 0.0416 0.1243 0.1298 0.1435 0.1596 0.1064 0.057 0.0379 0.04 0.1303 0.1363 0.1438 0.1597 0.1055 0.058 0.0555 0.0628 0.1139 0.119 0.1447 0.1599
509 0.0938 0.0993 0.0318 0.0179 0.0477 0.0484 0.1562 0.1555 0.0937 0.099 0.0316 0.0156 0.0447 0.0462 0.1562 0.1556 0.0934 0.0997 0.0319 0.0197 0.0523 0.052 0.1562 0.1553
311 0.138 0.1073 0.0743 0.0747 0.0478 0.0626 0.1447 0.1525 0.1381 0.1077 0.0664 0.067 0.0466 0.0622 0.1445 0.1523 0.1393 0.1073 0.1123 0.1127 0.0587 0.0663 0.1448 0.152
90 0.1213 0.1026 0.031 0.0461 0.0807 0.0892 0.1513 0.1643 0.1216 0.1019 0.027 0.0449 0.0266 0.0523 0.1516 0.1649 0.1213 0.1044 0.0444 0.0535 0.1623 0.1675 0.152 0.1655
333 0.0773 0.0382 0.0347 0.0484 0.0814 0.0926 0.1588 0.1624 0.0773 0.0373 0.0187 0.0369 0.0692 0.0848 0.1586 0.1627 0.0759 0.0379 0.0496 0.062 0.1049 0.1126 0.1589 0.1617
530 0.068 0.126 0.0778 0.0737 0.0297 0.0304 0.1533 0.1586 0.0686 0.1258 0.0629 0.0604 0.0297 0.03 0.1533 0.1584 0.0675 0.1259 0.0941 0.0914 0.0294 0.0288 0.1527 0.1583
114 0.0781 0.0666 0.1307 0.1409 0.0456 0.0457 0.1578 0.1712 0.0775 0.0667 0.1188 0.1294 0.0422 0.0437 0.1575 0.1713 0.0776 0.0669 0.145 0.1538 0.0489 0.0474 0.1568 0.1713
25 0.0931 0.0508 0.0654 0.0674 0.0349 0.0664 0.1584 0.1671 0.093 0.0508 0.0653 0.0672 0.0346 0.0657 0.1586 0.167 0.0931 0.051 0.0656 0.0675 0.0338 0.066 0.1587 0.167
240 0.0816 0.1545 0.0978 0.1001 0.0955 0.0952 0.1284 0.1642 0.0818 0.1545 0.0826 0.0845 0.0963 0.096 0.1284 0.164 0.0828 0.1553 0.1288 0.131 0.0801 0.0838 0.1279 0.1637
266 0.1108 0.0337 0.094 0.0892 0.0256 0.0406 0.1563 0.1521 0.1108 0.0336 0.094 0.0892 0.0257 0.0407 0.1564 0.1521 0.1108 0.0335 0.0927 0.0877 0.0264 0.0409 0.1565 0.1522
224 0.0571 0.1102 0.0146 0.0254 0.0146 0.023 0.168 0.1606 0.0571 0.1104 0.0153 0.0257 0.0145 0.0229 0.1681 0.1606 0.0571 0.1107 0.0126 0.0245 0.0151 0.0235 0.1679 0.1607
446 0.0634 0.1857 0.038 0.0529 0.1227 0.1219 0.1595 0.1614 0.0633 0.1862 0.0374 0.0533 0.1182 0.1175 0.1597 0.1613 0.0638 0.1868 0.0371 0.0526 0.132 0.1316 0.1599 0.1612
72 0.0756 0.2485 0.0791 0.0823 0.0242 0.0345 0.1653 0.1665 0.0757 0.2482 0.0801 0.0829 0.0241 0.0345 0.1653 0.1667 0.0756 0.2481 0.0827 0.0846 0.0233 0.0346 0.1651 0.1666
556 0.144 0.1545 0.0831 0.0894 0.0408 0.0587 0.155 0.1681 0.1439 0.1545 0.0833 0.089 0.0399 0.0584 0.1551 0.1681 0.1438 0.1545 0.0835 0.0888 0.0421 0.0598 0.1554 0.1682
487 0.039 0.0778 0.159 0.1633 0.183 0.1884 0.152 0.1618 0.0392 0.0775 0.146 0.1491 0.1647 0.1704 0.1521 0.162 0.0391 0.0786 0.1666 0.1721 0.204 0.2095 0.1519 0.1619
134 0.1017 0.2236 0.0501 0.0479 0.0481 0.059 0.1693 0.1646 0.1018 0.2235 0.0505 0.0481 0.0405 0.0507 0.1693 0.1646 0.1016 0.2231 0.0466 0.0441 0.0611 0.0729 0.1692 0.1644
403 0.0662 0.1671 0.1167 0.1221 0.1807 0.1804 0.1458 0.1705 0.0659 0.1673 0.1041 0.1087 0.1805 0.1801 0.1454 0.1706 0.0661 0.1682 0.1292 0.1361 0.1836 0.1843 0.1459 0.1716
180 0.106 0.0725 0.0765 0.078 0.0899 0.0959 0.1506 0.1499 0.1058 0.0726 0.0763 0.0777 0.089 0.0948 0.1508 0.1499 0.1057 0.0722 0.0765 0.0779 0.0875 0.0934 0.1509 0.1497
203 0.0529 0.0744 0.0203 0.0251 0.0883 0.1006 0.1415 0.1498 0.0527 0.0745 0.0164 0.0224 0.0715 0.0863 0.1412 0.1493 0.0536 0.0748 0.0216 0.0261 0.1068 0.1176 0.1418 0.1499
355 0.0263 0.089 0.0335 0.0319 0.0315 0.05 0.1516 0.1644 0.0257 0.0889 0.029 0.0241 0.0309 0.049 0.1504 0.1644 0.0258 0.0895 0.037 0.035 0.0318 0.0492 0.152 0.1642
292 0.0325 0.1037 0.087 0.0915 0.0702 0.0658 0.1514 0.1564 0.0326 0.1037 0.0863 0.091 0.0696 0.0651 0.1515 0.1565 0.0328 0.1041 0.089 0.094 0.0778 0.074 0.1512 0.1564
424 0.0455 0.2257 0.1234 0.1398 0.0649 0.0678 0.1504 0.1572 0.0453 0.2257 0.1238 0.1398 0.0669 0.0698 0.1502 0.1573 0.0465 0.2252 0.1253 0.1415 0.0707 0.0733 0.1508 0.1573
510 0.1294 0.1255 0.1964 0.2161 0.0282 0.0321 0.1602 0.1521 0.1293 0.1259 0.1872 0.2053 0.0192 0.0305 0.1601 0.1519 0.1291 0.1273 0.2115 0.2326 0.0405 0.0385 0.1598 0.1519
531 0.0923 0.0484 0.0363 0.0487 0.0477 0.0535 0.1364 0.1617 0.0913 0.048 0.0345 0.0469 0.0476 0.053 0.1363 0.1616 0.0922 0.0475 0.0377 0.0498 0.0585 0.0644 0.1364 0.1616
48 0.1386 0.0893 0.0212 0.0671 0.078 0.0741 0.1524 0.1493 0.1383 0.0893 0.0191 0.0672 0.0804 0.0767 0.1523 0.1492 0.1382 0.089 0.0173 0.067 0.0817 0.0777 0.1522 0.1493
465 0.0734 0.1308 0.094 0.0914 0.0401 0.0422 0.1611 0.156 0.0734 0.1309 0.097 0.0935 0.0387 0.0409 0.1615 0.1559 0.0733 0.131 0.1083 0.1054 0.0376 0.0395 0.1618 0.1559
334 0.0411 0.0314 0.0329 0.0571 0.0705 0.0719 0.1681 0.158 0.041 0.0316 0.0322 0.057 0.0693 0.071 0.1681 0.158 0.0408 0.0333 0.0317 0.0569 0.0656 0.0678 0.168 0.1585
241 0.0678 0.0421 0.0463 0.0532 0.0418 0.0574 0.1547 0.156 0.0677 0.042 0.0462 0.0527 0.0436 0.0583 0.1546 0.1558 0.0679 0.0422 0.044 0.05 0.0406 0.0548 0.1544 0.1558
312 0.045 0.0504 0.0264 0.056 0.0417 0.0278 0.1508 0.1755 0.0447 0.0505 0.0311 0.0566 0.0419 0.0285 0.1505 0.1756 0.0445 0.0508 0.0222 0.0574 0.039 0.027 0.1504 0.1753
380 0.1387 0.0792 0.0498 0.0628 0.0379 0.0327 0.1433 0.148 0.1388 0.0794 0.0502 0.0644 0.0379 0.0325 0.1434 0.1481 0.1386 0.0794 0.0536 0.0662 0.0376 0.0325 0.1433 0.1481
267 0.1815 0.0554 0.0652 0.0725 0.0288 0.0412 0.1678 0.1676 0.1814 0.0555 0.0635 0.0709 0.0287 0.0411 0.1677 0.1675 0.1817 0.0551 0.0836 0.0898 0.0274 0.0392 0.1684 0.1676
26 0.1328 0.0969 0.0373 0.0351 0.1814 0.1906 0.1516 0.1626 0.1326 0.097 0.0356 0.033 0.174 0.1831 0.1517 0.1628 0.1332 0.0969 0.0398 0.0393 0.1857 0.1935 0.1516 0.1625
160 0.0298 0.126 0.0435 0.043 0.1369 0.1398 0.1406 0.1624 0.0307 0.1256 0.0448 0.0445 0.1403 0.1432 0.1406 0.1625 0.0291 0.1259 0.0462 0.0468 0.1472 0.1502 0.1405 0.1629
91 0.1566 0.0793 0.0272 0.0318 0.0346 0.052 0.1497 0.1583 0.1568 0.0793 0.0272 0.0319 0.0337 0.0504 0.1499 0.1576 0.1569 0.0806 0.0285 0.0327 0.036 0.0539 0.1497 0.159
225 0.0839 0.0525 0.0464 0.0487 0.204 0.2126 0.1573 0.1772 0.0841 0.0529 0.047 0.0511 0.1865 0.1947 0.1577 0.1771 0.084 0.0516 0.0465 0.0477 0.2273 0.2359 0.1575 0.1772
557 0.0729 0.0342 0.156 0.1626 0.0485 0.0551 0.1669 0.1685 0.0729 0.0346 0.1472 0.153 0.0517 0.0578 0.1671 0.1686 0.0734 0.0337 0.1676 0.1754 0.0513 0.0575 0.1672 0.1686
532 0.1292 0.0497 0.0526 0.0697 0.1182 0.1135 0.1592 0.1631 0.1293 0.0495 0.0497 0.0676 0.1154 0.1108 0.1592 0.1631 0.1298 0.0495 0.0546 0.0716 0.1182 0.1135 0.1592 0.1629
511 0.0856 0.0803 0.0302 0.0344 0.0365 0.0939 0.1478 0.1585 0.086 0.0804 0.0336 0.04 0.0452 0.0974 0.1482 0.1586 0.0849 0.0799 0.0125 0.0179 0.0214 0.0796 0.1471 0.1566
49 0.0531 0.244 0.1745 0.1725 0.0268 0.0561 0.1631 0.1717 0.0534 0.2439 0.1736 0.1718 0.0271 0.0562 0.1629 0.1718 0.0535 0.2437 0.1806 0.1788 0.0274 0.0577 0.1628 0.1719
356 0.0866 0.1342 0.0379 0.0315 0.1725 0.1713 0.1524 0.1642 0.0866 0.1342 0.0369 0.0314 0.1728 0.1717 0.1524 0.1641 0.0865 0.1345 0.0373 0.0318 0.1731 0.172 0.1524 0.1642
447 0.0953 0.0827 0.0888 0.0931 0.0431 0.0363 0.1553 0.1725 0.0955 0.0827 0.0753 0.0808 0.0463 0.0404 0.1555 0.1725 0.0953 0.0831 0.1111 0.1149 0.0287 0.0262 0.1552 0.1723
135 0.0859 0.0516 0.0528 0.0554 0.1027 0.1172 0.1532 0.155 0.0856 0.0507 0.0508 0.0532 0.1065 0.1205 0.1533 0.1548 0.086 0.0508 0.0582 0.0628 0.072 0.0947 0.1535 0.1556
242 0.1289 0.1447 0.0949 0.0956 0.0474 0.0473 0.1445 0.1814 0.1287 0.1445 0.0961 0.0972 0.0478 0.0473 0.1443 0.1816 0.1288 0.1446 0.1048 0.1069 0.0463 0.0461 0.1442 0.1816
488 0.1013 0.2178 0.0213 0.0311 0.0321 0.0373 0.1449 0.159 0.1013 0.2179 0.0227 0.0314 0.0337 0.0386 0.1448 0.159 0.1012 0.2177 0.0239 0.0317 0.0347 0.0395 0.145 0.159
466 0.0675 0.0765 0.0693 0.0744 0.0282 0.0268 0.1705 0.1505 0.0679 0.0768 0.0595 0.0624 0.0291 0.0254 0.171 0.151 0.0666 0.0763 0.0854 0.0927 0.0283 0.0295 0.1695 0.1494
335 0.1299 0.0733 0.034 0.0407 0.0573 0.0566 0.1454 0.1657 0.13 0.0734 0.0339 0.0415 0.0552 0.0546 0.1454 0.1655 0.1299 0.0736 0.0317 0.0363 0.0515 0.0514 0.1454 0.1658
115 0.0753 0.13 0.0413 0.0355 0.1478 0.1452 0.1457 0.1556 0.0752 0.1299 0.0411 0.0342 0.143 0.1401 0.1459 0.1556 0.0757 0.1302 0.0418 0.0367 0.154 0.1517 0.1455 0.1557
27 0.0966 0.1465 0.0702 0.069 0.0823 0.0844 0.1767 0.1595 0.0965 0.1464 0.0809 0.0797 0.0948 0.0969 0.177 0.1592 0.0957 0.1462 0.0258 0.0238 0.063 0.0696 0.1765 0.16
92 0.0759 0.1393 0.0196 0.0281 0.0435 0.0815 0.1488 0.1762 0.076 0.1397 0.0189 0.0302 0.0442 0.0821 0.1489 0.1763 0.0755 0.1395 0.0179 0.0285 0.0427 0.08 0.1487 0.1762
425 0.1422 0.1178 0.0134 0.0322 0.2265 0.2312 0.1406 0.1659 0.1417 0.1177 0.0094 0.0274 0.2147 0.2193 0.1409 0.1657 0.1422 0.118 0.0258 0.0438 0.2406 0.2447 0.1408 0.1662
204 0.1964 0.1157 0.0285 0.0238 0.0775 0.0722 0.161 0.1699 0.1965 0.1156 0.0283 0.0257 0.0731 0.068 0.1612 0.1699 0.1962 0.1147 0.0284 0.0226 0.0862 0.0814 0.1612 0.1697
181 0.0673 0.0477 0.1363 0.1314 0.0907 0.0814 0.1606 0.1553 0.0667 0.048 0.1261 0.1208 0.0668 0.0613 0.1606 0.1553 0.0669 0.0479 0.1402 0.1353 0.0982 0.0888 0.1605 0.1553
357 0.1292 0.0554 0.0375 0.0499 0.0252 0.0311 0.1711 0.1558 0.1293 0.0558 0.0405 0.0545 0.0251 0.031 0.1719 0.1559 0.1288 0.0568 0.0337 0.0465 0.0253 0.0318 0.1706 0.1564
226 0.1123 0.147 0.0506 0.054 0.075 0.0642 0.1441 0.1418 0.1122 0.1477 0.0517 0.0552 0.071 0.0608 0.1437 0.1422 0.1122 0.1478 0.0513 0.0543 0.0805 0.0689 0.144 0.1419
161 0.1433 0.1328 0.1437 0.1504 0.0245 0.0288 0.1521 0.1611 0.1436 0.1332 0.1271 0.1322 0.0237 0.0314 0.1524 0.1609 0.1426 0.1328 0.1592 0.1674 0.0453 0.0443 0.1519 0.161
381 0.111 0.0531 0.025 0.0383 0.0203 0.0172 0.142 0.1631 0.1123 0.052 0.0217 0.0366 0.0207 0.0173 0.1424 0.1629 0.1133 0.0508 0.0384 0.0486 0.0242 0.0176 0.1422 0.1628
50 0.1076 0.1022 0.1797 0.1889 0.0235 0.0368 0.1592 0.1563 0.1073 0.1022 0.1822 0.1913 0.0237 0.0369 0.1595 0.1562 0.1069 0.102 0.1903 0.2002 0.0273 0.0373 0.1596 0.1561
243 0.105 0.2047 0.122 0.1336 0.045 0.0453 0.15 0.1536 0.1063 0.2045 0.1156 0.1263 0.036 0.0325 0.1498 0.1534 0.1054 0.204 0.1346 0.1478 0.0611 0.0634 0.1509 0.1536
313 0.0339 0.1337 0.0485 0.0559 0.0713 0.0814 0.1605 0.1841 0.0337 0.134 0.0585 0.0664 0.0497 0.0631 0.1607 0.1836 0.034 0.1345 0.0466 0.055 0.0883 0.0957 0.1606 0.1855
293 0.0332 0.0584 0.0251 0.0238 0.101 0.1016 0.1632 0.151 0.0332 0.0584 0.025 0.0236 0.0992 0.0995 0.1632 0.151 0.033 0.0582 0.0254 0.0262 0.098 0.0983 0.1628 0.1512
533 0.0505 0.0655 0.0188 0.0216 0.0803 0.0894 0.1464 0.1666 0.0509 0.0649 0.0173 0.0209 0.0452 0.0572 0.1465 0.1669 0.0499 0.0661 0.0206 0.0231 0.1082 0.1191 0.1461 0.1667
268 0.1168 0.0335 0.0827 0.1005 0.0264 0.0351 0.1714 0.1657 0.1169 0.0334 0.0822 0.1004 0.0254 0.0354 0.171 0.1661 0.1169 0.0332 0.0833 0.1017 0.021 0.0326 0.1714 0.1662
116 0.0641 0.122 0.0887 0.0868 0.102 0.1077 0.1621 0.1459 0.064 0.1219 0.0894 0.0873 0.1012 0.1068 0.1622 0.1459 0.0639 0.122 0.0879 0.0861 0.1032 0.109 0.1621 0.1459
512 0.1023 0.09 0.0716 0.0733 0.0647 0.0729 0.1531 0.1717 0.1019 0.0899 0.0715 0.0732 0.0679 0.0743 0.153 0.1717 0.1016 0.0904 0.0669 0.0685 0.0613 0.0709 0.1531 0.172
51 0.0743 0.1611 0.1277 0.1369 0.03 0.0232 0.1577 0.1604 0.0744 0.163 0.1216 0.1275 0.0312 0.026 0.1604 0.1609 0.0742 0.1609 0.1151 0.1211 0.0352 0.033 0.1597 0.16
136 0.0999 0.0494 0.0196 0.0345 0.0533 0.04 0.1555 0.169 0.1 0.049 0.0215 0.035 0.0532 0.0399 0.1558 0.1689 0.1002 0.0484 0.0189 0.0354 0.055 0.0412 0.156 0.169
182 0.0933 0.0505 0.075 0.073 0.0278 0.0346 0.1654 0.1535 0.0933 0.051 0.0764 0.0744 0.0282 0.0335 0.1655 0.1535 0.0931 0.0506 0.0745 0.0724 0.0281 0.034 0.1654 0.1535
336 0.098 0.1186 0.0102 0.0155 0.0331 0.044 0.1594 0.148 0.098 0.119 0.0059 0.0148 0.0313 0.0424 0.1593 0.1484 0.0981 0.1186 0.005 0.015 0.0313 0.0427 0.1592 0.1484
467 0.0666 0.0528 0.0753 0.0727 0.1105 0.1116 0.1535 0.1562 0.067 0.053 0.057 0.0534 0.1007 0.1022 0.153 0.1558 0.067 0.0525 0.0858 0.0834 0.1134 0.1151 0.154 0.1561
489 0.1087 0.3023 0.0773 0.1089 0.0996 0.1067 0.167 0.1557 0.1083 0.3023 0.0597 0.1006 0.0828 0.0945 0.1685 0.1566 0.1089 0.3026 0.1202 0.1429 0.1259 0.13 0.1657 0.1546
28 0.1165 0.0437 0.0264 0.0299 0.0529 0.0474 0.15 0.1616 0.1166 0.0435 0.0237 0.0269 0.0451 0.0422 0.15 0.1618 0.1175 0.0424 0.0266 0.0296 0.0716 0.0631 0.1501 0.1612
205 0.0914 0.073 0.029 0.0354 0.1139 0.1141 0.1604 0.1538 0.0915 0.0732 0.029 0.0369 0.1162 0.1162 0.1604 0.1539 0.0918 0.0726 0.0386 0.0405 0.1267 0.1278 0.1601 0.1538
534 0.1258 0.1046 0.1113 0.1111 0.0273 0.0317 0.1575 0.1677 0.1256 0.1048 0.1094 0.1094 0.0254 0.0305 0.1575 0.168 0.1258 0.1048 0.1215 0.1177 0.027 0.0317 0.1585 0.1677
358 0.0599 0.0563 0.0771 0.083 0.0731 0.0659 0.1438 0.1562 0.0597 0.0568 0.0796 0.0808 0.0735 0.0664 0.144 0.1566 0.0593 0.0576 0.0756 0.0763 0.0754 0.0682 0.1441 0.157
93 0.0614 0.0587 0.0373 0.059 0.1003 0.1037 0.1567 0.1553 0.0611 0.0585 0.0403 0.0595 0.0765 0.0782 0.1565 0.1555 0.061 0.0596 0.027 0.0563 0.1276 0.1328 0.157 0.1549
513 0.096 0.2224 0.0281 0.0314 0.1002 0.1092 0.1469 0.1526 0.0955 0.2224 0.0275 0.0311 0.0933 0.1022 0.1468 0.1527 0.0957 0.2226 0.0297 0.0317 0.1034 0.1125 0.1467 0.1527
244 0.0643 0.1424 0.0273 0.026 0.0383 0.0351 0.1552 0.1536 0.0644 0.1419 0.0172 0.0146 0.0298 0.0304 0.1553 0.1532 0.0643 0.1421 0.0378 0.0375 0.0517 0.0428 0.1553 0.1537
314 0.0677 0.0338 0.1114 0.1182 0.0347 0.0491 0.1658 0.1641 0.0678 0.0338 0.1123 0.1196 0.0331 0.0471 0.166 0.1643 0.0679 0.0335 0.1128 0.1199 0.0376 0.0512 0.1658 0.164
468 0.0725 0.0724 0.0876 0.0918 0.0528 0.0517 0.1704 0.1532 0.072 0.073 0.0742 0.0844 0.0501 0.0487 0.1702 0.1535 0.0719 0.0732 0.1403 0.136 0.0677 0.0676 0.1708 0.1535
269 0.1583 0.1064 0.1813 0.1916 0.0917 0.0857 0.1441 0.1613 0.158 0.1064 0.1393 0.1455 0.0931 0.0872 0.1439 0.1613 0.1583 0.1064 0.243 0.2604 0.0969 0.0907 0.1442 0.1611
117 0.1098 0.0629 0.0674 0.0652 0.0542 0.0641 0.1437 0.158 0.1099 0.0632 0.0677 0.0653 0.0526 0.0632 0.1435 0.158 0.11 0.0633 0.057 0.0549 0.0498 0.062 0.1434 0.1583
227 0.0309 0.0415 0.0275 0.0265 0.1693 0.1625 0.1447 0.155 0.0308 0.0412 0.0271 0.0259 0.1565 0.1491 0.1448 0.1552 0.0307 0.0411 0.0317 0.0309 0.1896 0.1841 0.1446 0.1548
183 0.0899 0.116 0.0571 0.0612 0.0337 0.0398 0.1753 0.1575 0.0899 0.1161 0.0604 0.063 0.0268 0.0364 0.1754 0.1579 0.0913 0.1152 0.0457 0.0541 0.059 0.0599 0.1732 0.1566
359 0.1032 0.1333 0.1556 0.1553 0.0232 0.0395 0.1508 0.1639 0.1032 0.1329 0.1096 0.1108 0.0255 0.0417 0.1508 0.164 0.1037 0.1341 0.1979 0.1952 0.0266 0.0395 0.151 0.1638
137 0.0832 0.1346 0.0144 0.0323 0.0752 0.0827 0.1623 0.1632 0.0831 0.1343 0.0149 0.0329 0.0738 0.082 0.1624 0.163 0.0837 0.1345 0.014 0.0327 0.0749 0.0841 0.1625 0.1638
337 0.0926 0.1189 0.1015 0.103 0.0845 0.0837 0.1535 0.1533 0.0927 0.1206 0.1017 0.1031 0.0828 0.0833 0.1534 0.1532 0.0927 0.1192 0.1013 0.1027 0.0877 0.0875 0.1533 0.1531
29 0.0309 0.0587 0.0367 0.0394 0.0796 0.0841 0.1557 0.1516 0.0307 0.0586 0.0356 0.0354 0.0804 0.0851 0.155 0.1517 0.0306 0.0587 0.0357 0.037 0.082 0.0868 0.1552 0.1518
245 0.0544 0.1349 0.1109 0.1162 0.0602 0.0731 0.1569 0.1561 0.0544 0.1343 0.1232 0.128 0.0505 0.0687 0.157 0.1562 0.0545 0.1344 0.1037 0.1089 0.0683 0.0787 0.1568 0.1565
535 0.1601 0.1313 0.0243 0.0318 0.0195 0.0325 0.1437 0.1671 0.1598 0.1316 0.0245 0.0314 0.0199 0.0333 0.1436 0.1674 0.1598 0.1313 0.0243 0.0303 0.0199 0.0337 0.1434 0.1671
315 0.0404 0.1312 0.1034 0.1066 0.0787 0.0843 0.1566 0.1537 0.0401 0.1305 0.1042 0.1074 0.0787 0.0843 0.1566 0.1539 0.0401 0.1312 0.1046 0.1078 0.0748 0.0801 0.1566 0.1537
490 0.0882 0.0489 0.0653 0.0716 0.0459 0.0501 0.1481 0.157 0.088 0.0484 0.0582 0.0639 0.0458 0.0499 0.1482 0.1569 0.088 0.0507 0.069 0.0757 0.0476 0.0519 0.1481 0.1573
469 0.1924 0.0654 0.1298 0.1416 0.036 0.0268 0.155 0.1716 0.1923 0.0655 0.1344 0.1464 0.0374 0.0278 0.1551 0.1715 0.1926 0.0662 0.1267 0.1381 0.0365 0.0245 0.155 0.1707
270 0.1264 0.1419 0.0349 0.0592 0.0481 0.0491 0.1367 0.1429 0.1264 0.1419 0.0345 0.0592 0.04 0.0441 0.1366 0.1428 0.1265 0.1417 0.0322 0.0569 0.0594 0.0584 0.1367 0.1427
94 0.0413 0.1348 0.0287 0.0393 0.1035 0.0943 0.1519 0.1621 0.0414 0.1346 0.0304 0.0327 0.1 0.0907 0.1516 0.162 0.0416 0.1347 0.026 0.0382 0.1064 0.0978 0.1519 0.1621
138 0.1473 0.1244 0.1469 0.147 0.064 0.0613 0.1506 0.1556 0.1472 0.1242 0.1459 0.1459 0.0631 0.0602 0.1501 0.156 0.1472 0.1242 0.1463 0.1463 0.0636 0.061 0.1504 0.1558
73 0.0543 0.1248 0.1538 0.1518 0.0167 0.041 0.1591 0.1709 0.054 0.1242 0.147 0.1446 0.0166 0.0399 0.1589 0.1713 0.0542 0.1243 0.1587 0.1566 0.018 0.0422 0.1591 0.1713
246 0.1163 0.0982 0.0864 0.0869 0.1024 0.0947 0.1415 0.163 0.1161 0.098 0.1144 0.1144 0.0753 0.0661 0.1427 0.1645 0.117 0.0985 0.0421 0.0466 0.1603 0.1557 0.1407 0.1622
491 0.2509 0.1093 0.0509 0.054 0.1032 0.1046 0.1578 0.1701 0.251 0.1095 0.0511 0.0544 0.0955 0.0964 0.1578 0.1701 0.2507 0.1094 0.053 0.0561 0.1111 0.113 0.1579 0.1701
271 0.0355 0.063 0.1054 0.1084 0.0247 0.0269 0.1657 0.1561 0.0361 0.0623 0.0919 0.0931 0.0243 0.0269 0.1655 0.1557 0.0358 0.0619 0.1294 0.1355 0.0245 0.0271 0.1661 0.1556
139 0.108 0.1595 0.0103 0.0664 0.0482 0.0637 0.151 0.1551 0.1081 0.1596 0.0131 0.0618 0.0421 0.0609 0.1506 0.1553 0.1081 0.1601 0.0103 0.0641 0.0537 0.0668 0.1506 0.1554
247 0.0933 0.0574 0.0407 0.0508 0.025 0.0397 0.1557 0.156 0.0932 0.0572 0.0411 0.0479 0.0241 0.039 0.1552 0.1555 0.093 0.0568 0.0437 0.0533 0.0245 0.0407 0.1561 0.1557
95 0.0454 0.1463 0.0557 0.0535 0.0685 0.0765 0.1377 0.1547 0.0454 0.1463 0.0563 0.0541 0.0676 0.0757 0.1377 0.1547 0.0454 0.1463 0.0552 0.053 0.0681 0.0761 0.1377 0.1546
248 0.0355 0.1212 0.0912 0.0982 0.0458 0.0746 0.1478 0.1507 0.0357 0.1211 0.0776 0.083 0.0412 0.0764 0.1478 0.1517 0.0358 0.1211 0.1133 0.1222 0.0555 0.0751 0.1479 0.1499
249 0.154 0.049 0.0627 0.0666 0.112 0.1184 0.1547 0.1648 0.1539 0.049 0.0633 0.0688 0.1124 0.1187 0.1556 0.1647 0.1538 0.049 0.0638 0.0693 0.1123 0.1181 0.1556 0.1646
"Mean1" "Mean2" "YPC1" "YPC2" "ZPC1" "ZPC2" "IND1" "IND2"
"t" 96.26 112.13 69.16 75.81 66.24 73.44 154.29 159.27
"slash" 96.22 112.12 65.79 72.61 63.7 71.1 154.34 159.3
"norm" 96.26 112.13 76.01 82.72 70.83 77.9 154.31 159.27
