"x"
"1" "Generate from n distribution. Repeat 550 times. The variance of residual is 0.04"
"x"
"1" "== degree of freedom:  1 =="
368 0.0488 0.0256 8e-04 8e-04 3e-04 8e-04 0.0078 0.0064 0.0487 0.0255 8e-04 6e-04 5e-04 0.001 0.0078 0.0065 0.0486 0.0256 9e-04 7e-04 5e-04 0.0012 0.0079 0.0065
318 0.0083 0.0059 0.0064 0.0067 0.0038 0.0042 0.008 0.0063 0.0083 0.0058 0.0078 0.008 0.0047 0.0051 0.008 0.0063 0.0083 0.0058 0.0079 0.0081 0.0048 0.0051 0.008 0.0063
78 0.0042 0.0108 0.0031 0.0036 5e-04 0.0014 0.0068 0.0078 0.0042 0.0106 0.0015 0.002 4e-04 0.0013 0.0069 0.0077 0.0042 0.0106 0.0015 0.002 4e-04 0.0013 0.0069 0.0077
88 0.0086 0.0137 0.0082 0.0082 0.0082 0.0086 0.007 0.0073 0.0086 0.0137 0.0067 0.0067 0.0048 0.0051 0.0069 0.0073 0.0086 0.0137 0.0067 0.0067 0.0047 0.005 0.0069 0.0073
498 0.005 0.0966 3e-04 0.0011 0.0022 0.0027 0.0067 0.0071 0.0049 0.0966 2e-04 9e-04 0.0024 0.0028 0.0065 0.007 0.0049 0.0966 2e-04 8e-04 0.0024 0.0028 0.0065 0.007
528 0.0103 0.0175 0.0126 0.0128 2e-04 7e-04 0.0075 0.0064 0.0103 0.0175 0.0113 0.0115 2e-04 5e-04 0.0074 0.0063 0.0103 0.0175 0.0113 0.0115 2e-04 5e-04 0.0074 0.0063
248 0.0108 0.0055 0.0048 0.0055 0.0047 0.0056 0.0077 0.0061 0.0108 0.0055 0.0058 0.0065 0.004 0.0047 0.0076 0.0061 0.0108 0.0055 0.006 0.0066 0.004 0.0047 0.0076 0.0061
168 0.0085 0.0249 1e-04 1e-04 4e-04 8e-04 0.0075 0.0082 0.0085 0.0249 2e-04 2e-04 5e-04 9e-04 0.0076 0.0082 0.0085 0.0249 2e-04 2e-04 5e-04 9e-04 0.0076 0.0082
458 0.0572 0.0497 0.0141 0.0141 6e-04 8e-04 0.0067 0.0069 0.0572 0.0497 0.014 0.014 6e-04 7e-04 0.0068 0.007 0.0573 0.0497 0.014 0.0141 6e-04 7e-04 0.0068 0.007
148 0.0157 0.0061 0.0015 0.0016 0.0125 0.013 0.007 0.007 0.0158 0.0062 7e-04 9e-04 0.0126 0.0131 0.007 0.007 0.0158 0.0062 7e-04 9e-04 0.0126 0.0132 0.007 0.007
158 0.09 0.096 0.0044 0.0047 0.003 0.0032 0.0074 0.0063 0.0899 0.096 0.0038 0.004 0.004 0.0044 0.0073 0.0064 0.0899 0.0961 0.0038 0.004 0.0041 0.0044 0.0073 0.0063
228 0.0137 6e-04 0.0012 0.0014 0.0066 0.0073 0.0097 0.0072 0.0136 6e-04 8e-04 0.0011 0.0047 0.0053 0.0097 0.0073 0.0136 6e-04 8e-04 0.0011 0.0046 0.0052 0.0096 0.0072
488 0.0205 0.0399 3e-04 0.001 0.0014 0.0017 0.0063 0.0064 0.0205 0.04 6e-04 0.0012 0.0022 0.0025 0.0062 0.0064 0.0205 0.04 6e-04 0.0013 0.0022 0.0026 0.0062 0.0064
118 0.0243 0.0332 0.018 0.0185 0.001 0.0015 0.0067 0.0081 0.0242 0.0332 0.0194 0.0199 0.001 0.0014 0.0067 0.0081 0.0242 0.0332 0.0195 0.02 0.001 0.0014 0.0067 0.0081
48 0.0192 0.0253 8e-04 8e-04 0.0043 0.0044 0.0068 0.0054 0.0191 0.0252 0.0011 0.0011 0.0051 0.0053 0.0067 0.0054 0.0191 0.0251 0.0011 0.0011 0.0051 0.0053 0.0067 0.0054
369 0.0193 0.0117 0.0294 0.0297 4e-04 7e-04 0.0066 0.0063 0.0193 0.0116 0.0321 0.0324 4e-04 7e-04 0.0066 0.0062 0.0193 0.0116 0.0321 0.0324 4e-04 7e-04 0.0066 0.0062
388 0.0016 0.008 5e-04 0.0013 0.0023 0.0034 0.0073 0.0057 0.0016 0.008 6e-04 0.0015 0.0016 0.0026 0.0073 0.0057 0.0016 0.008 6e-04 0.0014 0.0015 0.0027 0.0073 0.0058
268 0.0118 0.0399 9e-04 9e-04 0.0011 0.0013 0.0076 0.0077 0.0118 0.0397 5e-04 5e-04 9e-04 0.0012 0.0075 0.0077 0.0118 0.0397 5e-04 5e-04 9e-04 0.0011 0.0075 0.0077
418 0.0348 0.0035 4e-04 4e-04 0.0025 0.0032 0.0067 0.0054 0.0346 0.0035 3e-04 3e-04 0.0036 0.0043 0.0067 0.0054 0.0346 0.0035 3e-04 3e-04 0.0037 0.0044 0.0067 0.0054
238 0.0054 0.0287 0.0359 0.0358 0.0141 0.015 0.0084 0.0071 0.0054 0.0287 0.0347 0.0347 0.0175 0.0184 0.0084 0.0071 0.0054 0.0287 0.0346 0.0347 0.0176 0.0186 0.0084 0.0071
98 0.0107 0.0105 0.0012 0.0014 0.0065 0.0073 0.0074 0.007 0.0106 0.0106 3e-04 6e-04 0.0054 0.0062 0.0074 0.0071 0.0106 0.0106 3e-04 5e-04 0.0053 0.0061 0.0073 0.0071
408 0.0114 0.0111 0.0049 0.0055 0.0098 0.0102 0.0061 0.0082 0.0114 0.0111 0.0056 0.0063 0.0118 0.0122 0.0062 0.0081 0.0114 0.0111 0.0056 0.0063 0.012 0.0124 0.0062 0.0082
298 0.0155 0.0428 0.0071 0.007 0.0056 0.0059 0.006 0.0076 0.0155 0.0426 0.0066 0.0064 0.0047 0.005 0.0059 0.0075 0.0155 0.0426 0.0066 0.0064 0.0046 0.0049 0.0059 0.0075
38 0.011 0.0038 1e-04 2e-04 0.0045 0.0053 0.0079 0.0067 0.011 0.0038 1e-04 2e-04 0.0043 0.0052 0.0078 0.0068 0.011 0.0038 1e-04 2e-04 0.0043 0.0052 0.0078 0.0068
308 0.0042 0.0056 0.002 0.0022 0.0084 0.0089 0.0077 0.0062 0.0042 0.0056 0.0017 0.0018 0.0066 0.0071 0.0076 0.0063 0.0042 0.0056 0.0016 0.0017 0.0065 0.007 0.0076 0.0062
378 0.0264 0.04 2e-04 0.001 6e-04 6e-04 0.0077 0.0064 0.0264 0.0399 3e-04 0.0012 7e-04 6e-04 0.0077 0.0063 0.0264 0.0399 3e-04 0.0013 7e-04 6e-04 0.0077 0.0063
138 0.0469 0.0109 0.019 0.0192 0.0147 0.0152 0.0066 0.0066 0.0468 0.0108 0.019 0.0192 0.0139 0.0143 0.0067 0.0066 0.0469 0.0108 0.0188 0.0189 0.0139 0.0143 0.0066 0.0066
79 0.0129 0.0644 0.0033 0.0037 2e-04 6e-04 0.0071 0.006 0.0129 0.0646 0.003 0.0034 3e-04 6e-04 0.0072 0.006 0.0129 0.0646 0.0031 0.0035 3e-04 7e-04 0.0073 0.006
538 0.0081 0.0053 0.0065 0.0074 1e-04 7e-04 0.0068 0.0072 0.0081 0.0053 0.0051 0.0061 2e-04 7e-04 0.0068 0.0072 0.0081 0.0053 0.0049 0.0058 2e-04 7e-04 0.0067 0.0072
398 0.0066 0.0062 0.0027 0.0029 0.0035 0.0038 0.0067 0.0066 0.0067 0.0063 0.0025 0.0027 0.0024 0.0027 0.0066 0.0065 0.0067 0.0063 0.0026 0.0027 0.0024 0.0026 0.0066 0.0065
508 0.0052 0.0139 0.0056 0.0065 4e-04 7e-04 0.0066 0.0057 0.0052 0.0139 0.0063 0.007 4e-04 6e-04 0.0066 0.0056 0.0052 0.014 0.0064 0.007 4e-04 6e-04 0.0066 0.0056
348 0.0131 0.0024 0.0017 0.0019 4e-04 0.0012 0.007 0.0073 0.0132 0.0023 0.0016 0.0018 2e-04 0.001 0.0069 0.0073 0.0132 0.0024 0.0016 0.0018 2e-04 9e-04 0.0069 0.0073
278 0.0646 0.082 0.012 0.0128 0.0126 0.0134 0.0072 0.0075 0.0648 0.0817 0.0138 0.0148 0.0116 0.0123 0.0072 0.0075 0.0648 0.0817 0.0138 0.0149 0.0115 0.0123 0.0072 0.0075
358 0.0065 0.0044 7e-04 0.0021 0.0026 0.0026 0.0068 0.0071 0.0064 0.0043 3e-04 0.0017 0.0033 0.0033 0.0068 0.0071 0.0065 0.0043 3e-04 0.0017 0.0034 0.0034 0.0068 0.0071
218 0.0105 5e-04 4e-04 5e-04 2e-04 7e-04 0.0075 0.006 0.0104 5e-04 3e-04 3e-04 6e-04 0.0011 0.0075 0.006 0.0104 5e-04 3e-04 3e-04 7e-04 0.0011 0.0075 0.006
198 0.0333 0.0397 0.0077 0.0084 0.0104 0.0114 0.0077 0.0071 0.0332 0.0397 0.0081 0.0086 0.0087 0.0097 0.0076 0.0071 0.0332 0.0397 0.0081 0.0086 0.0086 0.0096 0.0076 0.0071
28 0.0087 0.0013 0.0037 0.0037 0.0012 0.0013 0.0077 0.0068 0.0088 0.0013 0.0018 0.0018 0.0017 0.0018 0.0077 0.0067 0.0088 0.0013 0.0017 0.0017 0.0017 0.0018 0.0077 0.0067
58 0.0039 0.0068 0.0137 0.0138 0.021 0.022 0.0078 0.0068 0.0039 0.0067 0.0143 0.0144 0.0216 0.0226 0.0078 0.0068 0.0039 0.0067 0.0143 0.0144 0.0217 0.0227 0.0078 0.0068
178 0.0103 0.0116 0.0066 0.007 9e-04 7e-04 0.0064 0.0067 0.0103 0.0116 0.0056 0.006 6e-04 4e-04 0.0064 0.0067 0.0103 0.0116 0.0056 0.0059 6e-04 4e-04 0.0064 0.0068
328 0.0056 0.0035 0.0046 0.0049 1e-04 2e-04 0.0062 0.006 0.0056 0.0035 0.0047 0.0049 1e-04 3e-04 0.0062 0.006 0.0056 0.0035 0.0047 0.0049 1e-04 3e-04 0.0062 0.006
258 0.0127 0.0091 0.0512 0.0507 0.0032 0.0035 0.0071 0.0066 0.0128 0.0091 0.0493 0.0487 0.004 0.0044 0.0071 0.0066 0.0128 0.0091 0.0491 0.0486 0.0042 0.0046 0.0071 0.0067
428 8e-04 0.0083 0.0039 0.0041 0.0043 0.0048 0.007 0.009 7e-04 0.0083 0.0048 0.005 0.0038 0.0044 0.007 0.0091 7e-04 0.0083 0.0048 0.0051 0.0038 0.0043 0.0069 0.0091
89 0.0319 0.0442 0.0012 0.002 2e-04 3e-04 0.0075 0.0068 0.0319 0.0443 0.0018 0.0025 2e-04 3e-04 0.0074 0.0069 0.0318 0.0442 0.0019 0.0022 2e-04 3e-04 0.0071 0.0069
438 0.0218 0.009 0.0028 0.0034 0.0067 0.0076 0.0083 0.0067 0.0216 0.009 0.0022 0.0028 0.006 0.007 0.0081 0.0066 0.0216 0.009 0.0022 0.0027 0.0059 0.0069 0.0081 0.0066
478 0.0144 0.1661 0.0039 0.0042 6e-04 0.0014 0.006 0.0073 0.0144 0.1661 0.0025 0.0028 8e-04 0.0015 0.0061 0.0072 0.0144 0.1661 0.0024 0.0028 8e-04 0.0015 0.0061 0.0072
548 0.003 0.0123 0.0067 0.007 0.0017 0.002 0.0075 0.006 0.0029 0.0123 0.0051 0.0053 0.0016 0.0018 0.0075 0.006 0.003 0.0124 0.005 0.0051 0.0016 0.0017 0.0075 0.006
468 4e-04 0.0097 0.0013 0.0013 0.0043 0.0042 0.0059 0.0074 4e-04 0.0097 9e-04 8e-04 0.0047 0.0047 0.0059 0.0072 5e-04 0.0097 9e-04 8e-04 0.0048 0.0047 0.0059 0.0072
288 0.017 0.0022 0.002 0.0025 0.0018 0.0021 0.006 0.005 0.017 0.0022 0.002 0.0026 0.0016 0.0019 0.006 0.005 0.017 0.0022 0.002 0.0026 0.0016 0.0019 0.006 0.005
188 0.013 0.0205 0.0073 0.0076 0.0125 0.0128 0.0065 0.0056 0.013 0.0205 0.0066 0.007 0.0122 0.0125 0.0066 0.0056 0.013 0.0205 0.0066 0.0069 0.0122 0.0125 0.0066 0.0056
128 0.0073 0.0194 0.0042 0.0047 0.0075 0.0078 0.0062 0.0062 0.0073 0.0194 0.0052 0.0057 0.0079 0.0083 0.0062 0.0062 0.0073 0.0194 0.0052 0.0058 0.0079 0.0083 0.0063 0.0062
108 0.0235 0.0095 0.0015 0.0014 0.0177 0.0185 0.0074 0.0072 0.0235 0.0095 0.0029 0.0027 0.0202 0.021 0.0074 0.0072 0.0235 0.0095 0.0034 0.0032 0.0214 0.0223 0.0075 0.0072
68 0.0058 0.0263 0.0083 0.0088 0.0049 0.0053 0.0067 0.0059 0.0058 0.0263 0.0054 0.006 0.0045 0.005 0.0067 0.0059 0.0058 0.0263 0.0052 0.0058 0.0045 0.0049 0.0067 0.0059
269 0.0183 0.011 0.0015 0.002 0.0106 0.0119 0.0069 0.0064 0.0183 0.011 0.0014 0.002 0.0088 0.0101 0.0069 0.0063 0.0183 0.011 0.0014 0.002 0.0087 0.01 0.0069 0.0063
319 0.0019 0.0057 0.0089 0.0089 3e-04 4e-04 0.007 0.0069 0.0019 0.0057 0.0077 0.0077 3e-04 4e-04 0.007 0.0069 0.0019 0.0057 0.0076 0.0076 3e-04 4e-04 0.007 0.0069
8 0.0043 0.0039 2e-04 5e-04 3e-04 5e-04 0.0066 0.0067 0.0043 0.0039 1e-04 4e-04 4e-04 6e-04 0.0066 0.0067 0.0043 0.0039 1e-04 3e-04 4e-04 6e-04 0.0066 0.0067
18 0.0043 8e-04 0.0023 0.0023 0.0273 0.0279 0.0069 0.0071 0.0042 8e-04 0.0023 0.0023 0.0215 0.022 0.0069 0.0071 0.0042 8e-04 0.0022 0.0023 0.0213 0.0218 0.0069 0.0071
448 0.0029 0.0132 0.0126 0.0124 0.006 0.0066 0.0054 0.006 0.0029 0.0132 0.0156 0.0153 0.0061 0.0066 0.0055 0.0059 0.0029 0.0132 0.0157 0.0154 0.0061 0.0065 0.0055 0.0059
208 0.0168 0.0515 0.0018 0.0025 0.0012 9e-04 0.0088 0.0068 0.0169 0.0514 0.0018 0.0025 0.0013 0.001 0.0089 0.0068 0.0169 0.0514 0.0018 0.0026 0.0013 0.001 0.0089 0.0068
249 0.021 0.0146 0.0047 0.0046 1e-04 3e-04 0.008 0.0074 0.021 0.0145 0.0041 0.004 1e-04 4e-04 0.0081 0.0074 0.021 0.0145 0.004 0.0039 1e-04 4e-04 0.008 0.0074
518 0.0034 0.0127 0.0052 0.0057 0.001 0.0011 0.0075 0.0068 0.0034 0.0126 0.0048 0.0052 6e-04 8e-04 0.0074 0.0068 0.0034 0.0126 0.0047 0.0052 6e-04 7e-04 0.0075 0.0068
459 0.0047 0.0135 0.0171 0.0179 3e-04 5e-04 0.0052 0.0061 0.0047 0.0136 0.0148 0.0156 0.0014 0.0016 0.0053 0.0062 0.0047 0.0136 0.0148 0.0155 0.0015 0.0017 0.0053 0.0062
338 0.003 0.0484 0.0022 0.0026 0.0019 0.0022 0.0061 0.0086 0.003 0.0484 0.0026 0.0031 0.001 0.0012 0.0061 0.0086 0.003 0.0483 0.0026 0.0031 9e-04 0.0012 0.0061 0.0085
529 0.0043 0.0189 0.0191 0.0191 3e-04 4e-04 0.0061 0.0073 0.0043 0.0189 0.0194 0.0194 5e-04 5e-04 0.0061 0.0073 0.0043 0.0189 0.0194 0.0194 5e-04 5e-04 0.0061 0.0073
159 0.0011 0.0454 0.0107 0.0106 0.0034 0.0038 0.0062 0.0065 0.0011 0.0455 0.016 0.0159 0.0037 0.0041 0.0062 0.0064 0.0011 0.0455 0.0164 0.0163 0.0037 0.0042 0.0063 0.0064
499 0.0035 0.0076 0.0036 0.0045 2e-04 4e-04 0.008 0.006 0.0034 0.0076 0.0023 0.0032 4e-04 6e-04 0.0079 0.0059 0.0035 0.0076 0.0022 0.003 4e-04 6e-04 0.0079 0.0059
229 0.0057 0.0055 0.0012 0.0028 0.0046 0.0051 0.0075 0.0074 0.0057 0.0055 0.0014 0.0031 0.0048 0.0053 0.0075 0.0074 0.0057 0.0055 0.0014 0.0031 0.0048 0.0053 0.0075 0.0074
329 0.0075 0.0715 0.0194 0.0207 0.005 0.006 0.0084 0.0066 0.0075 0.0716 0.021 0.0221 0.0039 0.0047 0.0084 0.0066 0.0075 0.0716 0.021 0.0221 0.0038 0.0046 0.0084 0.0066
539 0.0027 0.0296 0.0061 0.0068 7e-04 0.0012 0.0076 0.0053 0.0027 0.0296 0.0069 0.0085 4e-04 9e-04 0.008 0.0054 0.0027 0.0296 0.0066 0.0073 3e-04 8e-04 0.0076 0.0053
119 0.0062 0.002 0.0102 0.0109 0.0032 0.0045 0.0068 0.0066 0.0063 0.002 0.0095 0.0101 0.002 0.0033 0.0068 0.0066 0.0062 0.002 0.0096 0.0104 0.0019 0.0032 0.0068 0.0066
309 0.0129 0.0098 0.0042 0.0048 7e-04 0.001 0.0082 0.0073 0.0129 0.0098 0.0052 0.0057 7e-04 0.001 0.0082 0.0074 0.0129 0.0098 0.0052 0.0057 7e-04 0.001 0.0082 0.0074
109 0.0029 0.0181 0.0023 0.0024 0.0131 0.0145 0.008 0.0077 0.0029 0.0181 0.0018 0.0019 0.016 0.0174 0.0082 0.0077 0.0029 0.0181 0.0017 0.0019 0.0161 0.0176 0.0081 0.0077
370 0.0063 0.0568 0.0026 0.0028 0.0051 0.0056 0.0069 0.0059 0.0063 0.0567 0.0026 0.0028 0.0054 0.0059 0.007 0.0058 0.0063 0.0567 0.0027 0.0029 0.0054 0.0059 0.007 0.0058
149 0.0256 0.0173 0.0012 0.0013 2e-04 7e-04 0.0067 0.0053 0.0256 0.0173 0.0013 0.0014 1e-04 6e-04 0.0068 0.0054 0.0256 0.0173 0.0012 0.0014 1e-04 6e-04 0.0068 0.0054
299 0.0016 0.0256 0.0129 0.0129 8e-04 9e-04 0.0066 0.0067 0.0015 0.0255 0.0135 0.0134 7e-04 7e-04 0.0065 0.0067 0.0015 0.0255 0.0136 0.0135 7e-04 7e-04 0.0065 0.0067
419 0.0052 0.0233 1e-04 3e-04 0.0083 0.0093 0.0083 0.0092 0.0051 0.0233 0 2e-04 0.0085 0.0094 0.0084 0.0093 0.0051 0.0233 0 2e-04 0.0085 0.0094 0.0084 0.0093
49 0.0014 0.0379 0.0155 0.0159 6e-04 0.0014 0.0086 0.0082 0.0014 0.0379 0.0179 0.0183 4e-04 0.0012 0.0087 0.0081 0.0014 0.0379 0.0181 0.0185 4e-04 0.0012 0.0087 0.0081
389 0.0012 0.0182 2e-04 4e-04 0.0025 0.003 0.0062 0.0074 0.0011 0.0182 4e-04 7e-04 0.0016 0.0021 0.0062 0.0074 0.0011 0.0182 5e-04 8e-04 0.0012 0.0017 0.0062 0.0073
359 0.0168 0.0029 2e-04 4e-04 3e-04 8e-04 0.0066 0.0075 0.0168 0.003 1e-04 3e-04 3e-04 8e-04 0.0066 0.0075 0.0168 0.0029 1e-04 3e-04 3e-04 8e-04 0.0066 0.0075
279 0.0078 0.0121 0.002 0.0026 6e-04 0.0013 0.0062 0.0075 0.0078 0.0121 0.0011 0.002 6e-04 0.0013 0.0062 0.0075 0.0078 0.0121 0.0011 0.0018 6e-04 0.0014 0.0062 0.0075
90 0.0207 0.0057 1e-04 4e-04 0.0011 0.0024 0.0064 0.0072 0.0209 0.0056 1e-04 3e-04 0.0011 0.0024 0.0064 0.0071 0.0207 0.0056 1e-04 4e-04 0.0011 0.0024 0.0064 0.0071
59 0.0219 0.0143 0.0011 0.0013 0.011 0.0114 0.0084 0.0072 0.0219 0.0144 0.0014 0.0015 0.0108 0.0112 0.0084 0.0072 0.0219 0.0144 0.0014 0.0015 0.0108 0.0112 0.0084 0.0071
99 0.0013 0.0019 0.01 0.01 0.0017 0.0019 0.0078 0.008 0.0013 0.0018 0.0104 0.0104 0.0012 0.0014 0.0077 0.008 0.0013 0.0018 0.0104 0.0104 0.0012 0.0014 0.0078 0.008
239 0.0106 0.021 1e-04 7e-04 0.0241 0.025 0.0073 0.007 0.0106 0.0209 2e-04 8e-04 0.022 0.0228 0.0073 0.007 0.0106 0.0209 2e-04 8e-04 0.0218 0.0226 0.0073 0.007
139 0.0287 0.0243 1e-04 0.0012 0.006 0.006 0.0085 0.0054 0.0287 0.0243 3e-04 0.0014 0.0073 0.0074 0.0085 0.0055 0.0287 0.0243 4e-04 0.0014 0.0074 0.0075 0.0085 0.0055
479 0.0168 0.0167 0.0042 0.0042 0.0021 0.0025 0.0075 0.006 0.0167 0.0166 0.0026 0.0027 8e-04 0.0011 0.0075 0.006 0.0167 0.0166 0.0025 0.0026 7e-04 0.001 0.0075 0.006
509 0.0129 0.0145 8e-04 9e-04 4e-04 0.001 0.007 0.0068 0.0127 0.0145 0.001 0.001 4e-04 0.001 0.0069 0.0068 0.0127 0.0145 0.001 0.001 4e-04 9e-04 0.0069 0.0068
469 0.0228 0.0012 0.0088 0.0088 0.0017 0.0016 0.0072 0.0076 0.0228 0.0013 0.0079 0.0078 7e-04 7e-04 0.0072 0.0076 0.0228 0.0013 0.0075 0.0074 7e-04 6e-04 0.0072 0.0076
39 0.0051 0.0075 0.0019 0.0024 0.0012 0.0028 0.0076 0.0073 0.0052 0.0075 0.0015 0.002 0.0015 0.0032 0.0076 0.0073 0.0052 0.0075 0.0015 0.002 0.0016 0.0033 0.0076 0.0073
489 0.0226 0.0091 0.0028 0.0032 0.0055 0.0058 0.0074 0.0064 0.0225 0.0091 0.002 0.0023 0.0065 0.0068 0.0074 0.0064 0.0225 0.0091 0.0019 0.0023 0.0064 0.0068 0.0074 0.0064
179 0.0157 0.0113 0.0012 0.0014 0.0026 0.0032 0.0066 0.0068 0.0156 0.0113 9e-04 0.0012 0.0023 0.0029 0.0066 0.0068 0.0156 0.0113 9e-04 0.0012 0.0023 0.0029 0.0066 0.0068
409 0.0057 0.0068 0.0037 0.0048 0.0015 0.0017 0.0096 0.0074 0.0057 0.0067 0.0033 0.0046 0.0017 0.002 0.0096 0.0075 0.0057 0.0067 0.0033 0.0046 0.0017 0.002 0.0096 0.0075
270 0.0195 7e-04 1e-04 0.001 4e-04 7e-04 0.006 0.0057 0.0195 7e-04 1e-04 8e-04 4e-04 7e-04 0.006 0.0056 0.0195 7e-04 1e-04 8e-04 4e-04 7e-04 0.006 0.0056
219 0.0021 0.0025 0.008 0.0081 2e-04 7e-04 0.0069 0.0069 0.0021 0.0025 0.0081 0.0082 2e-04 6e-04 0.0069 0.0068 0.0021 0.0025 0.0082 0.0082 2e-04 6e-04 0.0069 0.0068
429 0.0103 0.0083 0.0032 0.0034 2e-04 5e-04 0.0069 0.0067 0.0104 0.0084 0.0031 0.0031 2e-04 4e-04 0.007 0.0067 0.0104 0.0084 0.003 0.0031 3e-04 5e-04 0.0069 0.0068
379 0.0267 0.0074 2e-04 2e-04 0.0333 0.0352 0.0062 0.0075 0.0268 0.0074 2e-04 2e-04 0.0314 0.0332 0.0063 0.0075 0.0268 0.0074 2e-04 3e-04 0.0312 0.033 0.0064 0.0075
530 0.0211 0.0118 9e-04 0.0021 5e-04 9e-04 0.0088 0.0075 0.0211 0.0119 7e-04 0.0018 5e-04 8e-04 0.0089 0.0075 0.0211 0.0119 7e-04 0.0019 5e-04 8e-04 0.0089 0.0075
169 0.0144 0.0343 0.0077 0.0081 2e-04 3e-04 0.0081 0.0071 0.0143 0.0342 0.0075 0.0078 3e-04 4e-04 0.0081 0.0071 0.0143 0.0342 0.0075 0.0078 3e-04 4e-04 0.0081 0.0071
129 0.0092 0.0097 0.0206 0.0206 5e-04 0.0012 0.0079 0.0075 0.0091 0.0098 0.0203 0.0202 4e-04 0.001 0.0079 0.0074 0.0091 0.0099 0.0203 0.0202 4e-04 0.001 0.0079 0.0075
349 0.0085 0.0261 0.0084 0.0083 0.0139 0.0143 0.0087 0.006 0.0085 0.0262 0.0103 0.0101 0.0124 0.0127 0.0088 0.006 0.0085 0.0262 0.0104 0.0102 0.0123 0.0126 0.0088 0.006
120 0.0206 0.0327 0.0021 0.0025 0.0027 0.0035 0.0066 0.0061 0.0205 0.0326 0.0019 0.0025 0.0023 0.0031 0.0068 0.0061 0.0205 0.0326 0.0019 0.0026 0.0023 0.0031 0.0069 0.0061
289 7e-04 0.0027 0.0187 0.0185 0.0052 0.0054 0.0065 0.0062 7e-04 0.0027 0.0171 0.0172 0.0059 0.0061 0.0067 0.0063 7e-04 0.0028 0.017 0.0168 0.0059 0.0061 0.0065 0.0063
29 0.0023 0.0088 0.0033 0.0035 0.0053 0.0057 0.0075 0.0068 0.0023 0.0089 0.0034 0.0036 0.0049 0.0054 0.0075 0.0068 0.0023 0.0089 0.0035 0.0037 0.0049 0.0054 0.0075 0.0068
69 0.0162 0.0424 0.0083 0.0087 0.0015 0.0017 0.0078 0.0059 0.0162 0.0421 0.011 0.0113 9e-04 0.0011 0.0078 0.0058 0.0162 0.0421 0.0111 0.0114 9e-04 0.0011 0.0078 0.0058
460 0.0116 0.0056 0.0125 0.0124 0.0012 0.0016 0.0067 0.007 0.0116 0.0056 0.0105 0.0105 0.0013 0.0016 0.0067 0.007 0.0116 0.0056 0.0104 0.0104 0.0013 0.0016 0.0067 0.007
339 0.0025 0.0038 2e-04 6e-04 5e-04 9e-04 0.0075 0.0071 0.0025 0.0038 2e-04 6e-04 0.0012 0.0016 0.0075 0.0072 0.0025 0.0039 2e-04 6e-04 0.0014 0.0017 0.0074 0.0072
320 0.0125 0.0184 0.0401 0.0403 8e-04 0.0011 0.0064 0.0074 0.0125 0.0184 0.0407 0.0409 3e-04 5e-04 0.0064 0.0074 0.0125 0.0184 0.0407 0.0409 3e-04 5e-04 0.0063 0.0074
439 0.0051 0.0085 0.0095 0.0095 0.0073 0.0076 0.006 0.008 0.0051 0.0084 0.0099 0.0098 0.0059 0.0061 0.006 0.0079 0.005 0.0084 0.0099 0.0099 0.0059 0.006 0.006 0.0079
259 0.0066 0.0266 0.003 0.0034 2e-04 5e-04 0.0074 0.0071 0.0067 0.0267 0.0026 0.0029 4e-04 7e-04 0.0075 0.0071 0.0067 0.0267 0.0026 0.0029 4e-04 7e-04 0.0075 0.0071
449 0.0134 0.1078 9e-04 0.0012 0.0143 0.0145 0.0077 0.0059 0.0134 0.1074 0.0012 0.0016 0.0148 0.015 0.0076 0.0058 0.0135 0.1074 0.0013 0.0015 0.0148 0.015 0.0077 0.0059
110 0.0041 0.0131 5e-04 0.001 0.0061 0.0067 0.0072 0.0058 0.004 0.013 7e-04 0.0012 0.0049 0.0053 0.0072 0.0058 0.004 0.013 7e-04 0.0012 0.0048 0.0053 0.0071 0.0058
430 0.0095 0.0039 4e-04 9e-04 0.0041 0.0047 0.0072 0.006 0.0095 0.0039 3e-04 8e-04 0.0036 0.0041 0.0072 0.006 0.0096 0.0039 2e-04 7e-04 0.0034 0.0041 0.0071 0.006
399 0.0423 0.0243 0.0038 0.0047 0.0056 0.0068 0.0068 0.007 0.0421 0.0241 0.0027 0.0037 0.0064 0.0074 0.0067 0.007 0.0421 0.0241 0.0026 0.0036 0.0065 0.0075 0.0067 0.007
209 0.0031 0.0055 0.0042 0.0042 0.001 0.0011 0.0084 0.0072 0.0031 0.0054 0.0052 0.0053 8e-04 0.001 0.0084 0.0072 0.0031 0.0054 0.0053 0.0053 8e-04 0.001 0.0084 0.0072
199 0.0124 0.0604 0.0112 0.011 0.0018 0.0016 0.0072 0.0068 0.0123 0.0604 0.0102 0.01 8e-04 7e-04 0.0071 0.0067 0.0123 0.0604 0.0102 0.01 8e-04 7e-04 0.0071 0.0067
80 0.0059 0.0273 0.0032 0.004 0.002 0.0022 0.0063 0.0062 0.0059 0.0274 0.0042 0.0049 0.0016 0.0017 0.0062 0.0061 0.0059 0.0274 0.0043 0.005 0.0015 0.0016 0.0062 0.0061
250 0.016 0.0012 0.0166 0.0173 0.0012 0.0011 0.0059 0.0067 0.016 0.0012 0.0185 0.019 0.0012 0.0012 0.0058 0.0068 0.016 0.0012 0.0188 0.0194 0.0012 0.0012 0.0058 0.0068
19 5e-04 0.0052 0.0049 0.0049 5e-04 5e-04 0.0069 0.007 4e-04 0.0052 0.0045 0.0046 3e-04 3e-04 0.0069 0.007 4e-04 0.0052 0.0045 0.0046 2e-04 3e-04 0.0069 0.007
500 0.026 0.0085 0.0035 0.0038 0.0018 0.0022 0.007 0.0062 0.026 0.0084 0.0023 0.0027 0.0012 0.0016 0.0069 0.0061 0.0261 0.0085 0.0022 0.0026 0.0012 0.0016 0.0069 0.0061
390 0.0045 0.0036 0.0044 0.0054 6e-04 8e-04 0.0072 0.0067 0.0046 0.0036 0.0035 0.0044 5e-04 7e-04 0.0071 0.0067 0.0045 0.0036 0.0035 0.0044 5e-04 6e-04 0.0071 0.0067
50 8e-04 0.0105 3e-04 0.001 0.0053 0.0061 0.0064 0.0063 8e-04 0.0105 0.0012 0.0019 0.0046 0.0054 0.0066 0.0063 8e-04 0.0105 0.0013 0.002 0.0046 0.0054 0.0066 0.0063
9 0.0012 0.0518 0.0036 0.0041 0.0109 0.011 0.0077 0.0069 0.0012 0.0517 0.0019 0.0024 0.0078 0.0079 0.0077 0.0069 0.0012 0.0517 0.0018 0.0024 0.0076 0.0077 0.0077 0.0069
189 0.0093 0.0088 0.0013 0.0015 0.0063 0.0072 0.0076 0.0065 0.0093 0.0088 5e-04 7e-04 0.0049 0.0058 0.0076 0.0064 0.0093 0.0088 5e-04 7e-04 0.0048 0.0057 0.0076 0.0065
519 0.001 0.0079 0.0063 0.0064 0.0013 0.0013 0.0063 0.007 0.001 0.0079 0.0049 0.0049 0.0016 0.0017 0.0062 0.0069 0.001 0.0079 0.0048 0.0049 0.0016 0.0017 0.0062 0.0069
549 0.0421 0.0051 3e-04 8e-04 6e-04 7e-04 0.0087 0.007 0.0421 0.0051 2e-04 8e-04 6e-04 7e-04 0.0087 0.007 0.0421 0.0051 2e-04 8e-04 6e-04 7e-04 0.0087 0.0069
310 0.0249 0.0473 4e-04 0.0011 0.0013 0.002 0.0064 0.0065 0.0248 0.0474 3e-04 9e-04 0.0016 0.0024 0.0065 0.0066 0.0248 0.0474 3e-04 9e-04 0.0016 0.0024 0.0065 0.0066
160 0.0056 0.0161 0.0026 0.0026 0.0461 0.0472 0.0065 0.0074 0.0056 0.0161 0.0026 0.0028 0.0405 0.0416 0.0066 0.0074 0.0056 0.0161 0.0025 0.0027 0.0401 0.0411 0.0066 0.0074
40 0.0374 0.0297 2e-04 6e-04 0.0035 0.0039 0.0067 0.0066 0.0374 0.0298 2e-04 7e-04 0.0035 0.0039 0.0067 0.0066 0.0374 0.0298 3e-04 7e-04 0.0035 0.0039 0.0067 0.0066
330 4e-04 0.014 0.001 0.0012 0.0088 0.0092 0.0066 0.0065 4e-04 0.0139 0.001 0.0012 0.0112 0.0115 0.0066 0.0064 4e-04 0.014 0.0011 0.0013 0.0115 0.0119 0.0066 0.0064
360 0.0127 0.0307 0.0026 0.003 0.0049 0.0051 0.0072 0.0074 0.0127 0.0307 0.0036 0.0039 0.0033 0.0036 0.0071 0.0074 0.0127 0.0308 0.0037 0.004 0.0032 0.0034 0.0071 0.0074
420 0.0045 0.018 0.0051 0.0054 0.0094 0.0099 0.006 0.0072 0.0044 0.0181 0.0057 0.0061 0.009 0.0095 0.006 0.0071 0.0044 0.0181 0.0058 0.0062 0.0091 0.0095 0.006 0.0071
300 0.0036 0.0101 0.0013 0.0016 0.0024 0.0028 0.0071 0.0068 0.0037 0.0101 0.0018 0.0022 0.0018 0.0022 0.0071 0.0067 0.0037 0.0101 0.0018 0.0023 0.0017 0.0022 0.0071 0.0067
371 0.0012 0.0232 0.0054 0.0058 5e-04 7e-04 0.0067 0.0062 0.0012 0.0233 0.0051 0.0058 2e-04 4e-04 0.0067 0.0062 0.0012 0.0233 0.0051 0.0058 2e-04 4e-04 0.0067 0.0062
240 0.0118 0.027 0.0014 0.0015 0.0114 0.0118 0.0056 0.0072 0.0119 0.027 0.0015 0.0017 0.01 0.0103 0.0056 0.0072 0.0119 0.027 0.0015 0.0017 0.0098 0.0102 0.0056 0.0072
150 0.0029 0.0197 0.0019 0.0016 6e-04 0.0012 0.0099 0.007 0.0028 0.0197 0.0041 0.0038 6e-04 0.0012 0.01 0.007 0.0028 0.0197 0.0044 0.0041 6e-04 0.0013 0.01 0.007
321 0.0165 0.0071 0.0028 0.0036 0.006 0.0063 0.0065 0.0066 0.0165 0.0071 0.0034 0.0042 0.0066 0.0069 0.0064 0.0066 0.0165 0.0071 0.0034 0.0042 0.0067 0.0069 0.0064 0.0066
60 0.0021 0.0397 0.0057 0.0064 0.0016 0.002 0.0069 0.0066 0.0021 0.0396 0.0062 0.0068 0.0011 0.0014 0.0068 0.0066 0.0021 0.0396 0.0063 0.0069 0.0011 0.0014 0.0068 0.0066
140 0.024 0.0044 0.0012 0.0016 2e-04 8e-04 0.0067 0.0067 0.0241 0.0044 0.0028 0.0033 4e-04 0.001 0.0068 0.0067 0.0241 0.0044 0.003 0.0034 4e-04 0.001 0.0068 0.0067
220 0.0159 6e-04 0.0013 0.0022 0.0153 0.0169 0.0072 0.0073 0.0159 7e-04 0.0013 0.0022 0.0161 0.0176 0.0072 0.0073 0.0159 7e-04 0.0013 0.0022 0.0161 0.0176 0.0072 0.0073
230 0.0026 0.03 0.0016 0.0023 2e-04 3e-04 0.007 0.0063 0.0026 0.0299 0.0017 0.0024 2e-04 4e-04 0.007 0.0063 0.0027 0.0299 0.0017 0.0024 2e-04 4e-04 0.0071 0.0063
100 0.0029 0.0178 0.0015 0.0019 6e-04 9e-04 0.0079 0.0066 0.003 0.018 0.0019 0.0023 5e-04 8e-04 0.008 0.0066 0.003 0.018 0.0019 0.0024 5e-04 8e-04 0.008 0.0066
510 0.0228 0.0187 0.0264 0.0262 4e-04 6e-04 0.0072 0.0057 0.0227 0.0187 0.0318 0.0316 6e-04 9e-04 0.0072 0.0057 0.0227 0.0187 0.032 0.0318 6e-04 9e-04 0.0072 0.0057
540 0.0077 0.0153 0.0071 0.0073 0.0029 0.0039 0.0063 0.0072 0.0077 0.0153 0.0063 0.0065 0.0041 0.0051 0.0063 0.0071 0.0077 0.0153 0.0063 0.0066 0.0042 0.0052 0.0063 0.0072
280 0.0286 0.0107 3e-04 0.0022 0.0063 0.0067 0.0067 0.0072 0.0284 0.0107 1e-04 0.0021 0.0031 0.0035 0.0067 0.0072 0.0285 0.0107 1e-04 0.0026 0.0028 0.0032 0.0069 0.0072
121 0.0263 0.0253 5e-04 8e-04 0.0018 0.0021 0.0072 0.0068 0.0262 0.0254 4e-04 7e-04 0.0013 0.0016 0.0071 0.0067 0.0262 0.0253 4e-04 8e-04 0.0013 0.0017 0.0073 0.0068
170 0.001 0.0022 8e-04 7e-04 0.0019 0.0024 0.0064 0.0081 0.001 0.0022 5e-04 4e-04 8e-04 0.0013 0.0064 0.0081 0.001 0.0022 5e-04 4e-04 8e-04 0.0012 0.0064 0.0081
480 4e-04 0.001 0.0468 0.0472 0.0016 0.0021 0.0063 0.0055 4e-04 0.001 0.0404 0.0408 0.0028 0.0033 0.0064 0.0055 4e-04 0.001 0.0399 0.0404 0.0029 0.0033 0.0064 0.0055
30 0.0104 0.11 0.0245 0.0246 5e-04 6e-04 0.0067 0.0062 0.0104 0.1102 0.0238 0.0239 5e-04 6e-04 0.0067 0.0063 0.0104 0.1102 0.0238 0.0239 5e-04 7e-04 0.0067 0.0063
260 0.0053 7e-04 0.002 0.0026 0.0108 0.0111 0.0065 0.006 0.0053 6e-04 0.0025 0.0031 0.0102 0.0106 0.0065 0.006 0.0053 6e-04 0.0025 0.0031 0.0102 0.0106 0.0065 0.0059
450 0.0199 0.061 0.0139 0.0144 0.0011 0.0011 0.0073 0.0074 0.0199 0.0611 0.0105 0.0111 8e-04 8e-04 0.0073 0.0075 0.0199 0.0611 0.0103 0.0109 8e-04 8e-04 0.0073 0.0075
200 0.0116 0.0285 0.0042 0.0042 0.0176 0.0183 0.0074 0.0071 0.0116 0.0285 0.0029 0.003 0.0174 0.0181 0.0074 0.0071 0.0116 0.0285 0.0028 0.0029 0.0177 0.0183 0.0074 0.0071
340 0.0139 0.0111 2e-04 8e-04 0.0037 0.0043 0.0073 0.0079 0.014 0.0111 2e-04 6e-04 0.0047 0.0053 0.0072 0.0078 0.014 0.0111 3e-04 6e-04 0.0047 0.0053 0.0072 0.0078
410 0.0012 0.0116 0.0125 0.0133 4e-04 5e-04 0.0067 0.0068 0.0012 0.0117 0.0108 0.0116 3e-04 7e-04 0.0068 0.0068 0.0012 0.0117 0.0107 0.0115 3e-04 7e-04 0.0068 0.0068
271 0.0026 0.0182 0.0037 0.0043 3e-04 3e-04 0.0097 0.0069 0.0026 0.0181 0.0044 0.0051 5e-04 5e-04 0.0097 0.0069 0.0026 0.0181 0.0045 0.0051 5e-04 5e-04 0.0097 0.0069
91 0.021 0.0054 0.0057 0.0057 7e-04 0.0011 0.0071 0.0071 0.021 0.0053 0.0058 0.0058 6e-04 0.001 0.0071 0.0071 0.021 0.0053 0.0059 0.0058 6e-04 0.001 0.0071 0.0071
350 0.0092 0.0283 6e-04 8e-04 0.0028 0.0045 0.0078 0.0072 0.0092 0.0282 3e-04 5e-04 0.0023 0.0039 0.0078 0.0073 0.0092 0.0282 3e-04 5e-04 0.0023 0.0039 0.0078 0.0073
501 0.0103 0.0092 0.0033 0.0034 0.0194 0.0202 0.007 0.0072 0.0103 0.0092 0.002 0.0021 0.0167 0.0173 0.0069 0.0071 0.0103 0.0092 0.002 0.002 0.0167 0.0173 0.0069 0.0071
470 0.025 0.0542 5e-04 6e-04 2e-04 2e-04 0.0069 0.0072 0.0249 0.0542 1e-04 3e-04 2e-04 3e-04 0.0068 0.0072 0.0249 0.0542 1e-04 3e-04 2e-04 3e-04 0.0068 0.0072
180 0.0126 4e-04 0.0014 0.0025 0.0068 0.0087 0.0067 0.0065 0.0126 4e-04 0.0025 0.0037 0.0045 0.0062 0.0067 0.0066 0.0126 4e-04 0.0025 0.0037 0.0044 0.0061 0.0067 0.0065
520 0.0074 0.0163 5e-04 6e-04 0.0034 0.0037 0.0068 0.0065 0.0074 0.0163 5e-04 6e-04 0.0044 0.0046 0.0068 0.0065 0.0074 0.0163 4e-04 6e-04 0.0044 0.0047 0.0068 0.0065
490 0.0114 0.0061 0.0056 0.0059 7e-04 9e-04 0.0065 0.0069 0.0114 0.0061 0.004 0.0043 9e-04 0.0011 0.0065 0.0069 0.0114 0.0061 0.0039 0.0043 9e-04 0.0011 0.0065 0.007
400 0.007 0.0112 1e-04 2e-04 0.0085 0.0094 0.0067 0.0069 0.007 0.0112 1e-04 4e-04 0.0107 0.0116 0.0066 0.0068 0.0071 0.0112 1e-04 3e-04 0.0109 0.0118 0.0067 0.0068
10 0.0012 0.0337 0.013 0.0133 0.002 0.0027 0.0071 0.0062 0.0012 0.0337 0.0118 0.012 0.0016 0.0024 0.0071 0.0062 0.0012 0.0337 0.0117 0.0119 0.0015 0.0024 0.0071 0.0062
461 0.0152 0.0714 0.002 0.0021 0.0079 0.0082 0.0069 0.0076 0.0151 0.0713 0.0016 0.0018 0.0093 0.0096 0.0069 0.0076 0.0152 0.0713 0.0016 0.0017 0.0094 0.0098 0.0069 0.0076
130 0.0113 0.0061 0.0048 0.0053 0.0036 0.0037 0.0069 0.0073 0.0113 0.0061 0.0037 0.0042 0.0027 0.0027 0.0069 0.0073 0.0113 0.0061 0.0036 0.0041 0.0026 0.0027 0.0069 0.0074
311 0.0093 0.0011 7e-04 0.0011 4e-04 5e-04 0.0062 0.0063 0.0094 0.0011 0.0012 0.0017 6e-04 7e-04 0.0062 0.0063 0.0094 0.0011 0.0012 0.0017 7e-04 7e-04 0.0062 0.0063
440 8e-04 0.0047 0.0148 0.0149 0.0137 0.0141 0.0078 0.007 8e-04 0.0047 0.0118 0.012 0.0121 0.0124 0.0077 0.007 8e-04 0.0047 0.0116 0.0117 0.012 0.0123 0.0077 0.007
161 0.0209 0.0571 0.0023 0.0023 0.0063 0.0069 0.0072 0.0066 0.0208 0.057 0.0025 0.0025 0.0057 0.0063 0.0072 0.0066 0.0208 0.057 0.0025 0.0026 0.0057 0.0063 0.0072 0.0066
210 0.0129 8e-04 2e-04 7e-04 3e-04 8e-04 0.0064 0.007 0.0129 8e-04 2e-04 6e-04 3e-04 7e-04 0.0064 0.0069 0.0129 8e-04 2e-04 6e-04 3e-04 7e-04 0.0064 0.0069
531 0.0036 0.0115 7e-04 0.0019 8e-04 0.0019 0.0067 0.007 0.0036 0.0114 0.001 0.0023 0.0013 0.0024 0.0068 0.0069 0.0036 0.0114 0.001 0.0023 0.0014 0.0025 0.0068 0.0069
380 0.0446 0.0049 0.0037 0.0038 0.0029 0.003 0.006 0.0063 0.0444 0.0049 0.0056 0.0057 0.0033 0.0034 0.006 0.0064 0.0445 0.0049 0.0058 0.0059 0.0034 0.0034 0.006 0.0064
70 0.001 0.0151 0.0089 0.0087 0.0084 0.0085 0.0069 0.0059 0.0011 0.0151 0.0081 0.0079 0.0097 0.0098 0.0071 0.0058 0.001 0.0151 0.0081 0.0079 0.0098 0.0099 0.007 0.0059
251 0.0081 0.0196 0.001 9e-04 0.0122 0.0128 0.006 0.0073 0.0081 0.0197 0.0012 0.0012 0.0154 0.0162 0.0059 0.0073 0.0081 0.0197 0.0012 0.0012 0.0155 0.0163 0.0059 0.0073
550 0.0069 0.0162 4e-04 4e-04 0.0039 0.0045 0.0079 0.0082 0.0069 0.0163 3e-04 4e-04 0.003 0.0034 0.0078 0.0081 0.0069 0.0163 3e-04 3e-04 0.0029 0.0033 0.0078 0.0081
20 7e-04 0.0227 0.001 0.0012 0.0023 0.0023 0.0078 0.0064 7e-04 0.0225 7e-04 9e-04 0.0025 0.0025 0.0078 0.0064 7e-04 0.0226 6e-04 8e-04 0.0025 0.0025 0.0078 0.0063
290 0.0016 0.0053 2e-04 3e-04 2e-04 3e-04 0.0056 0.0064 0.0016 0.0055 3e-04 4e-04 1e-04 3e-04 0.0056 0.0064 0.0016 0.0054 3e-04 4e-04 1e-04 3e-04 0.0056 0.0064
451 3e-04 0.0119 0.0011 0.0013 0.0093 0.0099 0.0075 0.0073 3e-04 0.0119 0.0014 0.0016 0.0085 0.0091 0.0075 0.0073 3e-04 0.0118 0.0014 0.0017 0.0086 0.0092 0.0076 0.0073
361 0.0047 0.0064 0.0021 0.0021 0.0037 0.0039 0.0076 0.0075 0.0046 0.0064 0.0017 0.0017 0.0063 0.0065 0.0075 0.0074 0.0046 0.0064 0.0017 0.0016 0.0064 0.0066 0.0075 0.0074
111 0.0022 0.0373 0.0018 0.003 0.001 0.0013 0.0082 0.0066 0.0022 0.0373 7e-04 0.002 0.0013 0.0015 0.0082 0.0066 0.0021 0.0372 7e-04 0.002 0.0013 0.0015 0.0082 0.0065
281 0.0073 0.0029 0.0056 0.0056 0.02 0.0212 0.007 0.0069 0.0072 0.0029 0.0077 0.0077 0.0201 0.0211 0.0069 0.007 0.0072 0.0029 0.0079 0.0079 0.0201 0.0211 0.0069 0.007
141 0.0071 0.0127 0.0056 0.0055 0.0025 0.0027 0.0063 0.0068 0.0072 0.0127 0.0042 0.0042 0.0024 0.0026 0.0063 0.0068 0.0072 0.0127 0.0042 0.0042 0.0024 0.0026 0.0063 0.0068
81 0.0145 0.032 4e-04 7e-04 3e-04 0.0017 0.0069 0.0072 0.0146 0.032 3e-04 6e-04 3e-04 0.0017 0.007 0.0072 0.0146 0.032 3e-04 6e-04 3e-04 0.0017 0.0069 0.0072
421 0.0236 0.0055 5e-04 7e-04 0.0012 9e-04 0.0071 0.0061 0.0235 0.0055 3e-04 4e-04 0.0011 8e-04 0.0069 0.006 0.0235 0.0055 3e-04 4e-04 0.0011 8e-04 0.0069 0.006
431 9e-04 0.0156 0.0188 0.0187 0.0037 0.0045 0.0071 0.0062 9e-04 0.0156 0.0205 0.0204 0.0051 0.006 0.0071 0.0062 9e-04 0.0156 0.0205 0.0205 0.0051 0.006 0.0071 0.0062
391 0.0252 0.0599 1e-04 2e-04 0.0124 0.0128 0.0065 0.007 0.0253 0.0599 1e-04 1e-04 0.012 0.0124 0.0065 0.007 0.0253 0.0599 1e-04 2e-04 0.0119 0.0123 0.0065 0.007
511 0.0051 8e-04 0.005 0.0051 0.004 0.006 0.0075 0.0065 0.0052 8e-04 0.0045 0.0046 0.0038 0.0054 0.0075 0.0063 0.0052 8e-04 0.0045 0.0045 0.0037 0.0053 0.0075 0.0063
51 0.0254 0.0402 0.0069 0.0067 6e-04 7e-04 0.0082 0.0073 0.0253 0.0402 0.0052 0.0051 9e-04 0.001 0.0082 0.0073 0.0253 0.0402 0.0052 0.005 0.001 0.0011 0.0082 0.0073
190 0.006 0.0013 0.0042 0.0042 7e-04 0.001 0.0077 0.0064 0.006 0.0013 0.0046 0.0046 5e-04 8e-04 0.0076 0.0063 0.006 0.0013 0.0047 0.0047 5e-04 8e-04 0.0076 0.0063
341 0.0118 0.006 1e-04 2e-04 0.011 0.0115 0.0089 0.008 0.0117 0.006 1e-04 2e-04 0.0071 0.0076 0.0089 0.008 0.0117 0.006 1e-04 2e-04 0.007 0.0074 0.0089 0.0079
31 0.0071 0.0036 0.0102 0.0102 0.0021 0.0025 0.0072 0.0062 0.007 0.0035 0.0131 0.0132 0.0036 0.004 0.0072 0.0062 0.007 0.0035 0.0137 0.0138 0.0039 0.0043 0.0071 0.0062
411 0.0309 0.0239 0.0027 0.0035 0.0027 0.0031 0.0075 0.0065 0.031 0.0238 0.0039 0.0047 0.0018 0.0022 0.0075 0.0064 0.031 0.0238 0.0039 0.0047 0.0018 0.0021 0.0075 0.0064
481 0.0227 0.0175 0.0073 0.0075 2e-04 4e-04 0.0072 0.0057 0.0228 0.0177 0.0059 0.0062 2e-04 5e-04 0.0072 0.0058 0.0228 0.0177 0.0058 0.0061 2e-04 5e-04 0.0072 0.0058
241 0.0127 0.0013 3e-04 4e-04 0.0051 0.0054 0.0075 0.0065 0.0127 0.0013 2e-04 2e-04 0.005 0.0052 0.0075 0.0064 0.0127 0.0014 2e-04 2e-04 0.005 0.0052 0.0075 0.0064
401 0.0106 0.0071 0.0142 0.0154 0.001 0.0021 0.0085 0.0063 0.0106 0.0072 0.0117 0.0129 6e-04 0.0017 0.0086 0.0064 0.0106 0.0072 0.0116 0.0128 6e-04 0.0017 0.0086 0.0064
471 0.0062 0.0366 0.0031 0.003 2e-04 7e-04 0.0074 0.0047 0.0061 0.0367 0.0023 0.0022 2e-04 6e-04 0.0073 0.0047 0.0061 0.0366 0.0022 0.0021 2e-04 6e-04 0.0073 0.0047
272 0.0128 0.0069 0.0045 0.0049 0.0029 0.0032 0.0069 0.0068 0.0127 0.0069 0.0051 0.0056 0.0027 0.0029 0.0069 0.0068 0.0127 0.0069 0.0052 0.0056 0.0027 0.0029 0.0069 0.0068
201 0.0061 0.0089 0.0051 0.0062 0.0028 0.0037 0.0063 0.0066 0.0061 0.0089 0.0044 0.0055 0.0021 0.0029 0.0063 0.0065 0.0061 0.0089 0.0043 0.0056 0.002 0.0028 0.0064 0.0065
541 0.0034 0.0213 0.0037 0.0037 4e-04 5e-04 0.0061 0.0069 0.0034 0.0213 0.0024 0.0024 5e-04 6e-04 0.0061 0.0071 0.0034 0.0213 0.0023 0.0023 5e-04 6e-04 0.0061 0.0071
301 0.0025 0.0273 0.0033 0.0034 0.0048 0.0051 0.006 0.0063 0.0024 0.0273 0.003 0.0031 0.0041 0.0043 0.006 0.0064 0.0024 0.0273 0.003 0.0031 0.004 0.0043 0.006 0.0064
101 0.0357 0.0098 0.0033 0.0034 6e-04 8e-04 0.0065 0.0065 0.0358 0.0097 0.0039 0.004 5e-04 8e-04 0.0065 0.0066 0.0358 0.0097 0.004 0.004 5e-04 8e-04 0.0066 0.0066
322 0.0155 0.011 3e-04 6e-04 0.004 0.0046 0.0069 0.007 0.0156 0.011 3e-04 5e-04 0.005 0.0056 0.0069 0.0069 0.0156 0.011 3e-04 6e-04 0.005 0.0056 0.0069 0.0069
122 0.0204 0.0039 0 0.0016 2e-04 0.0013 0.0082 0.0076 0.0205 0.004 1e-04 0.0016 6e-04 0.0017 0.0082 0.0076 0.0205 0.004 1e-04 0.0016 6e-04 0.0017 0.0082 0.0076
231 0.0188 0.0201 0.0012 0.0013 3e-04 6e-04 0.0053 0.0074 0.0187 0.0202 0.0013 0.0014 2e-04 5e-04 0.0052 0.0073 0.0187 0.0202 0.0013 0.0014 2e-04 5e-04 0.0052 0.0073
372 0.0167 0.0282 0.0139 0.0138 0.0027 0.003 0.005 0.0073 0.0167 0.0285 0.0126 0.0127 0.0038 0.0042 0.005 0.0073 0.0167 0.0285 0.0125 0.0125 0.0039 0.0042 0.005 0.0073
221 0.0193 0.0174 0.0016 0.0021 0.0013 0.001 0.0059 0.0067 0.0192 0.0175 0.0015 0.002 0.0018 0.0016 0.0059 0.0067 0.0192 0.0175 0.0015 0.002 0.0018 0.0017 0.0059 0.0067
491 0.0044 0.0594 0.0108 0.0109 0.0079 0.0082 0.007 0.0065 0.0044 0.0594 0.0104 0.0104 0.0091 0.0094 0.0069 0.0065 0.0044 0.0594 0.0104 0.0104 0.0092 0.0095 0.0069 0.0065
92 0.0085 0.0327 9e-04 9e-04 0.0077 0.0092 0.0063 0.0086 0.0084 0.0327 5e-04 5e-04 0.0094 0.0109 0.0062 0.0087 0.0084 0.0327 5e-04 5e-04 0.0095 0.011 0.0062 0.0087
61 0.0135 0.0098 2e-04 5e-04 0.0011 0.0012 0.0067 0.0072 0.0135 0.0096 1e-04 4e-04 0.0021 0.0022 0.0067 0.0073 0.0134 0.0096 1e-04 4e-04 0.0022 0.0023 0.0067 0.0073
261 0.0342 4e-04 0.0051 0.0052 0.0081 0.0085 0.0057 0.0067 0.0341 4e-04 0.0015 0.0016 0.0055 0.0059 0.0057 0.0068 0.0341 4e-04 0.0013 0.0015 0.0054 0.0058 0.0057 0.0068
151 0.0061 0.0138 0.0037 0.0037 0.0065 0.0078 0.0062 0.0069 0.0061 0.0139 0.0036 0.0036 0.0066 0.0079 0.0062 0.0069 0.0061 0.0139 0.0036 0.0036 0.0066 0.0079 0.0062 0.0069
441 0.0122 0.0394 0.0043 0.0041 0.0054 0.0055 0.0064 0.0073 0.0121 0.0395 0.004 0.0039 0.0043 0.0045 0.0065 0.0073 0.0121 0.0395 0.0039 0.0038 0.0042 0.0044 0.0065 0.0073
181 0.0223 0.0417 0.0202 0.0204 7e-04 6e-04 0.008 0.0083 0.0223 0.0417 0.0221 0.0223 9e-04 7e-04 0.0079 0.0083 0.0223 0.0417 0.0225 0.0228 9e-04 8e-04 0.008 0.0083
171 2e-04 0.0227 0.0035 0.005 9e-04 6e-04 0.0066 0.0071 2e-04 0.0227 0.0034 0.0047 7e-04 5e-04 0.0065 0.0071 2e-04 0.0227 0.0034 0.0045 7e-04 5e-04 0.0064 0.0071
502 0.0094 0.0157 0.001 0.0013 0.0028 0.003 0.0092 0.0075 0.0094 0.0157 9e-04 0.0012 0.0034 0.0036 0.009 0.0074 0.0094 0.0157 9e-04 0.0011 0.0035 0.0037 0.009 0.0074
331 0.0056 0.0021 0.0016 0.0018 0.0074 0.0079 0.0066 0.0057 0.0056 0.0021 0.0015 0.0017 0.0071 0.0075 0.0066 0.0056 0.0056 0.0021 0.0014 0.0017 0.0071 0.0075 0.0066 0.0056
11 0.0109 0.014 1e-04 3e-04 2e-04 0.001 0.0067 0.0065 0.0109 0.014 1e-04 3e-04 1e-04 9e-04 0.0067 0.0065 0.0109 0.014 1e-04 3e-04 1e-04 9e-04 0.0067 0.0065
52 0.0273 0.0034 0.0014 0.0019 0.0019 0.0021 0.0084 0.0066 0.0273 0.0034 0.0014 0.002 0.0012 0.0015 0.0083 0.0066 0.0272 0.0034 0.0014 0.002 0.0012 0.0014 0.0083 0.0066
131 0.0048 6e-04 0.0031 0.0033 0.0055 0.0055 0.0072 0.0067 0.0047 6e-04 0.0043 0.0044 0.0054 0.0055 0.0071 0.0067 0.0047 6e-04 0.0043 0.0044 0.0054 0.0055 0.0071 0.0067
291 0.0055 0.0147 0.0012 0.0012 3e-04 5e-04 0.0075 0.0066 0.0055 0.0148 9e-04 9e-04 2e-04 5e-04 0.0076 0.0066 0.0055 0.0148 9e-04 9e-04 2e-04 5e-04 0.0076 0.0066
312 0.005 0.0806 1e-04 4e-04 0.0076 0.0082 0.0064 0.0078 0.0049 0.0805 5e-04 7e-04 0.0057 0.0062 0.0064 0.0077 0.0049 0.0805 5e-04 8e-04 0.0056 0.0061 0.0064 0.0077
452 0.007 0.0068 0.0114 0.012 0.0019 0.0021 0.0063 0.006 0.007 0.0068 0.0136 0.0141 0.0018 0.002 0.0063 0.006 0.007 0.0068 0.0139 0.0144 0.0018 0.002 0.0063 0.0061
532 0.077 0.0399 0.0051 0.0052 4e-04 8e-04 0.0073 0.007 0.077 0.0397 0.0045 0.0046 8e-04 0.0011 0.0074 0.0069 0.077 0.0398 0.0045 0.0045 9e-04 0.0012 0.0074 0.0068
41 0.012 0.0035 7e-04 0.0015 2e-04 3e-04 0.0066 0.0079 0.012 0.0035 2e-04 9e-04 2e-04 2e-04 0.0066 0.0079 0.0119 0.0035 2e-04 0.001 2e-04 2e-04 0.0066 0.0079
71 0.0191 0.1089 4e-04 7e-04 1e-04 3e-04 0.0059 0.0069 0.019 0.1088 4e-04 8e-04 2e-04 3e-04 0.0059 0.0069 0.019 0.1088 5e-04 8e-04 2e-04 3e-04 0.0059 0.0069
551 0.0044 0.0016 0.0185 0.0187 0.0011 0.0017 0.0066 0.0065 0.0043 0.0016 0.0188 0.0189 0.0015 0.002 0.0066 0.0065 0.0043 0.0016 0.0189 0.019 0.0015 0.002 0.0066 0.0065
282 0.0036 0.0143 0.0018 0.0021 0.0164 0.0166 0.0077 0.0086 0.0036 0.0143 0.0015 0.0017 0.0154 0.0155 0.0077 0.0086 0.0036 0.0143 0.0014 0.0015 0.0154 0.0156 0.0078 0.0086
362 0.0144 0.0084 8e-04 9e-04 0.0023 0.0024 0.0061 0.0061 0.0144 0.0083 0.0013 0.0014 0.0024 0.0026 0.0061 0.0061 0.0144 0.0083 0.0014 0.0014 0.0025 0.0026 0.0061 0.0061
462 0.0027 0.0046 0.0054 0.0057 1e-04 5e-04 0.0071 0.0064 0.0027 0.0046 0.007 0.0073 2e-04 5e-04 0.0071 0.0064 0.0027 0.0046 0.0071 0.0074 2e-04 5e-04 0.0071 0.0064
521 0.0232 0.0489 0.0191 0.019 2e-04 7e-04 0.0076 0.0067 0.023 0.0488 0.0159 0.0159 1e-04 5e-04 0.0076 0.0066 0.023 0.049 0.0155 0.0153 1e-04 6e-04 0.0075 0.0067
542 0.0119 6e-04 0.0087 0.009 2e-04 0.0014 0.0069 0.0072 0.012 5e-04 0.0089 0.0098 2e-04 0.0013 0.007 0.0072 0.0121 5e-04 0.0089 0.0099 2e-04 0.0013 0.007 0.0072
323 0.0425 0.014 0.007 0.008 0.0146 0.0147 0.0068 0.007 0.0426 0.0141 0.0077 0.0084 0.0131 0.0132 0.0067 0.007 0.0426 0.0141 0.0077 0.0084 0.013 0.0131 0.0067 0.007
252 0.0048 0.041 7e-04 0.001 6e-04 8e-04 0.0073 0.0066 0.0049 0.0411 3e-04 7e-04 4e-04 6e-04 0.0074 0.0067 0.0049 0.0411 3e-04 7e-04 4e-04 6e-04 0.0074 0.0067
402 0.0412 0.0166 0.0015 0.002 0.0049 0.0055 0.007 0.0069 0.0411 0.0166 0.0027 0.0032 0.0042 0.0047 0.007 0.0068 0.0411 0.0166 0.0028 0.0033 0.0042 0.0047 0.007 0.0068
262 0.0088 0.0129 0.0011 0.0013 0.0088 0.0092 0.0072 0.0065 0.0089 0.013 0.0011 0.0013 0.0098 0.0101 0.0072 0.0065 0.0089 0.013 0.0011 0.0013 0.0099 0.0102 0.0072 0.0065
351 0.0208 7e-04 3e-04 0.0012 0.0068 0.0074 0.0075 0.0078 0.0208 7e-04 1e-04 8e-04 0.0049 0.0054 0.0075 0.0077 0.0208 7e-04 1e-04 8e-04 0.0048 0.0053 0.0075 0.0077
242 0.0021 6e-04 0.0209 0.0211 0.0017 0.002 0.0075 0.0069 0.0021 6e-04 0.0216 0.0218 0.0027 0.0031 0.0075 0.0069 0.0021 6e-04 0.0216 0.0218 0.0028 0.0032 0.0075 0.0069
392 0.0021 0.0324 0.0132 0.0132 5e-04 7e-04 0.0079 0.0074 0.0021 0.0323 0.0101 0.0102 7e-04 0.0011 0.0078 0.0075 0.0021 0.0323 0.01 0.0101 7e-04 0.0011 0.0078 0.0075
381 0.0101 0.0056 0.0039 0.0042 0.0013 0.0018 0.0061 0.008 0.0101 0.0055 0.0032 0.0035 0.0012 0.0016 0.0062 0.008 0.0101 0.0055 0.0032 0.0034 0.0011 0.0016 0.0062 0.008
82 0.008 0.0162 5e-04 6e-04 0.0102 0.0104 0.0068 0.0081 0.008 0.0163 8e-04 9e-04 0.0089 0.0091 0.0068 0.0081 0.008 0.0163 8e-04 0.001 0.0089 0.009 0.0068 0.0081
191 0.0014 0.0102 0.0027 0.0028 4e-04 8e-04 0.0063 0.0067 0.0013 0.0101 0.0021 0.0021 6e-04 0.001 0.0062 0.0066 0.0013 0.0101 0.002 0.0021 6e-04 0.001 0.0062 0.0066
211 0.0253 0.022 0.0149 0.0151 5e-04 0.0015 0.0075 0.0079 0.0254 0.022 0.0141 0.0144 6e-04 0.0017 0.0075 0.0079 0.0254 0.022 0.0142 0.0144 6e-04 0.0017 0.0075 0.0079
112 4e-04 0.033 0.0033 0.0032 0.0014 0.002 0.0062 0.0064 3e-04 0.033 0.003 0.0029 0.0019 0.0026 0.0062 0.0065 3e-04 0.033 0.0029 0.0028 0.0019 0.0026 0.0061 0.0065
21 0.0014 0.0324 0.0032 0.0034 3e-04 7e-04 0.0063 0.0074 0.0014 0.0324 0.0028 0.003 3e-04 7e-04 0.0063 0.0073 0.0014 0.0324 0.0028 0.003 3e-04 7e-04 0.0063 0.0073
182 0.0101 0.0023 0.0027 0.0026 0.0022 0.0028 0.0082 0.0065 0.0101 0.0023 0.0026 0.0025 0.0021 0.0027 0.0082 0.0065 0.0101 0.0023 0.0025 0.0025 0.0021 0.0027 0.0082 0.0065
302 0.0024 6e-04 0.0011 0.0017 0.0163 0.0169 0.0075 0.007 0.0024 7e-04 8e-04 0.0013 0.0199 0.0207 0.0076 0.007 0.0024 7e-04 8e-04 0.0013 0.0201 0.0209 0.0076 0.007
342 5e-04 0.0152 0.0049 0.0051 0.0128 0.0134 0.0075 0.0059 5e-04 0.0152 0.0012 0.0015 0.0102 0.0108 0.0075 0.006 5e-04 0.0152 0.001 0.0012 0.0098 0.0103 0.0075 0.006
152 0.004 8e-04 0.0032 0.0034 2e-04 8e-04 0.0078 0.0074 0.0041 8e-04 0.0042 0.0045 3e-04 8e-04 0.0077 0.0074 0.0041 8e-04 0.0043 0.0045 3e-04 9e-04 0.0078 0.0074
412 0.0024 0.0042 0.0061 0.0063 0.0528 0.0544 0.0076 0.0064 0.0024 0.0041 0.0065 0.0067 0.0541 0.0557 0.0076 0.0063 0.0024 0.0041 0.0066 0.0067 0.0541 0.0556 0.0076 0.0063
472 0.0063 0.0095 0.0091 0.0092 0.0068 0.0079 0.0073 0.0081 0.0063 0.0095 0.0084 0.0087 0.0068 0.0079 0.0074 0.008 0.0063 0.0095 0.0084 0.0087 0.0067 0.0079 0.0074 0.0081
332 0.0011 0.0075 3e-04 1e-04 0.0029 0.0036 0.0076 0.0075 0.0011 0.0075 4e-04 2e-04 0.0028 0.0033 0.0075 0.0075 0.0011 0.0075 4e-04 2e-04 0.0028 0.0033 0.0075 0.0075
172 0.0025 0.0201 1e-04 9e-04 3e-04 6e-04 0.0065 0.005 0.0026 0.02 1e-04 0.001 5e-04 8e-04 0.0065 0.005 0.0026 0.02 1e-04 0.001 5e-04 8e-04 0.0065 0.005
93 0.0019 0.0032 7e-04 0.0012 0.0044 0.0045 0.0068 0.0074 0.0019 0.0032 5e-04 9e-04 0.0032 0.0032 0.0068 0.0074 0.002 0.0032 5e-04 9e-04 0.0032 0.0032 0.0069 0.0074
32 0.0138 0.0207 2e-04 7e-04 4e-04 4e-04 0.0073 0.0063 0.0137 0.0205 3e-04 7e-04 3e-04 4e-04 0.0073 0.0062 0.0137 0.0205 2e-04 8e-04 3e-04 4e-04 0.0073 0.0062
273 0.0141 0.0252 0.0103 0.0106 0.0016 0.0019 0.0069 0.0065 0.0142 0.0251 0.0091 0.0093 0.0017 0.002 0.0069 0.0065 0.0142 0.0251 0.0091 0.0093 0.0017 0.002 0.0069 0.0065
442 0.0039 0.0027 0.0018 0.0025 0.007 0.0074 0.0064 0.0078 0.004 0.0027 0.0015 0.0021 0.0088 0.0092 0.0063 0.0078 0.004 0.0027 0.0015 0.0021 0.009 0.0094 0.0063 0.0078
202 0.0271 0.0362 4e-04 0.001 7e-04 8e-04 0.0065 0.0066 0.0272 0.0361 3e-04 8e-04 0.0017 0.0019 0.0065 0.0064 0.0272 0.0361 3e-04 8e-04 0.0018 0.002 0.0065 0.0064
12 0.0056 0.0074 0.002 0.0023 7e-04 0.0013 0.0068 0.0067 0.0056 0.0074 0.0024 0.0027 6e-04 0.0011 0.0068 0.0067 0.0056 0.0074 0.0024 0.0028 6e-04 0.0011 0.0068 0.0067
102 0.0041 0.012 8e-04 9e-04 0.0038 0.0043 0.0071 0.0069 0.0041 0.012 0.001 0.0011 0.0042 0.0049 0.007 0.0069 0.0041 0.012 0.001 0.0011 0.0043 0.0049 0.007 0.0069
482 0.0024 0.0038 0.0029 0.0028 0.0044 0.0049 0.007 0.0063 0.0024 0.0038 0.003 0.0029 0.0053 0.0056 0.007 0.0063 0.0024 0.0038 0.003 0.003 0.0053 0.0056 0.007 0.0063
192 0.0151 0.0091 2e-04 0.0013 0.0038 0.0041 0.0069 0.0058 0.0152 0.009 2e-04 0.0012 0.0036 0.0039 0.0068 0.0058 0.0152 0.009 2e-04 0.0012 0.0036 0.0039 0.0068 0.0058
453 0.0025 0.0028 0.0041 0.0042 0.0189 0.0199 0.008 0.0065 0.0025 0.0028 0.006 0.0061 0.017 0.0178 0.0079 0.0064 0.0025 0.0029 0.0061 0.0062 0.0168 0.0178 0.008 0.0065
132 0.0377 0.0216 0.0014 0.0013 0.0028 0.0036 0.0077 0.0079 0.0377 0.0217 0.0015 0.0013 0.003 0.0039 0.0077 0.0079 0.0376 0.0216 0.0015 0.0014 0.0031 0.0039 0.0077 0.0078
232 0.0082 0.0055 6e-04 7e-04 9e-04 0.0014 0.0083 0.0076 0.0081 0.0056 0.001 0.0011 5e-04 0.001 0.0083 0.0075 0.0081 0.0056 0.001 0.0011 5e-04 0.001 0.0083 0.0075
422 0.0061 0.0575 5e-04 7e-04 0.0038 0.0041 0.0071 0.0066 0.0061 0.0575 2e-04 3e-04 0.003 0.0033 0.0071 0.0066 0.0061 0.0575 1e-04 3e-04 0.003 0.0033 0.0071 0.0066
503 0.0086 0.0133 0.0051 0.0059 0.0064 0.0068 0.0085 0.0074 0.0087 0.0132 0.004 0.0049 0.0049 0.0052 0.0086 0.0074 0.0086 0.0132 0.0039 0.0048 0.0048 0.0051 0.0086 0.0074
313 0.0061 0.0147 2e-04 5e-04 0.0059 0.0064 0.006 0.0061 0.0061 0.0147 6e-04 9e-04 0.0029 0.0032 0.006 0.006 0.006 0.0146 6e-04 9e-04 0.0027 0.003 0.0061 0.006
123 0.0023 0.0048 6e-04 7e-04 0.0014 0.0016 0.0065 0.0061 0.0023 0.0048 5e-04 6e-04 7e-04 9e-04 0.0065 0.0061 0.0023 0.0048 5e-04 6e-04 7e-04 8e-04 0.0065 0.0061
512 0.0139 0.011 0.0071 0.0074 0.0098 0.0105 0.0065 0.0076 0.0138 0.011 0.0068 0.007 0.0098 0.0104 0.0065 0.0075 0.0139 0.0111 0.0075 0.0078 0.0103 0.011 0.0065 0.0075
352 4e-04 0.0061 0.0028 0.0036 0.0025 0.0031 0.0068 0.006 4e-04 0.006 0.0022 0.0031 0.0019 0.0025 0.0069 0.0059 4e-04 0.006 0.0021 0.0031 0.0019 0.0025 0.0069 0.0059
463 0.0131 0.0138 0.0038 0.0042 0.0031 0.0032 0.0075 0.0072 0.0131 0.0137 0.0018 0.0021 0.0032 0.0033 0.0075 0.0072 0.0131 0.0137 0.0017 0.002 0.0032 0.0033 0.0075 0.0072
62 0.0274 0.0019 0.0033 0.0033 0.0023 0.003 0.0068 0.0077 0.0273 0.0019 0.004 0.004 0.0014 0.002 0.0068 0.0077 0.0273 0.0019 0.0041 0.0041 0.0014 0.002 0.0067 0.0077
222 0.0241 1e-04 0.0141 0.0145 0.0061 0.0062 0.0059 0.0064 0.0241 1e-04 0.0112 0.0116 0.0046 0.0047 0.006 0.0063 0.0241 1e-04 0.0109 0.0114 0.0045 0.0046 0.006 0.0063
283 0.0251 0.0031 0.0048 0.0051 0.0011 0.0015 0.0078 0.0067 0.025 0.003 0.0062 0.0066 0.0012 0.0015 0.0077 0.0066 0.025 0.003 0.0063 0.0067 0.0012 0.0015 0.0077 0.0066
72 0.0185 0.01 0.0038 0.0041 0.0152 0.0154 0.0077 0.0072 0.0186 0.01 0.0035 0.0039 0.0216 0.0219 0.0077 0.0071 0.0187 0.01 0.0036 0.004 0.0218 0.0222 0.0077 0.0071
142 0.0132 0.0263 0.0015 0.0018 0.0022 0.003 0.0071 0.0073 0.0132 0.0264 0.0021 0.0024 0.0025 0.0034 0.0071 0.0072 0.0132 0.0264 0.0022 0.0025 0.0026 0.0034 0.0071 0.0072
432 6e-04 0.0408 0.0016 0.0037 0.0034 0.0036 0.0085 0.0063 6e-04 0.0408 9e-04 0.0028 0.0036 0.0037 0.0083 0.0062 6e-04 0.0408 9e-04 0.0028 0.0036 0.0038 0.0083 0.0062
292 0.0089 0.035 6e-04 3e-04 0.0039 0.0041 0.0073 0.0072 0.0089 0.0351 8e-04 6e-04 0.0024 0.0026 0.0073 0.0072 0.0089 0.0351 9e-04 6e-04 0.0023 0.0025 0.0073 0.0073
162 0.0144 0.0272 0.0031 0.0041 0.0136 0.0142 0.0083 0.007 0.0145 0.0271 0.0033 0.0042 0.0125 0.0131 0.0083 0.0069 0.0145 0.0272 0.0033 0.0042 0.0125 0.0131 0.0083 0.0069
492 0.0218 0.0164 0.0086 0.0086 2e-04 0.0011 0.0068 0.0076 0.0218 0.0165 0.0095 0.0095 2e-04 0.001 0.0068 0.0075 0.0218 0.0165 0.0095 0.0095 3e-04 0.001 0.0068 0.0075
274 0.0209 0.0459 0.0186 0.0193 0.0039 0.0046 0.0074 0.0079 0.021 0.0458 0.0176 0.0184 0.0034 0.0042 0.0074 0.0079 0.021 0.0458 0.0176 0.0184 0.0034 0.0041 0.0074 0.0079
522 0.015 0.001 0.0062 0.0061 3e-04 6e-04 0.0069 0.0073 0.015 0.001 0.0045 0.0045 5e-04 8e-04 0.007 0.0073 0.015 0.001 0.0043 0.0043 5e-04 8e-04 0.0069 0.0073
53 0.0119 0.0189 1e-04 4e-04 0.0037 0.0043 0.0064 0.0068 0.0119 0.0189 2e-04 4e-04 0.0033 0.0039 0.0064 0.0068 0.0119 0.019 2e-04 4e-04 0.0033 0.0038 0.0064 0.0068
363 0.0022 4e-04 0.0049 0.0047 0.002 0.0024 0.0061 0.0057 0.0022 3e-04 0.0064 0.0062 0.0019 0.0024 0.0062 0.0057 0.0022 3e-04 0.0065 0.0063 0.0019 0.0024 0.0062 0.0057
403 0.0207 0.0014 0.0065 0.007 0.0096 0.01 0.0085 0.0066 0.0206 0.0014 0.0074 0.0077 0.0093 0.0098 0.0084 0.0067 0.0206 0.0014 0.0075 0.0078 0.0094 0.0099 0.0084 0.0067
552 0.0144 0.0028 0.0059 0.0062 0.0012 0.0023 0.0056 0.0067 0.0144 0.0027 0.0096 0.0097 0.0015 0.0024 0.0056 0.0066 0.0144 0.0027 0.0099 0.01 0.0015 0.0024 0.0056 0.0066
42 0.0283 0.0326 0.0113 0.0119 0.0014 0.0022 0.0072 0.0067 0.0284 0.0325 0.0107 0.0112 0.0014 0.0023 0.0072 0.0068 0.0284 0.0325 0.0106 0.0111 0.0014 0.0024 0.0073 0.0068
373 0.0227 0.0098 0.0108 0.0109 0.0045 0.0045 0.0064 0.0064 0.0228 0.0098 0.0088 0.009 0.0027 0.0026 0.0064 0.0064 0.0228 0.0098 0.0088 0.0089 0.0026 0.0026 0.0064 0.0064
243 0.0105 0.0085 0.0105 0.0109 0.0023 0.0032 0.0066 0.0073 0.0105 0.0086 0.01 0.0104 0.0033 0.0043 0.0066 0.0074 0.0105 0.0086 0.01 0.0103 0.0035 0.0045 0.0066 0.0074
83 0.0135 7e-04 0.0024 0.0026 0.0048 0.0053 0.0058 0.0064 0.0134 7e-04 0.0019 0.002 0.0052 0.0056 0.0058 0.0065 0.0135 7e-04 0.002 0.0024 0.0052 0.0056 0.0061 0.0065
454 0.0028 0.0127 0.005 0.0058 0.0024 0.0025 0.0075 0.0064 0.0028 0.0127 0.004 0.0048 0.0023 0.0024 0.0076 0.0063 0.0028 0.0127 0.004 0.0048 0.0023 0.0024 0.0076 0.0063
543 0.0087 0.0366 0.0022 0.0025 0.0042 0.0052 0.0069 0.0068 0.0088 0.0366 0.0018 0.0021 0.0042 0.0052 0.0069 0.0067 0.0087 0.0366 0.0018 0.0021 0.0043 0.0053 0.0069 0.0067
324 0.0085 0.0983 1e-04 0.0027 4e-04 8e-04 0.0087 0.0081 0.0085 0.0984 2e-04 0.0026 2e-04 5e-04 0.0087 0.0079 0.0085 0.0984 2e-04 0.0026 2e-04 5e-04 0.0087 0.0079
382 0.0028 0.0021 7e-04 6e-04 0.0057 0.0062 0.0083 0.0062 0.0027 0.0021 4e-04 3e-04 0.0063 0.007 0.0083 0.0063 0.0027 0.0021 4e-04 3e-04 0.0063 0.007 0.0083 0.0063
343 0.0032 0.057 0.0044 0.0048 8e-04 0.0016 0.0077 0.0071 0.0032 0.057 0.0034 0.0037 2e-04 0.001 0.0077 0.0071 0.0032 0.057 0.0033 0.0036 3e-04 0.001 0.0077 0.0071
533 0.0058 0.0051 1e-04 2e-04 5e-04 7e-04 0.0061 0.0071 0.0058 0.0051 1e-04 2e-04 2e-04 3e-04 0.0061 0.0071 0.0058 0.0051 1e-04 2e-04 2e-04 3e-04 0.0061 0.0071
22 0.0059 0.0404 0.0034 0.0037 2e-04 3e-04 0.0078 0.0064 0.0059 0.0404 0.0031 0.0034 2e-04 3e-04 0.0078 0.0064 0.0059 0.0404 0.003 0.0033 2e-04 3e-04 0.0078 0.0064
413 0.017 0.0096 0.0023 0.0026 0.0019 0.0023 0.0065 0.0062 0.0171 0.0096 0.0049 0.0052 0.0018 0.0022 0.0065 0.0061 0.0171 0.0096 0.005 0.0053 0.0018 0.0022 0.0065 0.0061
113 0.003 0.0036 7e-04 9e-04 0.0015 0.002 0.0076 0.0065 0.003 0.0036 7e-04 9e-04 0.001 0.0015 0.0076 0.0066 0.003 0.0036 7e-04 9e-04 0.001 0.0015 0.0076 0.0066
212 0.0022 0.0082 0.0025 0.0031 0.0019 0.0021 0.0071 0.0073 0.0023 0.0082 0.0021 0.0027 0.0031 0.0033 0.0071 0.0073 0.0023 0.0082 0.0021 0.0027 0.0032 0.0033 0.0071 0.0073
333 0.0073 0.0459 0.0042 0.0043 0.0011 0.0016 0.0071 0.0071 0.0073 0.046 0.004 0.0043 0.0011 0.0016 0.007 0.0071 0.0073 0.046 0.004 0.0042 0.0011 0.0016 0.0071 0.0071
393 0.0031 0.0074 0.0029 0.0036 4e-04 7e-04 0.0078 0.0063 0.003 0.0073 0.0033 0.0039 5e-04 9e-04 0.0078 0.0062 0.003 0.0073 0.0033 0.004 5e-04 9e-04 0.0078 0.0062
473 0.0065 0.0175 6e-04 9e-04 3e-04 0.0017 0.0066 0.0074 0.0064 0.0175 4e-04 8e-04 2e-04 0.0016 0.0065 0.0075 0.0065 0.0175 4e-04 8e-04 2e-04 0.0016 0.0066 0.0074
153 0.0177 0.0059 0.0162 0.0167 5e-04 8e-04 0.0078 0.0081 0.0176 0.0059 0.0144 0.0148 5e-04 9e-04 0.0078 0.0081 0.0176 0.0059 0.0143 0.0147 5e-04 9e-04 0.0078 0.0081
33 0.0765 0.01 0.0044 0.0044 0.0417 0.0438 0.007 0.007 0.0767 0.01 0.0046 0.0046 0.0346 0.0364 0.007 0.007 0.0767 0.01 0.0047 0.0047 0.0342 0.0361 0.007 0.007
263 0.0047 0.0419 0.0059 0.0066 0.0016 0.0019 0.0079 0.0059 0.0046 0.0418 0.0059 0.0067 0.0018 0.0021 0.0079 0.0059 0.0046 0.0418 0.006 0.0067 0.0018 0.0021 0.0079 0.0059
133 0.0321 0.0107 0.0077 0.0081 3e-04 6e-04 0.0072 0.0061 0.032 0.0106 0.0053 0.0058 5e-04 8e-04 0.0072 0.0061 0.032 0.0107 0.0052 0.0054 5e-04 8e-04 0.0072 0.0061
103 0.0046 0.0063 0.0012 0.0012 0.0039 0.004 0.0063 0.0074 0.0046 0.0063 0.001 0.001 0.0044 0.0045 0.0063 0.0074 0.0046 0.0063 0.001 0.001 0.0044 0.0046 0.0063 0.0074
173 0.0096 0.0201 0.0014 0.0018 7e-04 0.0012 0.0066 0.0085 0.0096 0.02 5e-04 9e-04 0.0013 0.0018 0.0066 0.0085 0.0096 0.02 4e-04 9e-04 0.0013 0.0018 0.0066 0.0085
193 0.0018 0.0066 9e-04 0.001 1e-04 7e-04 0.0067 0.007 0.0017 0.0066 8e-04 0.001 1e-04 8e-04 0.0066 0.0069 0.0017 0.0065 8e-04 0.001 1e-04 8e-04 0.0067 0.0068
253 0.0026 0.0046 0.0048 0.0051 0.0173 0.0185 0.0104 0.0085 0.0026 0.0047 0.0041 0.0043 0.0179 0.019 0.0103 0.0084 0.0026 0.0047 0.004 0.0042 0.0179 0.0191 0.0103 0.0084
203 0.0016 0.0071 5e-04 9e-04 4e-04 8e-04 0.0062 0.0061 0.0017 0.007 3e-04 7e-04 6e-04 0.001 0.0062 0.0061 0.0017 0.007 3e-04 7e-04 6e-04 0.001 0.0062 0.0061
443 0.0035 0.0045 0.0029 0.0032 0.0044 0.0049 0.0062 0.0074 0.0035 0.0045 0.0015 0.0018 0.0034 0.0038 0.0062 0.0074 0.0035 0.0045 0.0014 0.0017 0.0033 0.0038 0.0062 0.0074
43 0.0147 0.0497 0.0013 0.0019 0.0232 0.024 0.0075 0.0051 0.0148 0.0493 0.0017 0.0025 0.0265 0.0273 0.0075 0.005 0.0148 0.0493 0.0018 0.0025 0.0267 0.0275 0.0075 0.005
233 0.0072 0.0053 0.0016 0.0021 7e-04 0.001 0.008 0.0074 0.0072 0.0054 0.0015 0.0019 0.001 0.0014 0.008 0.0074 0.0072 0.0054 0.0015 0.0019 0.001 0.0014 0.008 0.0074
483 0.0158 0.0015 2e-04 3e-04 0.0017 0.002 0.0081 0.0066 0.0158 0.0015 2e-04 3e-04 0.0012 0.0015 0.0081 0.0066 0.0158 0.0016 2e-04 3e-04 0.0011 0.0014 0.0082 0.0066
303 0.0111 0.0032 2e-04 5e-04 0.0016 0.002 0.0062 0.0065 0.0111 0.0033 2e-04 4e-04 0.0015 0.0018 0.0062 0.0066 0.0111 0.0033 2e-04 4e-04 0.0015 0.0018 0.0062 0.0066
513 0.0221 0.0439 0.001 0.001 0.0058 0.0066 0.0061 0.0071 0.0221 0.0439 2e-04 2e-04 0.0045 0.0052 0.0061 0.0071 0.0221 0.044 2e-04 2e-04 0.0044 0.0051 0.0061 0.0071
314 0.0579 0.0238 5e-04 0.001 0.0073 0.0079 0.0072 0.0071 0.0579 0.0236 3e-04 9e-04 0.0067 0.0072 0.0072 0.0071 0.0579 0.0237 3e-04 9e-04 0.0067 0.0072 0.0073 0.0071
124 0.1111 0.0265 0.001 0.0011 0.001 0.0014 0.0065 0.0054 0.1113 0.0266 0.0012 0.0014 0.0012 0.0016 0.0065 0.0053 0.111 0.0266 0.0013 0.0014 0.0012 0.0016 0.0065 0.0054
183 6e-04 0.0135 0.0012 0.0013 1e-04 4e-04 0.0085 0.0065 5e-04 0.0134 5e-04 6e-04 2e-04 4e-04 0.0084 0.0064 5e-04 0.0134 4e-04 5e-04 2e-04 4e-04 0.0084 0.0064
504 0.0015 0.0167 0 6e-04 0.0029 0.0033 0.008 0.0073 0.0015 0.0167 1e-04 6e-04 0.0028 0.0032 0.0081 0.0072 0.0015 0.0167 1e-04 6e-04 0.0028 0.0031 0.008 0.0072
163 0.0031 0.0026 0.0443 0.044 0.0021 0.0024 0.0083 0.0078 0.0031 0.0026 0.0473 0.0472 0.0028 0.003 0.0083 0.0078 0.0031 0.0026 0.0475 0.0474 0.0028 0.0031 0.0083 0.0078
544 0.0448 0.1004 0.012 0.0123 7e-04 7e-04 0.0072 0.0067 0.0448 0.1003 0.0105 0.0108 9e-04 0.001 0.0072 0.0067 0.0448 0.1003 0.0104 0.0107 0.001 0.0011 0.0072 0.0067
423 0.0059 0.0019 0.0103 0.0104 2e-04 6e-04 0.0069 0.0068 0.0059 0.002 0.0095 0.0097 3e-04 8e-04 0.0069 0.0069 0.0059 0.002 0.0094 0.0096 3e-04 8e-04 0.0069 0.0069
284 0.0392 0.0187 0.0032 0.0041 0.031 0.0314 0.0073 0.0058 0.0391 0.0186 0.0032 0.0037 0.0335 0.0341 0.0071 0.0057 0.0391 0.0186 0.0032 0.0039 0.0339 0.0345 0.0071 0.0057
63 0.0037 0.0034 0.0023 0.0028 4e-04 6e-04 0.008 0.0053 0.0037 0.0034 0.0041 0.0045 3e-04 6e-04 0.008 0.0053 0.0037 0.0034 0.0041 0.0046 3e-04 6e-04 0.008 0.0053
114 0.0056 0.0014 0.0231 0.0237 2e-04 4e-04 0.0065 0.0073 0.0056 0.0014 0.0245 0.025 2e-04 3e-04 0.0064 0.0073 0.0056 0.0014 0.025 0.0254 2e-04 3e-04 0.0064 0.0073
94 0.0028 0.0011 6e-04 7e-04 0.0013 8e-04 0.0072 0.0071 0.0028 0.0011 5e-04 7e-04 0.0013 8e-04 0.0073 0.0071 0.0028 0.0011 5e-04 6e-04 0.0013 8e-04 0.0072 0.0071
464 0.0018 0.1147 5e-04 4e-04 8e-04 0.0012 0.0072 0.0071 0.0019 0.1147 7e-04 6e-04 7e-04 0.0011 0.0072 0.007 0.0019 0.1147 7e-04 6e-04 7e-04 0.0011 0.0072 0.007
523 0.0063 0.0177 0.0138 0.0141 0.0127 0.0132 0.0064 0.0085 0.0063 0.0177 0.0155 0.0157 0.0128 0.0132 0.0064 0.0084 0.0063 0.0177 0.0156 0.0159 0.0128 0.0133 0.0064 0.0084
275 0.0193 0.0079 0.004 0.0045 0.0014 0.0014 0.0066 0.0062 0.0194 0.0079 0.0044 0.0048 0.0038 0.0039 0.0066 0.0062 0.0194 0.0079 0.0044 0.0048 0.0041 0.0041 0.0066 0.0062
493 0.0196 0.0332 0.0052 0.0063 0.001 0.0012 0.0075 0.0063 0.0196 0.0333 0.0047 0.0058 9e-04 0.0012 0.0075 0.0062 0.0196 0.0333 0.0047 0.0058 9e-04 0.0012 0.0075 0.0062
374 8e-04 0.0213 0.0014 0.0019 0.0015 0.0022 0.0076 0.008 8e-04 0.0213 0.0033 0.0037 0.0014 0.002 0.0075 0.008 8e-04 0.0213 0.0034 0.0039 0.0014 0.002 0.0075 0.0081
13 0.0048 0.0266 0.0013 0.0016 0.0028 0.0028 0.0065 0.0073 0.0048 0.0266 6e-04 9e-04 0.002 0.0021 0.0065 0.0072 0.0048 0.0266 6e-04 8e-04 0.002 0.002 0.0065 0.0072
84 0.0146 0.0107 0.0022 0.0023 0.007 0.0077 0.0076 0.0072 0.0147 0.0107 0.0021 0.0022 0.007 0.0078 0.0074 0.0072 0.0147 0.0107 0.0021 0.0022 0.007 0.0078 0.0074 0.0072
293 0.004 0.0238 0.0058 0.0062 0.0026 0.0027 0.0075 0.008 0.004 0.0237 0.0062 0.0064 0.0028 0.0029 0.0075 0.0079 0.004 0.0237 0.0062 0.0065 0.0028 0.0029 0.0075 0.0079
244 0.0044 0.0146 3e-04 4e-04 5e-04 9e-04 0.0066 0.0065 0.0043 0.0146 2e-04 3e-04 6e-04 0.001 0.0066 0.0065 0.0043 0.0146 2e-04 3e-04 6e-04 0.001 0.0066 0.0065
143 0.0192 0.028 0.0103 0.0102 9e-04 0.001 0.0068 0.0072 0.0192 0.028 0.0082 0.0081 9e-04 0.001 0.0067 0.0072 0.0192 0.028 0.0081 0.008 9e-04 0.001 0.0067 0.0072
134 0.012 0.0586 3e-04 7e-04 4e-04 6e-04 0.007 0.0071 0.012 0.0587 2e-04 5e-04 3e-04 5e-04 0.0071 0.0072 0.012 0.0587 2e-04 5e-04 3e-04 5e-04 0.0071 0.0072
553 0.0193 0.0118 2e-04 5e-04 3e-04 0.0016 0.0072 0.0077 0.0192 0.0119 2e-04 6e-04 2e-04 0.0014 0.0071 0.0077 0.0192 0.0119 2e-04 6e-04 2e-04 0.0014 0.0071 0.0078
433 0.0034 0.007 0.0025 0.0031 4e-04 4e-04 0.0078 0.0057 0.0034 0.007 0.0016 0.0023 6e-04 7e-04 0.0078 0.0057 0.0034 0.007 0.0015 0.0022 6e-04 7e-04 0.0078 0.0057
213 0.013 0.0274 0.0084 0.0088 0.0013 0.0017 0.0078 0.0061 0.013 0.0272 0.0077 0.0081 0.0015 0.0019 0.0078 0.006 0.013 0.0272 0.0077 0.0081 0.0015 0.0019 0.0078 0.006
44 0.0553 0.0297 0.0084 0.0089 4e-04 0.0012 0.0072 0.0065 0.0553 0.0296 0.008 0.0085 0.001 0.0018 0.0072 0.0065 0.0553 0.0295 0.008 0.0084 0.001 0.0018 0.0071 0.0065
54 0.0234 0.011 0.0016 0.0023 0.0026 0.0029 0.0063 0.0064 0.0233 0.011 7e-04 0.0015 0.0042 0.0045 0.0062 0.0065 0.0233 0.0109 7e-04 0.0015 0.0043 0.0046 0.0063 0.0064
353 0.0106 0.0032 0.0047 0.0056 0.0047 0.0052 0.0062 0.0072 0.0107 0.0031 0.0034 0.0043 0.0044 0.0049 0.0063 0.0073 0.0107 0.0031 0.0033 0.0042 0.0044 0.0049 0.0063 0.0073
383 0.0094 0.019 0.0056 0.0056 0.0158 0.0166 0.0062 0.0068 0.0094 0.0191 0.0059 0.0058 0.0134 0.0143 0.0063 0.0068 0.0094 0.0192 0.0058 0.0058 0.0134 0.0142 0.0063 0.0068
174 0.0101 0.0196 0.0036 0.0034 0.0021 0.0023 0.008 0.0059 0.0101 0.0197 0.0023 0.0022 0.0025 0.0027 0.008 0.0059 0.0101 0.0197 0.0023 0.0021 0.0025 0.0028 0.008 0.0059
104 9e-04 0.0107 0.0021 0.0034 5e-04 6e-04 0.0076 0.006 8e-04 0.0108 0.0028 0.0045 8e-04 9e-04 0.0077 0.0061 8e-04 0.0108 0.0028 0.0042 9e-04 0.001 0.0076 0.0061
534 0.0125 0.0078 0.008 0.0082 4e-04 9e-04 0.008 0.0073 0.0125 0.0079 0.0077 0.0078 0.001 0.0016 0.0079 0.0074 0.0125 0.0079 0.0077 0.0077 0.0011 0.0016 0.0079 0.0074
73 0.0101 0.0137 0.0026 0.0029 0.0022 0.003 0.0081 0.0084 0.01 0.0137 0.0037 0.0039 0.003 0.0038 0.0081 0.0085 0.01 0.0137 0.0037 0.004 0.003 0.0039 0.0081 0.0084
223 0.0168 0.0075 0.0034 0.0036 6e-04 9e-04 0.007 0.0064 0.0168 0.0075 0.0038 0.0039 5e-04 8e-04 0.007 0.0064 0.0168 0.0075 0.0038 0.004 5e-04 8e-04 0.007 0.0064
23 0.0107 0.034 0.0027 0.0028 3e-04 3e-04 0.0068 0.0072 0.0108 0.034 0.0022 0.0023 4e-04 5e-04 0.0068 0.0073 0.0107 0.034 0.0022 0.0023 4e-04 5e-04 0.0068 0.0073
154 0.003 0.0114 0.0036 0.0036 0.0028 0.0031 0.0077 0.0067 0.003 0.0115 0.002 0.002 0.0029 0.0033 0.0077 0.0067 0.003 0.0115 0.0019 0.0019 0.0029 0.0033 0.0077 0.0067
344 0.0081 4e-04 0.0057 0.0062 6e-04 7e-04 0.0083 0.0069 0.0081 4e-04 0.0054 0.0058 9e-04 0.0011 0.0082 0.0069 0.0081 4e-04 0.0053 0.0058 0.001 0.0011 0.0082 0.0069
394 0.0033 0.0045 0.0075 0.0077 0.0159 0.0165 0.0077 0.0072 0.0032 0.0045 0.0073 0.0076 0.0156 0.0162 0.0076 0.0072 0.0032 0.0045 0.0073 0.0076 0.0156 0.0162 0.0076 0.0072
455 0.0539 0.0191 0.001 0.0012 0.0017 0.002 0.0067 0.0079 0.0539 0.0192 6e-04 9e-04 0.0022 0.0025 0.0067 0.0078 0.0539 0.0192 6e-04 8e-04 0.0022 0.0026 0.0067 0.0078
404 0.0029 0.0046 4e-04 8e-04 0.023 0.0237 0.0062 0.0081 0.0029 0.0046 6e-04 0.001 0.0226 0.0234 0.0061 0.0081 0.0029 0.0046 6e-04 9e-04 0.0227 0.0234 0.0061 0.0081
334 0.0083 0.0299 2e-04 0.0011 0.005 0.005 0.0081 0.0068 0.0083 0.0298 2e-04 9e-04 0.0043 0.0044 0.0081 0.0068 0.0083 0.0298 2e-04 9e-04 0.0043 0.0044 0.0081 0.0068
184 0.0111 0.0129 0.0109 0.0114 0.0285 0.0292 0.0079 0.0063 0.0111 0.0129 0.0115 0.0119 0.0292 0.0301 0.0079 0.0063 0.0111 0.0129 0.0114 0.0119 0.0294 0.0302 0.0079 0.0063
434 0.0098 0.0027 0.0019 0.0026 3e-04 9e-04 0.0062 0.0073 0.0099 0.0028 0.0029 0.0038 7e-04 0.0012 0.0064 0.0073 0.0099 0.0028 0.003 0.0038 7e-04 0.0012 0.0064 0.0073
276 0.0668 0.0395 5e-04 7e-04 0.0052 0.006 0.0063 0.0062 0.0668 0.0395 5e-04 6e-04 0.0063 0.0071 0.0064 0.0063 0.0668 0.0395 5e-04 6e-04 0.0064 0.0072 0.0064 0.0063
264 0.0118 0.0046 0.0064 0.0068 4e-04 0.001 0.0084 0.0066 0.0118 0.0046 0.0062 0.0067 4e-04 9e-04 0.0084 0.0066 0.0118 0.0045 0.0062 0.0067 4e-04 9e-04 0.0084 0.0066
204 0.0578 0.001 0.0193 0.0194 0.0017 0.0023 0.0072 0.0073 0.0579 9e-04 0.0174 0.0174 0.0023 0.0027 0.0072 0.0073 0.0578 9e-04 0.0171 0.0171 0.0023 0.0027 0.0072 0.0073
325 0.0027 0.0065 3e-04 8e-04 0.0028 0.0037 0.0071 0.0063 0.0028 0.0065 2e-04 7e-04 0.0026 0.0035 0.0071 0.0062 0.0028 0.0065 2e-04 7e-04 0.0026 0.0035 0.0071 0.0062
414 0.0023 0.0307 0.0024 0.0025 0.0011 0.0014 0.0072 0.0063 0.0023 0.0309 0.0031 0.0031 0.001 0.0014 0.0071 0.0063 0.0023 0.0309 0.0031 0.0031 0.001 0.0014 0.0071 0.0064
125 0.0064 0.0102 0.0076 0.0077 0.0013 0.002 0.0082 0.0052 0.0063 0.0103 0.0081 0.0083 0.0019 0.0027 0.0082 0.0052 0.0063 0.0102 0.008 0.0081 0.002 0.0027 0.0081 0.0052
115 0.004 0.0306 6e-04 4e-04 8e-04 0.0015 0.0062 0.0066 0.004 0.0305 5e-04 4e-04 0.0016 0.0022 0.0062 0.0066 0.004 0.0305 4e-04 3e-04 0.0017 0.0023 0.0062 0.0065
364 0.0059 0.0093 0.0055 0.0055 2e-04 0.001 0.0066 0.0073 0.0059 0.0093 0.005 0.005 2e-04 9e-04 0.0066 0.0072 0.0059 0.0093 0.005 0.0049 2e-04 9e-04 0.0066 0.0072
315 0.007 0.0193 0.013 0.013 0.016 0.0167 0.0073 0.0063 0.007 0.0193 0.0155 0.0156 0.0137 0.0143 0.0073 0.0063 0.007 0.0193 0.0156 0.0157 0.0135 0.0141 0.0073 0.0063
74 0.0078 0.0036 0.0012 0.0016 0.0038 0.0043 0.0066 0.0072 0.0078 0.0036 8e-04 0.0013 0.0047 0.0051 0.0067 0.0071 0.0078 0.0036 8e-04 0.0013 0.0047 0.0052 0.0067 0.0071
265 0.0133 0.0295 0.0017 0.0025 2e-04 9e-04 0.0065 0.0064 0.0133 0.0297 0.0024 0.0033 2e-04 0.001 0.0066 0.0064 0.0133 0.0297 0.0025 0.0034 2e-04 0.0011 0.0066 0.0064
304 0.0021 0.0129 9e-04 0.001 0.0064 0.0071 0.007 0.0072 0.0021 0.0129 7e-04 7e-04 0.0064 0.0071 0.007 0.0072 0.0021 0.0129 6e-04 7e-04 0.0064 0.0071 0.007 0.0072
34 0.005 0.0449 0.0071 0.0076 0.0011 0.0014 0.0067 0.0077 0.005 0.0449 0.0065 0.0069 0.0013 0.0016 0.0066 0.0077 0.005 0.0449 0.0064 0.0069 0.0013 0.0016 0.0066 0.0077
465 0.0059 0.0167 0.0011 9e-04 4e-04 5e-04 0.0074 0.0064 0.006 0.0167 0.0014 0.0011 2e-04 3e-04 0.0075 0.0064 0.006 0.0167 0.0014 0.0011 2e-04 3e-04 0.0075 0.0064
474 0.0062 0.002 7e-04 9e-04 0.0169 0.0174 0.0068 0.0059 0.0062 0.0021 8e-04 0.001 0.017 0.0176 0.0069 0.0059 0.0062 0.0021 8e-04 0.001 0.017 0.0176 0.0069 0.0059
64 0.0065 0.0076 0.001 0.001 0.0043 0.0046 0.0071 0.0078 0.0065 0.0075 9e-04 0.001 0.0033 0.0036 0.0072 0.0077 0.0065 0.0075 9e-04 0.001 0.0033 0.0035 0.0072 0.0077
514 0.0414 0.0118 9e-04 0.0019 0.0078 0.0079 0.0071 0.0072 0.0414 0.0119 9e-04 0.0018 0.0088 0.009 0.0071 0.0071 0.0414 0.0119 0.001 0.0019 0.0091 0.0092 0.0071 0.0071
505 8e-04 0.0095 0.0037 0.0038 0.0069 0.0072 0.008 0.0052 8e-04 0.0095 0.0039 0.004 0.0073 0.0077 0.0079 0.0052 8e-04 0.0095 0.0039 0.004 0.0074 0.0077 0.0079 0.0052
494 0.0029 0.0204 0.0094 0.0098 5e-04 6e-04 0.0065 0.0086 0.0028 0.0204 0.0058 0.0062 5e-04 5e-04 0.0065 0.0085 0.0028 0.0204 0.0057 0.006 4e-04 5e-04 0.0065 0.0085
245 0.0081 0.0356 0.0285 0.029 5e-04 0.001 0.0076 0.0064 0.008 0.0356 0.0255 0.0261 4e-04 9e-04 0.0076 0.0064 0.008 0.0356 0.0254 0.026 4e-04 9e-04 0.0076 0.0064
254 0.0053 5e-04 0.0012 0.002 0.0017 0.0019 0.0076 0.0078 0.0054 5e-04 0.0011 0.0018 0.0016 0.0019 0.0076 0.0078 0.0054 5e-04 0.001 0.0018 0.0016 0.0019 0.0076 0.0078
194 0.0097 0.0181 1e-04 5e-04 5e-04 5e-04 0.0065 0.0069 0.0098 0.0182 0 6e-04 5e-04 6e-04 0.0066 0.0069 0.0098 0.0182 1e-04 6e-04 5e-04 6e-04 0.0066 0.0069
144 0.0102 0.0081 9e-04 0.0014 0.0074 0.0079 0.0076 0.0065 0.0102 0.008 3e-04 7e-04 0.005 0.0055 0.0076 0.0065 0.0102 0.008 3e-04 6e-04 0.0049 0.0053 0.0076 0.0065
524 8e-04 0.0061 0.0069 0.0069 0.0015 0.0015 0.0084 0.0062 8e-04 0.0061 0.0065 0.0065 0.0019 0.002 0.0085 0.0062 8e-04 0.0061 0.0065 0.0065 0.0019 0.002 0.0086 0.0062
354 0.0104 0.0019 0.0025 0.0025 0.0071 0.0074 0.0073 0.0085 0.0104 0.0019 0.0015 0.0016 0.0068 0.007 0.0073 0.0085 0.0104 0.0019 0.0015 0.0015 0.0067 0.007 0.0073 0.0085
175 0.0055 0.0147 0.0013 0.0019 0.0152 0.0156 0.0119 0.0058 0.0056 0.0147 8e-04 0.0016 0.0162 0.0167 0.012 0.0058 0.0056 0.0147 8e-04 0.0016 0.0163 0.0167 0.012 0.0058
164 0.0241 0.0059 0.0088 0.0092 0.038 0.0402 0.0059 0.0067 0.0241 0.0059 0.0067 0.0071 0.04 0.0421 0.0059 0.0066 0.0241 0.0059 0.0066 0.007 0.0402 0.0423 0.0059 0.0066
85 0.0326 0.0114 0.0125 0.0125 0.0146 0.016 0.0059 0.0076 0.0327 0.0114 0.0121 0.0121 0.0127 0.0141 0.0059 0.0075 0.0327 0.0114 0.0121 0.012 0.0126 0.0141 0.0059 0.0075
116 0.0039 0.0212 0.005 0.0059 0.009 0.0092 0.0089 0.0059 0.0039 0.0211 0.0034 0.0043 0.0094 0.0097 0.0089 0.0058 0.0039 0.0211 0.0034 0.0042 0.0095 0.0097 0.0089 0.0058
545 0.0069 0.0339 6e-04 9e-04 0.0044 0.0049 0.0073 0.0075 0.0069 0.0338 5e-04 8e-04 0.0036 0.0041 0.0074 0.0074 0.0069 0.0338 5e-04 8e-04 0.0036 0.004 0.0074 0.0074
294 0.0556 0.0132 0.01 0.0107 2e-04 6e-04 0.0065 0.0059 0.0555 0.0132 0.0103 0.0111 3e-04 6e-04 0.0066 0.0059 0.0555 0.0132 0.0103 0.0111 3e-04 6e-04 0.0066 0.0059
384 0.0024 0.0044 0.0139 0.0134 3e-04 0.0014 0.0073 0.0073 0.0024 0.0044 0.0127 0.0123 3e-04 0.0014 0.0073 0.0073 0.0024 0.0045 0.0126 0.0123 3e-04 0.0014 0.0073 0.0073
424 0.0097 0.0224 0.0197 0.0197 0.004 0.0041 0.0058 0.0067 0.0097 0.0223 0.0223 0.0223 0.0038 0.0041 0.0058 0.0067 0.0098 0.0223 0.0223 0.0223 0.0038 0.0041 0.0059 0.0067
395 0.002 0.0052 0.0314 0.0316 0.0181 0.0196 0.0068 0.009 0.002 0.0052 0.0272 0.0274 0.019 0.0207 0.0069 0.009 0.002 0.0052 0.027 0.0273 0.0191 0.0207 0.0069 0.009
95 0.0055 0.0059 0.0026 0.0025 5e-04 6e-04 0.0061 0.0067 0.0055 0.0059 0.0023 0.0023 3e-04 4e-04 0.0061 0.0067 0.0055 0.0059 0.0023 0.0022 3e-04 4e-04 0.0061 0.0067
135 0.0034 0.0082 0.0015 0.0017 0.009 0.0097 0.0072 0.0065 0.0034 0.0082 0.0016 0.0019 0.0065 0.0072 0.0073 0.0066 0.0034 0.0082 0.0017 0.0019 0.0063 0.007 0.0073 0.0066
14 0.0226 1e-04 6e-04 0.0012 0.005 0.0052 0.0078 0.0065 0.0226 1e-04 4e-04 0.001 0.0049 0.0051 0.0077 0.0065 0.0226 1e-04 4e-04 0.001 0.0049 0.0051 0.0077 0.0065
335 0.0062 0.0192 0.001 0.0012 0.0035 0.0038 0.0063 0.0076 0.0062 0.0191 0.001 0.0012 0.0024 0.0027 0.0064 0.0076 0.0062 0.0191 0.0011 0.0012 0.0023 0.0026 0.0064 0.0076
45 0.0014 0.0407 7e-04 0.0011 8e-04 8e-04 0.0074 0.006 0.0014 0.0407 6e-04 0.001 0.0016 0.0016 0.0074 0.006 0.0014 0.0407 6e-04 9e-04 0.0016 0.0016 0.0074 0.006
55 0.0031 0.0106 9e-04 0.001 0.0207 0.0211 0.0065 0.0084 0.0031 0.0106 0.0023 0.0023 0.0188 0.0192 0.0065 0.0085 0.0031 0.0106 0.0024 0.0024 0.0188 0.0192 0.0065 0.0084
214 0.0026 0.0051 0.0174 0.0172 1e-04 8e-04 0.0069 0.0071 0.0026 0.005 0.017 0.0168 4e-04 0.001 0.0069 0.0071 0.0026 0.005 0.017 0.0167 4e-04 0.0011 0.0069 0.0071
24 0.003 0.0343 0.001 0.0013 0.0017 0.0019 0.007 0.007 0.003 0.0343 0.0019 0.0021 0.0012 0.0014 0.0069 0.007 0.003 0.0343 0.0019 0.0022 0.0012 0.0014 0.0069 0.007
405 0.0055 0.0268 0.026 0.0269 0.0121 0.0124 0.0077 0.0063 0.0054 0.0267 0.0222 0.0232 0.0122 0.0125 0.0077 0.0062 0.0054 0.0267 0.0219 0.023 0.0122 0.0125 0.0077 0.0062
234 0.0101 0.0302 1e-04 7e-04 0.0031 0.0031 0.007 0.0076 0.0101 0.0301 1e-04 6e-04 0.0024 0.0024 0.007 0.0076 0.0101 0.0301 1e-04 6e-04 0.0024 0.0024 0.0069 0.0076
444 0.002 0.0136 0.002 0.003 2e-04 7e-04 0.0085 0.0063 0.002 0.0135 0.0022 0.0031 2e-04 6e-04 0.0085 0.0063 0.002 0.0135 0.0023 0.003 2e-04 6e-04 0.0085 0.0063
326 0.0088 0.0369 0.0033 0.0037 2e-04 5e-04 0.0071 0.0074 0.0088 0.037 0.0055 0.006 5e-04 8e-04 0.0072 0.0074 0.0088 0.037 0.0057 0.0061 5e-04 8e-04 0.0072 0.0074
126 0.0027 0.0123 3e-04 6e-04 2e-04 0.001 0.0072 0.0075 0.0027 0.0123 2e-04 5e-04 3e-04 0.001 0.0072 0.0075 0.0027 0.0123 2e-04 5e-04 3e-04 0.001 0.0072 0.0075
435 0.014 0.0546 0.0022 0.0022 0.0035 0.0041 0.0084 0.0076 0.014 0.0547 0.0025 0.0024 0.0045 0.0051 0.0084 0.0076 0.014 0.0547 0.0025 0.0025 0.0045 0.0052 0.0084 0.0076
554 0.0022 0.0046 0.0058 0.0068 3e-04 8e-04 0.0086 0.0076 0.0022 0.0046 0.0065 0.0076 3e-04 8e-04 0.0086 0.0075 0.0021 0.0047 0.0065 0.0077 3e-04 8e-04 0.0086 0.0075
484 0.0037 0.0276 0.0061 0.0071 0.011 0.0119 0.007 0.0074 0.0037 0.0276 0.0047 0.0057 0.0112 0.0121 0.007 0.0073 0.0037 0.0276 0.0047 0.0056 0.0112 0.0121 0.007 0.0073
155 0.0133 8e-04 0.0089 0.0092 7e-04 0.0014 0.0081 0.0064 0.0133 8e-04 0.0065 0.007 5e-04 0.0012 0.0081 0.0063 0.0133 8e-04 0.0063 0.0068 5e-04 0.0012 0.0081 0.0063
277 0.02 0.001 0.0066 0.0069 0.0125 0.0126 0.0076 0.0062 0.0201 0.0011 0.005 0.0052 0.0112 0.0112 0.0076 0.0063 0.0201 0.0011 0.0049 0.0051 0.011 0.0111 0.0076 0.0063
285 0.0041 0.0139 0.0034 0.0034 0.0031 0.0039 0.007 0.0068 0.0041 0.0139 0.0026 0.0026 0.0023 0.003 0.007 0.0068 0.0041 0.0139 0.0026 0.0026 0.0023 0.0029 0.007 0.0068
375 0.0037 0.0104 1e-04 1e-04 0.0081 0.0087 0.0077 0.0059 0.0036 0.0104 1e-04 1e-04 0.006 0.0065 0.0076 0.0059 0.0036 0.0104 1e-04 1e-04 0.0059 0.0065 0.0076 0.0059
105 0.0155 0.0177 9e-04 0.0013 5e-04 0.001 0.0095 0.0074 0.0155 0.0178 0.001 0.0014 6e-04 0.0011 0.0095 0.0074 0.0155 0.0178 0.001 0.0014 6e-04 0.0011 0.0095 0.0074
185 0.0047 0.0055 0.0034 0.0036 0.0017 0.0021 0.0065 0.0066 0.0047 0.0057 0.0037 0.004 0.0039 0.0043 0.0065 0.0065 0.0048 0.0057 0.0037 0.004 0.0041 0.0045 0.0065 0.0066
224 0.0062 0.0041 0.0049 0.0054 1e-04 5e-04 0.0094 0.0068 0.0061 0.0041 0.0033 0.0038 2e-04 7e-04 0.0093 0.0068 0.0061 0.0041 0.0032 0.0037 2e-04 7e-04 0.0093 0.0068
255 0.0049 0.0146 9e-04 0.0011 0.0099 0.0104 0.0076 0.008 0.0048 0.0145 0.001 0.0013 0.0126 0.0132 0.0076 0.008 0.0048 0.0145 0.001 0.0013 0.0131 0.0137 0.0076 0.008
35 0.0238 7e-04 0.001 0.0011 0.0095 0.0103 0.0064 0.0077 0.0238 7e-04 0.0013 0.0014 0.0092 0.0099 0.0064 0.0077 0.0238 7e-04 0.0013 0.0014 0.0092 0.0099 0.0064 0.0077
466 0.0089 0.0063 2e-04 1e-04 5e-04 4e-04 0.0082 0.0061 0.0089 0.0063 2e-04 1e-04 6e-04 5e-04 0.0082 0.0061 0.0089 0.0063 2e-04 1e-04 6e-04 5e-04 0.0082 0.0061
456 0.0319 0.0111 0.0039 0.0049 0.0132 0.0146 0.0067 0.0071 0.032 0.0112 0.0036 0.0046 0.0119 0.0133 0.0068 0.0071 0.032 0.0112 0.0036 0.0046 0.0118 0.0132 0.0068 0.0071
415 0.0093 0.0225 0.0011 0.0013 0.0026 0.0028 0.0055 0.0066 0.0093 0.0224 6e-04 0.001 0.003 0.0031 0.0055 0.0066 0.0093 0.0224 6e-04 0.001 0.003 0.0031 0.0055 0.0066
535 0.0631 0.0944 5e-04 8e-04 0.0054 0.0052 0.0062 0.0073 0.063 0.0942 3e-04 6e-04 0.0063 0.006 0.0062 0.0074 0.063 0.0942 3e-04 6e-04 0.0063 0.006 0.0062 0.0074
65 0.0024 0.0062 0.0035 0.0038 0.0017 0.0019 0.0052 0.0061 0.0024 0.0062 0.0056 0.0059 0.0015 0.0016 0.0051 0.0061 0.0024 0.0062 0.0058 0.0061 0.0015 0.0015 0.0052 0.0061
495 0.0055 0.0123 2e-04 7e-04 0.0011 0.0017 0.0086 0.0067 0.0055 0.0123 2e-04 4e-04 0.0013 0.002 0.0083 0.0068 0.0055 0.0123 2e-04 4e-04 0.0013 0.002 0.0083 0.0068
246 0.0073 0.0017 0.0162 0.016 0.0065 0.0073 0.0055 0.0071 0.0073 0.0016 0.019 0.0188 0.0086 0.0092 0.0055 0.0071 0.0072 0.0017 0.0192 0.019 0.0086 0.0094 0.0055 0.0071
475 0.0178 0.039 0.0098 0.01 4e-04 4e-04 0.0059 0.0064 0.0178 0.039 0.0119 0.012 2e-04 2e-04 0.0059 0.0064 0.0178 0.039 0.0119 0.012 2e-04 2e-04 0.0058 0.0064
345 0.0159 0.0087 1e-04 9e-04 0.0026 0.0027 0.0065 0.0078 0.0159 0.0086 2e-04 0.001 0.0026 0.0028 0.0065 0.0078 0.0159 0.0086 2e-04 0.0011 0.0026 0.0028 0.0065 0.0078
506 0.0242 0.0749 0.0175 0.0182 4e-04 8e-04 0.0069 0.0076 0.0242 0.0748 0.0132 0.0143 5e-04 8e-04 0.0071 0.0076 0.0241 0.0749 0.0131 0.0142 4e-04 9e-04 0.0071 0.0076
365 0.0033 0.0065 0.0019 0.0018 8e-04 0.0013 0.0086 0.0081 0.0033 0.0064 0.002 0.0018 9e-04 0.0014 0.0086 0.0081 0.0033 0.0064 0.002 0.0019 9e-04 0.0014 0.0086 0.0081
515 0.0037 0.0046 0.0037 0.0038 0.0528 0.0539 0.0061 0.0074 0.0037 0.0046 0.0044 0.0045 0.0507 0.0518 0.006 0.0074 0.0037 0.0046 0.0044 0.0045 0.0506 0.0517 0.006 0.0073
145 0.019 0.0042 2e-04 5e-04 0.0025 0.0028 0.0062 0.006 0.0191 0.0042 2e-04 5e-04 0.0038 0.0041 0.0063 0.006 0.0191 0.0042 2e-04 5e-04 0.0039 0.0042 0.0063 0.006
195 0.0968 0.0014 0.0028 0.0026 0.0031 0.0034 0.0079 0.0063 0.0969 0.0014 0.0039 0.0037 0.0054 0.0057 0.0078 0.0064 0.0969 0.0014 0.0039 0.0037 0.0055 0.0059 0.0078 0.0064
86 0.0191 0.01 5e-04 0.0012 2e-04 0.0012 0.0074 0.0066 0.019 0.0099 2e-04 0.0011 2e-04 0.0011 0.0074 0.0065 0.019 0.0099 2e-04 0.0011 2e-04 0.001 0.0075 0.0065
176 0.0095 0.0122 0.0165 0.0162 3e-04 5e-04 0.006 0.0076 0.0095 0.0123 0.0149 0.0147 8e-04 0.001 0.006 0.0075 0.0095 0.0123 0.0148 0.0146 8e-04 0.001 0.006 0.0076
305 0.0062 0.0138 0.0013 0.0016 9e-04 6e-04 0.0075 0.0063 0.0061 0.0139 3e-04 5e-04 5e-04 3e-04 0.0075 0.0063 0.0061 0.0139 2e-04 5e-04 5e-04 3e-04 0.0075 0.0063
546 4e-04 0.0136 0.0115 0.0117 0.0074 0.0082 0.0079 0.0081 3e-04 0.0136 0.0142 0.0142 0.0063 0.0071 0.0079 0.0081 3e-04 0.0137 0.0142 0.0144 0.0063 0.007 0.0078 0.0081
165 0.0058 0.0037 0.0019 0.0023 0.0016 0.0018 0.0059 0.0066 0.0058 0.0037 0.0022 0.0025 0.0025 0.0028 0.0059 0.0066 0.0058 0.0037 0.0022 0.0025 0.0025 0.0028 0.0059 0.0066
396 0.0197 0.027 2e-04 3e-04 8e-04 0.0011 0.0058 0.0073 0.0196 0.027 4e-04 7e-04 6e-04 8e-04 0.0057 0.0073 0.0197 0.027 5e-04 6e-04 6e-04 8e-04 0.0057 0.0073
46 0.0049 0.0135 0.008 0.0081 0.0018 0.0023 0.008 0.0071 0.0049 0.0135 0.0086 0.0088 0.002 0.0024 0.0079 0.0072 0.0049 0.0135 0.0086 0.0088 0.002 0.0024 0.0079 0.0072
205 0.0053 0.0116 0.0033 0.0037 0.0136 0.0138 0.0074 0.0064 0.0053 0.0116 0.0045 0.0049 0.0127 0.013 0.0074 0.0064 0.0053 0.0116 0.0046 0.005 0.0127 0.0128 0.0074 0.0063
336 0.0306 0.0232 2e-04 4e-04 0.0015 0.0017 0.0079 0.0066 0.0306 0.0232 1e-04 3e-04 0.0026 0.0029 0.0079 0.0066 0.0306 0.0232 1e-04 3e-04 0.0027 0.0029 0.0079 0.0066
425 0.0013 0.0019 0.0023 0.0025 0.0037 0.0046 0.0062 0.0077 0.0013 0.0019 0.0013 0.0016 0.0033 0.0043 0.0063 0.0076 0.0013 0.0019 0.0013 0.0015 0.0033 0.0042 0.0063 0.0076
15 0.009 0.0231 0.0029 0.003 0.0233 0.0241 0.0061 0.0068 0.0089 0.0231 0.003 0.0032 0.0215 0.0223 0.0061 0.0069 0.0089 0.0231 0.0029 0.0031 0.0214 0.0221 0.0061 0.0069
327 0.018 0.0544 3e-04 1e-04 4e-04 8e-04 0.0074 0.0065 0.0179 0.0544 3e-04 1e-04 8e-04 0.0013 0.0074 0.0065 0.0179 0.0544 3e-04 1e-04 8e-04 0.0013 0.0074 0.0065
355 0.001 0.0021 0.0032 0.0033 0.0019 0.0022 0.0068 0.0071 0.001 0.0021 0.0029 0.003 0.0021 0.0024 0.0068 0.007 0.001 0.0021 0.0029 0.003 0.0021 0.0024 0.0068 0.007
266 0.009 6e-04 1e-04 2e-04 0.0033 0.0037 0.0068 0.0062 0.0091 6e-04 2e-04 1e-04 0.0047 0.0051 0.0069 0.0062 0.0091 5e-04 2e-04 2e-04 0.0048 0.0052 0.0069 0.0061
316 0.0056 0.0148 0.0062 0.0062 6e-04 0.0012 0.0073 0.0066 0.0056 0.0148 0.0085 0.0085 3e-04 9e-04 0.0073 0.0066 0.0055 0.0148 0.0086 0.0086 3e-04 8e-04 0.0073 0.0066
376 9e-04 0.0111 0.003 0.0031 2e-04 2e-04 0.0074 0.0054 9e-04 0.011 0.0045 0.0046 4e-04 4e-04 0.0074 0.0054 9e-04 0.011 0.0046 0.0047 4e-04 4e-04 0.0074 0.0054
75 3e-04 0.0034 1e-04 3e-04 0.0048 0.0056 0.007 0.0076 3e-04 0.0034 5e-04 7e-04 0.004 0.0046 0.007 0.0076 3e-04 0.0034 5e-04 7e-04 0.0039 0.0046 0.007 0.0076
467 0.0136 0.0073 0.0029 0.0031 0.0044 0.0048 0.0076 0.0073 0.0136 0.0074 0.0029 0.0031 0.0045 0.0048 0.0076 0.0073 0.0135 0.0074 0.0029 0.0032 0.0045 0.0049 0.0076 0.0074
525 0.0023 0.003 4e-04 3e-04 0.0029 0.003 0.0066 0.0077 0.0023 0.003 7e-04 6e-04 0.003 0.0032 0.0066 0.0076 0.0023 0.003 7e-04 6e-04 0.003 0.0031 0.0066 0.0075
106 0.0091 0.0194 0.0072 0.0076 6e-04 6e-04 0.0061 0.0071 0.0091 0.0194 0.006 0.0064 4e-04 4e-04 0.0061 0.0071 0.0091 0.0194 0.0059 0.0064 4e-04 3e-04 0.0061 0.0071
25 0.0096 0.0045 3e-04 7e-04 9e-04 0.0027 0.0069 0.0082 0.0096 0.0046 2e-04 6e-04 5e-04 0.0023 0.0069 0.0081 0.0096 0.0046 2e-04 6e-04 4e-04 0.0022 0.0069 0.0081
117 4e-04 7e-04 0.0135 0.0138 5e-04 0.001 0.0053 0.0069 4e-04 7e-04 0.0148 0.0151 1e-04 6e-04 0.0053 0.0069 4e-04 7e-04 0.0149 0.0152 1e-04 5e-04 0.0053 0.0069
295 0.0168 0.0241 0.0061 0.006 7e-04 0.0014 0.0068 0.0065 0.0168 0.0241 0.0084 0.0082 0.0011 0.0017 0.0068 0.0064 0.0168 0.0241 0.0085 0.0083 0.0011 0.0018 0.0068 0.0064
127 0.0151 6e-04 0.0017 0.0017 0.0091 0.0092 0.0068 0.0068 0.0151 6e-04 0.0023 0.0025 0.0072 0.0074 0.0069 0.0068 0.0151 6e-04 0.0024 0.0025 0.0072 0.0073 0.0068 0.0068
56 0.0117 0.001 0 1e-04 0.0036 0.0042 0.0078 0.0076 0.0117 0.001 0 1e-04 0.0038 0.0043 0.0078 0.0076 0.0117 0.001 0 1e-04 0.0057 0.0063 0.0079 0.0075
136 8e-04 0.0224 0.005 0.0051 4e-04 2e-04 0.0068 0.0073 8e-04 0.0224 0.0043 0.0045 5e-04 3e-04 0.0068 0.0074 8e-04 0.0224 0.0041 0.0042 5e-04 4e-04 0.0068 0.0074
146 0.0966 0.0987 0.0011 0.0013 0.001 0.0015 0.0061 0.006 0.0965 0.0987 6e-04 0.0012 0.0024 0.0028 0.0063 0.006 0.0965 0.0987 6e-04 0.0012 0.0025 0.0029 0.0063 0.006
397 0.003 0.0053 0.0026 0.003 0.0031 0.0033 0.0068 0.0063 0.003 0.0052 0.0036 0.0039 0.0018 0.002 0.0068 0.0063 0.003 0.0052 0.0037 0.004 0.0018 0.002 0.0068 0.0063
286 0.0072 0.028 0.0017 0.002 4e-04 7e-04 0.0076 0.0057 0.0071 0.028 0.0018 0.0022 3e-04 6e-04 0.0075 0.0057 0.0071 0.0281 0.0018 0.0022 3e-04 6e-04 0.0075 0.0057
186 0.0147 0.0135 0.0012 0.0013 0.001 0.0012 0.0059 0.0064 0.0147 0.0135 9e-04 0.001 9e-04 0.0011 0.0059 0.0064 0.0147 0.0135 9e-04 9e-04 9e-04 0.0011 0.0059 0.0064
385 0.0271 0.0134 0.0013 0.0013 0.0058 0.0059 0.0066 0.0073 0.0272 0.0134 0.0026 0.0025 0.0045 0.0046 0.0066 0.0073 0.0272 0.0134 0.0026 0.0026 0.0044 0.0045 0.0066 0.0073
235 0.0283 0.0091 0.0018 0.0018 0.0039 0.004 0.0088 0.0065 0.0283 0.009 0.0025 0.0025 0.0038 0.0039 0.0088 0.0064 0.0283 0.009 0.0025 0.0025 0.0038 0.0039 0.0088 0.0064
306 0.0116 0.1258 0.002 0.0025 0.0097 0.01 0.0075 0.0068 0.0116 0.1258 0.0021 0.003 0.0095 0.0098 0.0076 0.0067 0.0116 0.1258 0.0021 0.003 0.0095 0.0098 0.0076 0.0067
36 0.0527 0.0046 0.0038 0.004 3e-04 0.001 0.0065 0.0062 0.0527 0.0046 0.0053 0.0055 2e-04 8e-04 0.0065 0.0062 0.0527 0.0046 0.0053 0.0056 3e-04 8e-04 0.0065 0.0062
406 0.0048 0.0255 1e-04 4e-04 4e-04 6e-04 0.0065 0.0068 0.0048 0.0255 1e-04 4e-04 3e-04 5e-04 0.0065 0.0067 0.0048 0.0255 1e-04 4e-04 3e-04 5e-04 0.0065 0.0067
66 0.0174 0.0228 0.0095 0.0101 5e-04 6e-04 0.0071 0.0072 0.0173 0.0228 0.009 0.0095 5e-04 6e-04 0.0072 0.0072 0.0173 0.0229 0.0089 0.0094 5e-04 6e-04 0.0071 0.0072
445 0.0013 0.0179 4e-04 4e-04 0.0029 0.0039 0.0071 0.0074 0.0013 0.018 3e-04 4e-04 0.0028 0.0039 0.0071 0.0074 0.0013 0.018 4e-04 4e-04 0.0027 0.0038 0.007 0.0074
96 0.0051 0.0037 5e-04 8e-04 0.0105 0.0113 0.0065 0.007 0.0051 0.0036 2e-04 5e-04 0.0165 0.0173 0.0065 0.007 0.0051 0.0036 2e-04 5e-04 0.017 0.0178 0.0065 0.007
555 0.0035 0.0189 0.0039 0.0042 2e-04 7e-04 0.0075 0.0055 0.0035 0.0189 0.0043 0.0045 1e-04 7e-04 0.0075 0.0054 0.0035 0.0189 0.0041 0.0045 1e-04 7e-04 0.0075 0.0054
256 0.0104 0.0074 0.0017 0.0043 0.0039 0.0044 0.0076 0.0073 0.0105 0.0074 8e-04 0.0032 0.004 0.0044 0.0076 0.0073 0.0105 0.0074 7e-04 0.0032 0.004 0.0044 0.0076 0.0073
507 0.0181 0.0423 1e-04 4e-04 0.0054 0.0058 0.007 0.007 0.0182 0.0423 1e-04 4e-04 0.0052 0.0056 0.0072 0.0069 0.018 0.0423 1e-04 3e-04 0.0053 0.0057 0.007 0.0069
485 0.0297 0.0246 0.0282 0.0288 0.0012 0.0014 0.006 0.0074 0.0297 0.0247 0.029 0.0294 0.0018 0.002 0.006 0.0075 0.0297 0.0247 0.029 0.0294 0.0018 0.002 0.006 0.0075
16 0.0581 0.009 8e-04 0.0011 0.0041 0.0043 0.0067 0.0068 0.0581 0.0089 0.0017 0.002 0.0017 0.0019 0.0068 0.0067 0.0581 0.0089 0.0018 0.0021 0.0016 0.0018 0.0068 0.0067
215 0.008 0.0118 0 2e-04 0.0013 0.0014 0.0071 0.0066 0.0081 0.0118 3e-04 5e-04 4e-04 6e-04 0.0072 0.0065 0.0081 0.0118 4e-04 6e-04 4e-04 5e-04 0.0072 0.0066
416 0.0046 0.0142 0.0122 0.0121 8e-04 0.0013 0.006 0.0062 0.0046 0.0141 0.0119 0.0118 0.0011 0.0015 0.0059 0.0063 0.0046 0.0141 0.0119 0.0117 0.0011 0.0016 0.0059 0.0063
496 0.0297 0.0054 0.0031 0.0034 0.0156 0.0161 0.0062 0.006 0.0296 0.0054 0.0043 0.0046 0.0149 0.0154 0.0061 0.006 0.0296 0.0054 0.0044 0.0047 0.0149 0.0154 0.0061 0.006
225 0.0018 0.0452 1e-04 3e-04 0.0059 0.0064 0.007 0.0085 0.0017 0.0451 0 2e-04 0.0074 0.0081 0.0069 0.0084 0.0018 0.0452 1e-04 2e-04 0.0075 0.0082 0.0071 0.0084
366 0.0038 0.013 0.0047 0.0049 4e-04 8e-04 0.0064 0.0071 0.0039 0.0131 0.0047 0.005 7e-04 0.0011 0.0064 0.0071 0.0039 0.0131 0.0047 0.005 7e-04 0.0011 0.0065 0.0071
156 0.0118 0.0084 0.0028 0.0027 0.0022 0.002 0.0087 0.0068 0.0117 0.0085 0.0019 0.002 0.0019 0.0019 0.0087 0.0068 0.0117 0.0084 0.002 0.0023 0.0019 0.0018 0.0087 0.0068
436 0.0041 0.0499 0.001 0.0014 0.0022 0.0023 0.0072 0.0059 0.0041 0.0498 0.0012 0.0016 0.0013 0.0015 0.0072 0.0059 0.0041 0.0499 0.0012 0.0016 0.0013 0.0015 0.0072 0.0059
196 0.0054 0.0138 0.0459 0.0452 0.0039 0.0042 0.008 0.0073 0.0054 0.0138 0.044 0.0433 0.0034 0.0038 0.0079 0.0074 0.0054 0.0137 0.0439 0.0433 0.0034 0.0037 0.008 0.0073
206 0.0031 0.0047 0.0017 0.0022 0.0033 0.0035 0.0061 0.0062 0.0031 0.0047 0.0027 0.0031 0.003 0.0032 0.0063 0.0062 0.0031 0.0047 0.0028 0.0031 0.003 0.0032 0.0063 0.0062
536 0.0075 0.0154 0.0141 0.0145 0.0015 0.0018 0.0071 0.0064 0.0075 0.0154 0.013 0.0132 0.0016 0.0019 0.007 0.0064 0.0075 0.0154 0.013 0.0132 0.0015 0.0018 0.007 0.0064
547 0.0095 0.0265 0.037 0.0369 0.0014 0.0017 0.0072 0.0071 0.0095 0.0264 0.0365 0.0363 0.0012 0.0016 0.0072 0.007 0.0094 0.0264 0.0362 0.036 0.0012 0.0015 0.0071 0.007
457 0.0095 0.0123 0.0188 0.0189 9e-04 0.0012 0.0079 0.0062 0.0094 0.0123 0.0191 0.0193 0.0011 0.0014 0.0079 0.0062 0.0094 0.0123 0.0192 0.0193 0.0011 0.0014 0.0078 0.0062
26 0.0191 0.0145 6e-04 7e-04 0.0244 0.0256 0.0076 0.0069 0.0191 0.0145 0.001 0.001 0.0237 0.0247 0.0074 0.0069 0.0191 0.0145 9e-04 0.001 0.0237 0.0246 0.0073 0.0069
346 0.0041 0.0155 0.0032 0.0033 0.0016 0.0024 0.0061 0.0054 0.0041 0.0154 0.0027 0.0028 0.0019 0.0027 0.0061 0.0054 0.0041 0.0154 0.0027 0.0028 0.0018 0.0027 0.0061 0.0053
377 0.0105 0.1121 8e-04 9e-04 0.0038 0.004 0.0055 0.0064 0.0105 0.1119 0.0011 0.0012 0.0049 0.005 0.0054 0.0064 0.0105 0.1119 0.0011 0.0012 0.0049 0.0051 0.0054 0.0064
247 0.0026 0.0042 0.0045 0.0045 0.0024 0.0032 0.0067 0.0063 0.0026 0.0042 0.0032 0.0032 0.0025 0.0033 0.0067 0.0062 0.0026 0.0042 0.0032 0.0032 0.0025 0.0033 0.0067 0.0062
236 0.0123 0.0033 0.0082 0.0084 0.0011 0.0016 0.0066 0.0078 0.0123 0.0033 0.0083 0.0084 2e-04 5e-04 0.0066 0.0078 0.0123 0.0033 0.0083 0.0085 2e-04 5e-04 0.0066 0.0078
267 0.0037 0.0012 0.001 9e-04 0.0026 0.0033 0.0076 0.0074 0.0037 0.0012 8e-04 9e-04 0.0034 0.0043 0.0082 0.0074 0.0037 0.0012 8e-04 8e-04 0.0034 0.0043 0.0082 0.0074
47 0.0123 0.0017 0.0031 0.0045 0.0049 0.0051 0.0094 0.0069 0.0123 0.0017 0.0044 0.0059 0.0063 0.0067 0.0094 0.0069 0.0123 0.0017 0.0044 0.0059 0.0066 0.007 0.0094 0.0069
187 8e-04 0.0732 0.0233 0.0232 5e-04 5e-04 0.0081 0.0076 8e-04 0.0734 0.0246 0.0245 7e-04 6e-04 0.0081 0.0075 8e-04 0.0734 0.0246 0.0246 7e-04 6e-04 0.0081 0.0075
87 0.021 0.0139 0.0021 0.0023 3e-04 4e-04 0.0078 0.0066 0.021 0.0138 0.0017 0.0019 3e-04 4e-04 0.0078 0.0066 0.021 0.0138 0.0017 0.0018 3e-04 4e-04 0.0078 0.0066
177 0.0133 0.0439 2e-04 2e-04 0.0012 0.0013 0.0066 0.0067 0.0132 0.0439 2e-04 1e-04 0.0018 0.002 0.0067 0.0068 0.0132 0.0438 2e-04 1e-04 0.002 0.0021 0.0066 0.0068
516 0.0014 0.021 8e-04 0.0011 0.002 0.003 0.007 0.0072 0.0015 0.0209 6e-04 0.001 0.0023 0.0033 0.0071 0.0072 0.0015 0.021 6e-04 9e-04 0.0023 0.0033 0.0071 0.0072
76 0.0043 0.0038 1e-04 4e-04 4e-04 6e-04 0.0071 0.0065 0.0042 0.0038 1e-04 4e-04 1e-04 4e-04 0.007 0.0066 0.0042 0.0038 1e-04 4e-04 1e-04 4e-04 0.007 0.0066
476 4e-04 0.0096 1e-04 9e-04 9e-04 0.0014 0.0064 0.0062 3e-04 0.0097 1e-04 0.001 7e-04 0.0011 0.0064 0.0063 3e-04 0.0097 1e-04 0.001 6e-04 0.0011 0.0064 0.0063
317 0.0141 0.0662 0.0023 0.0031 0.0042 0.0044 0.0067 0.0075 0.0141 0.0664 0.0027 0.0035 0.0042 0.0044 0.0067 0.0076 0.0141 0.0663 0.0027 0.0035 0.0042 0.0045 0.0067 0.0076
526 0.0421 0.0266 0.0077 0.0075 0.0035 0.0039 0.0077 0.0082 0.042 0.0266 0.0074 0.0072 0.0043 0.0047 0.0077 0.0082 0.0421 0.0266 0.0074 0.0071 0.0043 0.0047 0.0078 0.0082
57 0.0083 0.0051 0.0122 0.012 0.014 0.0147 0.0051 0.0068 0.0083 0.0052 0.0085 0.0083 0.0108 0.0115 0.0051 0.0068 0.0083 0.0052 0.0084 0.0082 0.0107 0.0113 0.0051 0.0068
556 0.0292 0.0286 0.0106 0.0105 5e-04 0.001 0.0067 0.0076 0.0292 0.0287 0.0104 0.0103 7e-04 0.0012 0.0067 0.0075 0.0292 0.0286 0.0104 0.0103 7e-04 0.0013 0.0067 0.0075
446 0.0137 0.0122 0.0016 0.0025 0.0056 0.0061 0.0074 0.0054 0.0138 0.0121 0.0024 0.003 0.0068 0.0074 0.0075 0.0053 0.0139 0.0121 0.0024 0.0031 0.0067 0.0073 0.0075 0.0053
257 0.0263 0.0482 0.0058 0.0057 5e-04 6e-04 0.0067 0.0068 0.0263 0.0481 0.0064 0.0063 4e-04 6e-04 0.0068 0.0068 0.0263 0.0481 0.0064 0.0063 4e-04 6e-04 0.0067 0.0068
386 0.0394 0.0452 0.0062 0.0062 0.0205 0.0211 0.0054 0.0062 0.0393 0.0453 0.0054 0.0055 0.0209 0.0215 0.0053 0.0063 0.0392 0.0453 0.0054 0.0055 0.0209 0.0215 0.0053 0.0063
107 0.0247 0.0084 8e-04 6e-04 0.0029 0.0033 0.0083 0.0077 0.0246 0.0084 6e-04 2e-04 0.0025 0.0029 0.0081 0.0077 0.0246 0.0084 7e-04 4e-04 0.0017 0.0019 0.0082 0.0076
407 0.0118 0.0018 0.006 0.0056 4e-04 7e-04 0.0058 0.0072 0.0118 0.0018 0.0039 0.0035 8e-04 0.0011 0.0058 0.0073 0.0118 0.0018 0.0037 0.0034 8e-04 0.0012 0.0058 0.0073
497 0.0168 0.0084 0.0036 0.0034 1e-04 5e-04 0.0078 0.006 0.0167 0.0084 0.0051 0.0049 2e-04 4e-04 0.0078 0.006 0.0167 0.0084 0.0053 0.0051 2e-04 4e-04 0.0078 0.006
296 0.0013 0.0038 0.0065 0.0071 0.009 0.0093 0.0079 0.0069 0.0012 0.0038 0.0065 0.007 0.0141 0.0145 0.0079 0.0069 0.0012 0.0038 0.0063 0.0068 0.0149 0.0154 0.0079 0.0069
356 0.0082 0.0031 0.0017 0.0024 0.0221 0.0229 0.0075 0.0069 0.0081 0.0032 0.0017 0.0023 0.0219 0.0226 0.0075 0.0069 0.0081 0.0032 0.0017 0.0022 0.0217 0.0224 0.0075 0.0069
137 0.0092 0.0093 0.0237 0.0239 4e-04 0.0013 0.0074 0.0064 0.0092 0.0093 0.0214 0.0216 5e-04 0.0013 0.0074 0.0064 0.0092 0.0093 0.0211 0.0213 5e-04 0.0013 0.0074 0.0064
226 0.0138 0.0094 0.0023 0.003 0.0066 0.0071 0.0073 0.0072 0.0138 0.0093 0.0031 0.0038 0.0065 0.0069 0.0072 0.0073 0.0138 0.0093 0.0032 0.0039 0.0064 0.0069 0.0072 0.0073
426 0.0291 0.1337 0.0178 0.0196 0.0083 0.0091 0.0067 0.0064 0.0292 0.1336 0.0157 0.0176 0.0081 0.0088 0.0067 0.0064 0.0292 0.1336 0.0156 0.0175 0.0081 0.0088 0.0067 0.0064
67 0.0157 0.0016 0.0027 0.0027 7e-04 8e-04 0.0059 0.0068 0.0158 0.0016 0.0032 0.0031 0.0011 0.0012 0.0059 0.0069 0.0158 0.0016 0.0032 0.0031 0.0012 0.0012 0.0059 0.0069
287 0.0057 0.0343 0.0023 0.0027 5e-04 0.001 0.0059 0.0072 0.0057 0.0343 0.0016 0.0019 5e-04 0.001 0.0058 0.0072 0.0057 0.0343 0.0015 0.0019 5e-04 0.001 0.0058 0.0072
337 0.0087 0.0268 0.0119 0.0128 0.0105 0.0109 0.0076 0.0064 0.0087 0.0267 0.0116 0.0124 0.0133 0.0137 0.0076 0.0063 0.0087 0.0267 0.0115 0.0123 0.0136 0.014 0.0076 0.0063
537 0.0761 0.0478 7e-04 7e-04 4e-04 0.002 0.0072 0.0072 0.076 0.0478 3e-04 3e-04 5e-04 0.0021 0.0072 0.0073 0.076 0.0478 3e-04 3e-04 5e-04 0.0021 0.0072 0.0073
437 0.0092 0.009 0.0013 0.0016 0.0058 0.0062 0.0065 0.0075 0.0092 0.0089 0.001 0.0013 0.0047 0.005 0.0065 0.0076 0.0092 0.0089 0.001 0.0012 0.0046 0.005 0.0065 0.0076
157 0.011 6e-04 0.0079 0.0085 0.0034 0.0044 0.0078 0.0065 0.0111 6e-04 0.0074 0.0079 0.0031 0.0041 0.0079 0.0064 0.0111 6e-04 0.0074 0.0079 0.0031 0.0042 0.0079 0.0065
17 0.0088 4e-04 0.004 0.0049 0.0023 0.0024 0.0071 0.0067 0.0087 4e-04 0.0038 0.0048 0.0021 0.0021 0.0072 0.0067 0.0087 4e-04 0.0039 0.0049 0.0021 0.0021 0.0072 0.0067
166 0.0014 0.0243 2e-04 2e-04 0.0026 0.0029 0.0076 0.0071 0.0013 0.0243 1e-04 2e-04 0.002 0.0023 0.0076 0.0072 0.0013 0.0243 2e-04 2e-04 0.002 0.0023 0.0076 0.0072
367 0.0731 0.049 3e-04 6e-04 2e-04 0.0011 0.0064 0.0064 0.0732 0.049 1e-04 5e-04 2e-04 0.0011 0.0065 0.0063 0.0733 0.049 1e-04 5e-04 2e-04 0.0011 0.0065 0.0064
447 0.0123 0.0119 0.0073 0.0073 0.0067 0.0073 0.0063 0.0075 0.0123 0.0119 0.0076 0.0077 0.0057 0.0061 0.0064 0.0075 0.0123 0.0119 0.0076 0.0077 0.0057 0.0061 0.0064 0.0075
417 0.0012 0.0068 0.026 0.0259 1e-04 6e-04 0.0055 0.0066 0.0012 0.0068 0.0222 0.0221 1e-04 5e-04 0.0055 0.0067 0.0012 0.0068 0.0219 0.0219 1e-04 5e-04 0.0055 0.0067
216 0.0077 0.0042 0.013 0.0131 0.0066 0.0078 0.0071 0.0071 0.0077 0.0042 0.0137 0.0137 0.0043 0.0053 0.0071 0.0072 0.0077 0.0042 0.0136 0.0137 0.0042 0.0052 0.0071 0.0072
37 0.0177 0.0514 0.0056 0.0056 0.0018 0.0026 0.0083 0.0068 0.0178 0.0515 0.0049 0.0049 0.0018 0.0026 0.0083 0.0068 0.0179 0.0517 0.0032 0.0032 0.0012 0.002 0.0083 0.0068
97 0.0074 0.0317 2e-04 4e-04 0.006 0.0062 0.0074 0.0076 0.0075 0.0317 1e-04 3e-04 0.0043 0.0044 0.0074 0.0076 0.0075 0.0317 1e-04 3e-04 0.0042 0.0043 0.0074 0.0076
517 0.0019 0.1347 0.0017 0.0019 0.0334 0.0346 0.0068 0.0068 0.0019 0.1345 0.0016 0.0017 0.0296 0.0307 0.0068 0.0067 0.0019 0.1346 0.0015 0.0017 0.0294 0.0305 0.0068 0.0067
147 0.0035 0.0164 0.0032 0.0035 0.0033 0.0045 0.007 0.0069 0.0035 0.0163 0.0034 0.0036 0.0033 0.0044 0.007 0.0069 0.0035 0.0163 0.0034 0.0036 0.0033 0.0044 0.007 0.0069
197 0.0063 0.0313 0.0092 0.0091 0.0065 0.0073 0.0072 0.0067 0.0063 0.0313 0.0096 0.0095 0.005 0.0057 0.0073 0.0067 0.0063 0.0313 0.0097 0.0095 0.0049 0.0056 0.0073 0.0067
486 0.001 0.0346 0.0083 0.0084 6e-04 6e-04 0.0066 0.0065 0.001 0.0347 0.0119 0.0119 4e-04 4e-04 0.0065 0.0065 0.001 0.0347 0.0128 0.0127 4e-04 4e-04 0.0065 0.0065
77 0.0127 0.0162 1e-04 3e-04 0.0017 0.0019 0.0076 0.0064 0.0127 0.0162 1e-04 2e-04 0.0024 0.0025 0.0077 0.0064 0.0127 0.0162 1e-04 2e-04 0.0024 0.0025 0.0077 0.0064
207 0.0145 0.0013 9e-04 0.0018 7e-04 9e-04 0.0064 0.007 0.0146 0.0013 0.0016 0.0025 9e-04 0.001 0.0064 0.0069 0.0146 0.0013 0.0016 0.0025 9e-04 0.0011 0.0064 0.0069
307 0.0063 0.0691 0 5e-04 0.0021 0.0029 0.007 0.007 0.0063 0.0692 0 5e-04 0.0014 0.0023 0.007 0.007 0.0063 0.0693 0 5e-04 0.0014 0.0022 0.007 0.0069
237 0.0471 0.0125 0.0162 0.0163 0.0303 0.0315 0.0063 0.0077 0.0471 0.0125 0.017 0.0171 0.0301 0.0314 0.0063 0.0076 0.0471 0.0125 0.017 0.0171 0.0301 0.0313 0.0063 0.0076
427 0.0092 0.0552 0.0049 0.0049 0.0012 0.0017 0.0063 0.0068 0.0092 0.0551 0.0018 0.0019 0.0013 0.0018 0.0064 0.0068 0.0092 0.0551 0.0017 0.0018 0.0013 0.0018 0.0064 0.0068
27 0.0171 0.0309 0.0139 0.0142 0.0117 0.0124 0.0084 0.0066 0.017 0.0308 0.0121 0.0126 0.014 0.0149 0.0085 0.0066 0.017 0.0309 0.0121 0.0126 0.0141 0.015 0.0084 0.0065
477 0.0097 0.0065 0.0012 0.0015 0.0016 0.0018 0.0082 0.0074 0.0097 0.0064 0.0015 0.0017 0.0017 0.0019 0.0081 0.0073 0.0097 0.0064 0.0015 0.0017 0.0017 0.0019 0.0081 0.0073
527 0.0109 0.0016 0.0023 0.0023 0.0079 0.008 0.007 0.0066 0.011 0.0016 0.003 0.003 0.0072 0.0074 0.0071 0.0066 0.011 0.0016 0.003 0.003 0.0071 0.0073 0.0071 0.0066
357 0.0041 0.0165 0.0039 0.0059 3e-04 7e-04 0.0063 0.0056 0.0041 0.0165 0.0057 0.0076 3e-04 7e-04 0.0063 0.0056 0.0041 0.0165 0.0057 0.0077 3e-04 7e-04 0.0063 0.0056
387 0.008 0.0103 4e-04 5e-04 6e-04 8e-04 0.0062 0.0069 0.0081 0.0103 3e-04 4e-04 6e-04 7e-04 0.0062 0.007 0.0081 0.0103 3e-04 4e-04 6e-04 7e-04 0.0062 0.007
167 0.0021 0.0028 8e-04 8e-04 0.008 0.0086 0.0076 0.0062 0.0021 0.0027 0.0014 0.0014 0.0096 0.0102 0.0076 0.0062 0.0021 0.0027 0.0014 0.0014 0.0096 0.0103 0.0076 0.0062
347 0.003 0.0046 0.0123 0.013 0.005 0.0051 0.0076 0.0061 0.0031 0.0047 0.0082 0.0087 0.0047 0.0049 0.0076 0.0062 0.0031 0.0047 0.0079 0.0085 0.0048 0.0049 0.0076 0.0062
297 0.0094 0.0632 0.0127 0.0126 0.024 0.0245 0.0081 0.0079 0.0093 0.0633 0.0131 0.0131 0.0206 0.021 0.0081 0.0078 0.0093 0.0633 0.0131 0.0131 0.0205 0.0209 0.0081 0.0078
217 0.0011 0.0077 8e-04 0.001 9e-04 0.0012 0.0064 0.0064 0.0011 0.0076 3e-04 4e-04 6e-04 9e-04 0.0064 0.0063 0.0011 0.0076 2e-04 4e-04 6e-04 9e-04 0.0064 0.0063
557 0.0218 0.0124 0.0034 0.0038 0.0013 0.0014 0.0074 0.0068 0.0217 0.0124 0.0027 0.0032 0.0016 0.0018 0.0074 0.0067 0.0217 0.0124 0.0027 0.0032 0.0017 0.0018 0.0074 0.0067
487 0.0185 0.0184 6e-04 7e-04 5e-04 0.0011 0.0071 0.0067 0.0186 0.0185 2e-04 8e-04 7e-04 0.0012 0.0073 0.0067 0.0186 0.0185 2e-04 7e-04 7e-04 0.0012 0.0073 0.0067
227 0.0021 0.0077 3e-04 5e-04 0.011 0.0116 0.0062 0.0061 0.0021 0.0077 2e-04 4e-04 0.0098 0.0103 0.0062 0.0062 0.0021 0.0077 2e-04 4e-04 0.0098 0.0102 0.0062 0.0062
"Mean1" "Mean2" "YPC1" "YPC2" "ZPC1" "ZPC2" "IND1" "IND2"
"t" 12.71 19.32 5.06 5.38 4.72 5.18 7.1 6.84
"slash" 12.7 19.31 4.94 5.27 4.64 5.09 7.1 6.83
"norm" 12.7 19.32 4.94 5.26 4.65 5.1 7.1 6.83
