"x"
"1" "Generate from n distribution. Repeat 550 times. The variance of residual is 0.25"
"x"
"1" "== degree of freedom:  1 =="
368 0.0495 0.0286 0.0039 0.0039 0.0011 0.0026 0.0442 0.0393 0.0491 0.0278 0.0039 0.0035 9e-04 0.0023 0.0442 0.0385 0.049 0.0282 0.0033 0.003 9e-04 0.0024 0.0435 0.0392
358 0.0111 0.0055 0.004 0.0061 0.0029 0.0025 0.0378 0.0399 0.0108 0.0053 0.0027 0.0047 0.0034 0.0031 0.0376 0.0398 0.0108 0.0053 0.0024 0.0045 0.0037 0.0033 0.0376 0.0398
318 0.0107 0.0066 0.0118 0.0148 0.0049 0.0049 0.0461 0.0364 0.0108 0.0065 0.0125 0.0152 0.0061 0.0059 0.0461 0.0363 0.0107 0.0065 0.0126 0.0153 0.0065 0.0062 0.0461 0.0363
488 0.024 0.0432 0.0029 0.0057 0.0017 0.0024 0.0355 0.0372 0.0238 0.043 0.0043 0.0078 0.0024 0.0031 0.036 0.037 0.0238 0.043 0.0045 0.008 0.0025 0.0032 0.036 0.037
528 0.0104 0.0201 0.0173 0.018 9e-04 0.0023 0.0428 0.0376 0.0103 0.0202 0.0158 0.0165 9e-04 0.002 0.0423 0.0375 0.0104 0.0202 0.016 0.0167 8e-04 0.002 0.0426 0.0374
88 0.0077 0.0159 0.0068 0.0075 0.0078 0.0087 0.0378 0.0425 0.0077 0.0156 0.0061 0.0067 0.0053 0.0061 0.0382 0.0426 0.0077 0.0156 0.006 0.0066 0.0048 0.0056 0.0382 0.0426
468 0.001 0.0138 0.0023 0.0019 0.0046 0.0037 0.0365 0.0431 0.001 0.0136 0.0019 0.0016 0.0048 0.004 0.0363 0.0427 9e-04 0.0135 0.0019 0.0016 0.0048 0.0041 0.0363 0.0426
498 0.0078 0.1045 0.0021 0.0076 0.0036 0.0046 0.0397 0.0417 0.0076 0.1044 0.002 0.0069 0.0038 0.005 0.0394 0.0416 0.0075 0.1044 0.0018 0.0064 0.0037 0.0049 0.039 0.0416
478 0.0144 0.1645 0.0048 0.0063 0.0018 0.0037 0.0355 0.0419 0.0143 0.1645 0.0033 0.0047 0.0019 0.0038 0.0354 0.0416 0.0143 0.1645 0.0031 0.0046 0.0019 0.0038 0.0354 0.0415
58 0.0042 0.0067 0.0206 0.0204 0.0188 0.0201 0.0461 0.0374 0.0042 0.0064 0.0209 0.0208 0.0195 0.0209 0.046 0.0372 0.0042 0.0064 0.0208 0.0207 0.0196 0.0209 0.0459 0.0372
388 0.0035 0.0085 0.0026 0.0061 0.0025 0.0045 0.043 0.0312 0.0033 0.0084 0.0027 0.007 0.0016 0.0037 0.043 0.0311 0.0033 0.0084 0.0026 0.0066 0.0015 0.0035 0.0429 0.0311
148 0.0176 0.0062 0.0023 0.003 0.0159 0.0178 0.0415 0.0424 0.0179 0.0062 0.0017 0.0022 0.0157 0.0175 0.0413 0.0424 0.018 0.0062 0.0016 0.0021 0.0159 0.0176 0.0413 0.0425
228 0.0132 0.0026 7e-04 0.0023 0.007 0.0083 0.0537 0.0408 0.0131 0.0029 4e-04 0.0026 0.0053 0.0066 0.0536 0.041 0.013 0.003 5e-04 0.0025 0.0051 0.0063 0.0539 0.0411
398 0.0086 0.0085 0.0055 0.006 0.0047 0.0043 0.0404 0.0387 0.0086 0.0082 0.0051 0.0055 0.0037 0.0035 0.0403 0.0381 0.0087 0.0083 0.005 0.0053 0.0035 0.0033 0.0399 0.0382
538 0.0092 0.0073 0.009 0.0138 9e-04 0.0018 0.0402 0.0436 0.0091 0.0072 0.0076 0.0123 9e-04 0.0021 0.0399 0.0434 0.0092 0.0071 0.0076 0.013 0.001 0.0021 0.04 0.0433
78 0.0071 0.0132 0.0054 0.0054 0.0012 0.0072 0.0377 0.0451 0.007 0.0129 0.0033 0.0039 0.0011 0.0068 0.0381 0.0449 0.0074 0.0129 0.0028 0.0031 0.0011 0.0069 0.0384 0.0448
508 0.0048 0.0157 0.0083 0.0136 5e-04 0.0024 0.0368 0.033 0.0048 0.0157 0.0086 0.0137 5e-04 0.0022 0.0367 0.0327 0.0048 0.0157 0.0088 0.0137 5e-04 0.0022 0.0366 0.0326
198 0.0321 0.0362 0.0044 0.0061 0.0113 0.0188 0.0427 0.0423 0.0318 0.0363 0.0045 0.0064 0.0097 0.0182 0.0424 0.0429 0.0318 0.0363 0.0045 0.0063 0.0094 0.0176 0.0424 0.0428
418 0.0373 0.0031 8e-04 2e-04 0.0024 0.0055 0.0395 0.0321 0.0366 0.0032 8e-04 2e-04 0.0033 0.0065 0.039 0.0321 0.0366 0.0032 8e-04 2e-04 0.0035 0.0069 0.0391 0.0323
18 0.0033 0.002 0.0035 0.0034 0.0322 0.0338 0.0402 0.0408 0.0031 0.0018 0.0037 0.004 0.0259 0.0279 0.0403 0.0407 0.0031 0.0018 0.0033 0.0039 0.0252 0.0272 0.0403 0.0406
548 0.0032 0.014 0.0079 0.009 0.0024 0.0035 0.0438 0.0351 0.0031 0.014 0.0066 0.0071 0.0023 0.0033 0.0438 0.035 0.003 0.0141 0.0062 0.0066 0.0023 0.0034 0.0437 0.0351
108 0.0203 0.0138 0.002 0.0017 0.0255 0.0292 0.0441 0.0419 0.0204 0.0137 0.0032 0.0028 0.0286 0.0322 0.044 0.0419 0.0204 0.0137 0.0035 0.0031 0.0301 0.0337 0.044 0.0419
278 0.0602 0.0851 0.0154 0.0192 0.0116 0.014 0.0433 0.0445 0.0607 0.0843 0.0163 0.0203 0.0114 0.014 0.043 0.0447 0.0606 0.0841 0.0166 0.0226 0.0114 0.0141 0.0433 0.0447
308 0.0061 0.0051 0.0045 0.0051 0.012 0.014 0.0459 0.0361 0.0062 0.0051 0.004 0.0045 0.0103 0.0123 0.0458 0.0362 0.0062 0.005 0.0039 0.0043 0.01 0.012 0.0457 0.0361
298 0.0169 0.0474 0.0096 0.0093 0.0072 0.0085 0.0342 0.0449 0.0168 0.0473 0.0095 0.0092 0.0059 0.0073 0.034 0.0446 0.0168 0.0473 0.0096 0.0093 0.0058 0.0071 0.034 0.0446
158 0.0944 0.0914 0.0055 0.0072 0.0048 0.0053 0.0436 0.0386 0.0938 0.0917 0.0048 0.0063 0.0059 0.0062 0.0434 0.0387 0.0937 0.0918 0.0047 0.0062 0.006 0.0064 0.0434 0.0388
348 0.0141 0.0022 0.0018 0.0017 7e-04 0.0047 0.0419 0.0413 0.0144 0.0023 0.0019 0.0024 4e-04 0.0051 0.0423 0.0411 0.0144 0.0022 0.0019 0.0026 4e-04 0.0049 0.0423 0.0413
68 0.0062 0.0282 0.0064 0.0084 0.006 0.0083 0.0395 0.0342 0.0062 0.0283 0.0041 0.0062 0.0058 0.0082 0.0396 0.0341 0.0062 0.0283 0.0037 0.006 0.0056 0.0081 0.0396 0.034
338 0.0053 0.0509 0.0024 0.0026 0.0024 0.0041 0.0344 0.0501 0.0052 0.0509 0.0026 0.003 0.0019 0.0031 0.0343 0.05 0.0052 0.0508 0.0027 0.0031 0.0018 0.003 0.0343 0.0499
458 0.0556 0.0564 0.0138 0.0141 0.0011 0.0031 0.0384 0.0416 0.0555 0.0565 0.0137 0.0144 0.0011 0.003 0.0387 0.0418 0.0555 0.0565 0.0138 0.0145 0.0011 0.003 0.0387 0.0419
238 0.0048 0.032 0.0351 0.0357 0.0156 0.019 0.0469 0.04 0.0049 0.0319 0.0338 0.0346 0.0184 0.0217 0.0472 0.0399 0.0049 0.0319 0.0338 0.0347 0.0188 0.022 0.0473 0.0399
118 0.0246 0.037 0.0177 0.0214 0.0025 0.0042 0.0388 0.0479 0.0243 0.0368 0.0193 0.0236 0.0024 0.0042 0.039 0.0481 0.0243 0.0368 0.0195 0.0238 0.0024 0.0042 0.039 0.048
48 0.0276 0.0242 0.0016 0.0022 0.0053 0.0054 0.0406 0.0313 0.0271 0.024 0.002 0.0036 0.0062 0.0064 0.0403 0.0315 0.0271 0.0238 0.0021 0.0026 0.0063 0.0067 0.0403 0.0315
378 0.027 0.0397 7e-04 0.0044 0.0019 0.0016 0.0443 0.0373 0.027 0.0395 7e-04 0.0043 0.0019 0.0015 0.0441 0.037 0.0271 0.0394 8e-04 0.0045 0.0019 0.0015 0.0442 0.0369
258 0.0155 0.0117 0.0594 0.0593 0.003 0.0037 0.041 0.0402 0.0155 0.0114 0.0576 0.0577 0.0036 0.0044 0.0411 0.0401 0.0156 0.0115 0.0575 0.0576 0.0039 0.0047 0.0412 0.0402
268 0.0122 0.0405 0.0024 0.0023 0.003 0.0034 0.0436 0.0447 0.0123 0.0401 0.0019 0.0017 0.0027 0.0031 0.0435 0.0445 0.0123 0.0399 0.0017 0.0015 0.0025 0.0031 0.0435 0.0446
178 0.0111 0.0148 0.0057 0.007 0.0021 0.0011 0.0378 0.0401 0.0111 0.0147 0.0051 0.0062 0.0021 0.001 0.0378 0.0401 0.0112 0.0147 0.0049 0.0062 0.0022 0.001 0.0379 0.0401
288 0.0155 0.0019 0.0018 0.0038 0.0023 0.0041 0.0363 0.0297 0.0155 0.002 0.0018 0.0039 0.0021 0.0042 0.0364 0.0298 0.0156 0.002 0.0019 0.004 0.0021 0.0042 0.0364 0.0298
188 0.0152 0.0235 0.0066 0.0081 0.0113 0.0118 0.0406 0.0325 0.0151 0.0237 0.006 0.0086 0.011 0.0114 0.0409 0.0325 0.0152 0.0236 0.006 0.0074 0.0109 0.0113 0.0407 0.0325
138 0.0469 0.0112 0.0179 0.0184 0.0152 0.0158 0.038 0.0394 0.0469 0.0111 0.0172 0.0178 0.0143 0.0148 0.0381 0.0392 0.047 0.0114 0.0166 0.0169 0.0142 0.0147 0.0377 0.0392
168 0.0087 0.0226 7e-04 4e-04 0.0024 0.0044 0.0442 0.0489 0.0088 0.0228 7e-04 3e-04 0.0024 0.0046 0.0446 0.0488 0.0089 0.0228 0.0012 8e-04 0.0024 0.0044 0.045 0.0486
28 0.0108 0.0022 0.0047 0.0044 0.001 0.0014 0.0447 0.0401 0.0111 0.002 0.0028 0.0026 0.0013 0.0017 0.0451 0.0396 0.0111 0.002 0.0025 0.0023 0.0014 0.0018 0.0451 0.0396
208 0.0187 0.0609 0.0011 0.0022 0.0025 9e-04 0.047 0.0402 0.0189 0.0609 0.001 0.0021 0.0026 0.001 0.0477 0.0404 0.019 0.0609 0.0011 0.0027 0.0026 0.001 0.0481 0.0405
38 0.0139 0.0032 7e-04 0.001 0.0074 0.0133 0.0425 0.0389 0.0138 0.0032 6e-04 0.0011 0.007 0.0142 0.0422 0.0395 0.0138 0.0031 6e-04 0.0012 0.0068 0.0134 0.0422 0.0393
328 0.0081 0.0035 0.0042 0.005 4e-04 8e-04 0.0365 0.0343 0.0081 0.0036 0.0043 0.0049 5e-04 9e-04 0.0363 0.0343 0.0082 0.0036 0.0068 0.0063 6e-04 9e-04 0.0377 0.0343
369 0.0209 0.0148 0.0302 0.0306 0.0022 0.0028 0.0394 0.0364 0.0207 0.0145 0.0312 0.0316 0.0021 0.0024 0.0392 0.0362 0.0206 0.0145 0.0305 0.0309 0.0021 0.0024 0.0392 0.0361
448 0.0028 0.0143 0.0129 0.0121 0.008 0.0114 0.0315 0.0339 0.0028 0.0143 0.0159 0.015 0.008 0.011 0.0318 0.0336 0.0028 0.0144 0.0163 0.0154 0.008 0.0109 0.0318 0.0335
8 0.0053 0.0049 1e-04 0.0015 0.001 0.0023 0.0367 0.0405 0.0053 0.0047 1e-04 0.0016 0.0012 0.0023 0.0368 0.0403 0.0053 0.0049 1e-04 0.0013 0.0013 0.0022 0.0366 0.0405
408 0.0132 0.0137 0.0066 0.0119 0.0125 0.0136 0.0362 0.0473 0.0133 0.0138 0.0078 0.0139 0.0148 0.0161 0.0365 0.0474 0.0133 0.0138 0.008 0.0142 0.0154 0.0167 0.0365 0.0475
359 0.0149 0.0037 4e-04 0.0014 0.0012 0.0033 0.0389 0.042 0.015 0.0036 2e-04 0.0016 0.0012 0.0034 0.0391 0.042 0.015 0.0036 2e-04 0.0016 0.0011 0.0035 0.039 0.0421
428 0.0023 0.0077 0.0029 0.0032 0.0034 0.005 0.04 0.0527 0.0022 0.0076 0.0036 0.004 0.0033 0.0048 0.04 0.0528 0.0021 0.0075 0.004 0.0043 0.0033 0.0047 0.0398 0.0526
229 0.006 0.0057 0.0022 0.0106 0.0064 0.0064 0.0423 0.0426 0.0059 0.0059 0.0025 0.0114 0.0067 0.0067 0.0424 0.0427 0.0064 0.0058 0.0024 0.0098 0.0068 0.0067 0.0422 0.0427
518 0.004 0.0111 0.007 0.0089 4e-04 9e-04 0.0423 0.0404 0.004 0.0109 0.0066 0.0081 3e-04 9e-04 0.0422 0.0402 0.004 0.0108 0.0066 0.0082 4e-04 9e-04 0.0423 0.0402
98 0.0114 0.0118 0.0036 0.0056 0.0077 0.0105 0.0443 0.0424 0.0114 0.012 0.0026 0.0059 0.0065 0.0091 0.0449 0.0427 0.0113 0.012 0.0023 0.0046 0.0063 0.009 0.0444 0.043
218 0.0088 0.0011 0.0023 0.0027 9e-04 0.0028 0.0464 0.0349 0.0088 0.0012 0.0019 0.0024 6e-04 0.0024 0.0465 0.0349 0.0088 0.0012 0.002 0.0022 6e-04 0.0026 0.0465 0.0349
529 0.005 0.0174 0.0168 0.0174 0.0016 0.0014 0.0354 0.0453 0.005 0.0174 0.0167 0.0173 0.0017 0.0013 0.0355 0.0454 0.005 0.0174 0.0167 0.0173 0.0017 0.0013 0.0355 0.0455
438 0.0242 0.0103 0.0036 0.008 0.0077 0.0083 0.052 0.0389 0.0236 0.0102 0.0027 0.0076 0.007 0.0083 0.0515 0.0385 0.0235 0.0102 0.0025 0.0073 0.0067 0.0081 0.0514 0.0384
79 0.0152 0.0632 0.003 0.0042 0.001 0.0024 0.0411 0.0365 0.0155 0.0638 0.0032 0.0044 0.0011 0.0025 0.0417 0.0364 0.0156 0.0636 0.0032 0.0045 0.0012 0.0026 0.042 0.0367
248 0.0121 0.0066 0.0046 0.0046 0.0065 0.0116 0.0391 0.0364 0.0119 0.0066 0.0056 0.0055 0.0056 0.0098 0.0386 0.0363 0.0119 0.0066 0.0057 0.0057 0.0056 0.0095 0.0386 0.0362
159 0.0013 0.0465 0.0111 0.0114 0.0045 0.0077 0.0374 0.0384 0.0013 0.0466 0.016 0.017 0.0047 0.008 0.038 0.0383 0.0013 0.0466 0.017 0.0177 0.0047 0.0081 0.0376 0.0384
329 0.0088 0.0792 0.0212 0.024 0.0062 0.0106 0.0467 0.0391 0.0089 0.0789 0.0225 0.0262 0.0048 0.0085 0.0474 0.0388 0.0089 0.0799 0.0226 0.0264 0.0047 0.0083 0.0475 0.0392
309 0.0173 0.0096 0.0037 0.0071 0.0018 0.0035 0.0475 0.0431 0.0171 0.0098 0.0046 0.0077 0.0016 0.0036 0.0475 0.0428 0.0171 0.0098 0.0046 0.0078 0.0016 0.0036 0.0476 0.0428
509 0.0135 0.0127 0.0034 0.0032 8e-04 0.0033 0.0424 0.0396 0.013 0.0128 0.0037 0.0035 7e-04 0.003 0.042 0.0394 0.0129 0.0129 0.0036 0.0033 7e-04 0.0027 0.0418 0.0393
399 0.0482 0.0265 0.007 0.0127 0.0049 0.009 0.0411 0.0393 0.0478 0.026 0.0056 0.0112 0.0054 0.0092 0.0402 0.0393 0.0476 0.0259 0.0049 0.0103 0.0061 0.0097 0.0399 0.0393
469 0.0237 0.0029 0.0076 0.0079 0.0025 0.0022 0.0413 0.0448 0.0236 0.0029 0.0077 0.0081 0.0017 0.001 0.041 0.0444 0.0235 0.0029 0.0065 0.0072 0.0015 8e-04 0.0407 0.0444
479 0.0177 0.0172 0.0048 0.0051 0.0047 0.0072 0.043 0.0361 0.0175 0.0171 0.0033 0.0035 0.0027 0.0053 0.0429 0.036 0.0175 0.0172 0.0033 0.0035 0.0024 0.0047 0.0433 0.0358
499 0.0043 0.0097 0.0095 0.0129 9e-04 0.0023 0.0461 0.0355 0.0042 0.0097 0.008 0.0117 0.0012 0.0027 0.0463 0.0354 0.0041 0.0097 0.007 0.0106 0.0012 0.0028 0.0462 0.0354
69 0.0174 0.044 0.0122 0.0142 0.003 0.0049 0.0451 0.0355 0.0172 0.0434 0.0142 0.0162 0.0021 0.004 0.0452 0.035 0.0172 0.0433 0.0146 0.0165 0.002 0.0041 0.0453 0.035
299 0.005 0.0303 0.0111 0.0113 0.0013 0.0018 0.0387 0.0381 0.0046 0.0302 0.0116 0.0117 0.0012 0.0018 0.0383 0.038 0.0046 0.0302 0.0117 0.0118 0.0013 0.0019 0.0383 0.0382
149 0.024 0.0162 4e-04 6e-04 4e-04 0.0041 0.0412 0.0323 0.0242 0.0163 5e-04 7e-04 5e-04 0.0044 0.0415 0.0326 0.0242 0.0162 5e-04 8e-04 5e-04 0.0046 0.0416 0.0326
128 0.0078 0.0242 0.0039 0.0049 0.0098 0.0104 0.0352 0.0375 0.008 0.0241 0.0048 0.0058 0.01 0.0109 0.0354 0.0373 0.0079 0.0243 0.005 0.0062 0.0099 0.0111 0.0354 0.0376
269 0.0192 0.0138 0.0018 0.003 0.0148 0.017 0.0399 0.0362 0.0193 0.0138 0.0015 0.0029 0.0127 0.0148 0.0397 0.0362 0.0194 0.0138 0.0015 0.003 0.0121 0.0142 0.0397 0.0362
49 0.0025 0.0435 0.0212 0.0224 0.0024 0.0059 0.0482 0.0473 0.0025 0.0434 0.0245 0.0255 0.001 0.0043 0.0485 0.047 0.0024 0.0434 0.0255 0.0265 9e-04 0.004 0.0486 0.047
59 0.0198 0.0162 0.0026 0.0031 0.0173 0.0182 0.0492 0.0434 0.0197 0.0165 0.003 0.0034 0.0178 0.0184 0.049 0.0436 0.0198 0.0165 0.0029 0.0034 0.018 0.0185 0.0489 0.0437
339 0.0035 0.0054 4e-04 0.0025 0.0012 0.0036 0.0423 0.0424 0.0034 0.0055 4e-04 0.0025 0.0015 0.0038 0.0422 0.0428 0.0033 0.0056 3e-04 0.003 0.0017 0.004 0.0422 0.0428
109 0.0024 0.0224 0.0033 0.0044 0.0187 0.0239 0.0439 0.0446 0.0024 0.0224 0.0026 0.0038 0.0224 0.0282 0.0439 0.0449 0.0024 0.0224 0.0026 0.0038 0.0231 0.029 0.0439 0.0449
409 0.0098 0.0093 0.0052 0.0103 0.0031 0.0041 0.0562 0.042 0.0096 0.0091 0.0048 0.0094 0.0033 0.0044 0.0555 0.0423 0.0095 0.0091 0.0048 0.0105 0.0033 0.0044 0.056 0.0423
89 0.0356 0.0454 0.0012 0.0027 0.001 0.0011 0.0414 0.0401 0.0355 0.0458 0.002 0.0034 9e-04 0.0013 0.0413 0.0398 0.0355 0.0458 0.0023 0.0037 9e-04 0.0014 0.0413 0.0399
279 0.0115 0.0148 0.0019 0.0041 0.0012 0.0054 0.0358 0.0444 0.0114 0.0147 0.0011 0.0032 0.0012 0.0054 0.0356 0.0442 0.0113 0.0147 8e-04 0.0037 0.0011 0.0048 0.0356 0.0438
319 0.0045 0.0078 0.0101 0.0116 0.0014 0.0022 0.0425 0.0406 0.0044 0.0077 0.0086 0.0104 0.0014 0.0023 0.0424 0.0406 0.0044 0.0077 0.0084 0.0107 0.0015 0.0026 0.0426 0.0408
429 0.0097 0.0115 0.0054 0.0071 8e-04 0.0027 0.0408 0.0399 0.01 0.0116 0.0059 0.0069 9e-04 0.002 0.0414 0.0397 0.01 0.0116 0.0058 0.0069 0.001 0.0026 0.0412 0.0402
389 0.0024 0.016 2e-04 0.0013 0.0045 0.0078 0.0368 0.0447 0.0023 0.0159 3e-04 0.0014 0.0039 0.0071 0.0367 0.0444 0.0022 0.016 4e-04 0.0017 0.0033 0.0058 0.0365 0.0442
29 0.0019 0.0102 0.0058 0.0058 0.0044 0.0063 0.0441 0.0386 0.0019 0.0104 0.0058 0.0058 0.0042 0.0064 0.044 0.0387 0.0019 0.0104 0.006 0.006 0.0041 0.0063 0.044 0.0388
489 0.0223 0.0099 0.0017 0.0022 0.0083 0.01 0.0421 0.0368 0.0223 0.0099 0.0013 0.0018 0.0095 0.011 0.0421 0.0365 0.0223 0.0099 0.0012 0.0017 0.0092 0.0106 0.0421 0.0366
209 0.0044 0.006 0.0056 0.0053 0.0022 0.0029 0.0489 0.0437 0.0043 0.006 0.007 0.0066 0.0018 0.0025 0.0489 0.0434 0.0043 0.0059 0.0078 0.0075 0.0018 0.003 0.049 0.0437
119 0.0073 0.0033 0.0138 0.0164 0.0028 0.0065 0.0388 0.0384 0.0073 0.0032 0.013 0.0159 0.0018 0.0054 0.0389 0.0383 0.0073 0.0032 0.013 0.0153 0.0016 0.0053 0.0387 0.0383
530 0.0212 0.0113 0.0018 0.0091 0.0012 0.0028 0.0526 0.0442 0.0215 0.0114 0.002 0.0095 0.0012 0.0029 0.0532 0.0443 0.0214 0.0115 0.0018 0.0082 0.0012 0.0029 0.0526 0.0442
199 0.0118 0.0665 0.0142 0.014 0.0043 0.0032 0.0418 0.0392 0.0117 0.0664 0.0129 0.0127 0.003 0.002 0.0418 0.0387 0.0116 0.0664 0.0128 0.0126 0.0028 0.0019 0.0418 0.0386
289 0.0015 0.0036 0.0171 0.017 0.0075 0.0087 0.0375 0.0364 0.0015 0.0037 0.0155 0.0152 0.008 0.0089 0.0375 0.0365 0.0015 0.0037 0.0146 0.0144 0.0081 0.0089 0.0376 0.0366
179 0.0158 0.0143 0.0016 0.0021 0.0045 0.0069 0.039 0.0389 0.0158 0.0143 0.0013 0.0016 0.0039 0.0064 0.0391 0.0388 0.0158 0.0143 0.0012 0.0021 0.0039 0.0064 0.0391 0.0388
259 0.008 0.0269 0.004 0.0052 5e-04 0.0021 0.0434 0.0418 0.0082 0.0271 0.0037 0.0048 5e-04 0.0022 0.0435 0.0419 0.0082 0.0272 0.004 0.0041 5e-04 0.0023 0.0439 0.0418
349 0.0084 0.0268 0.0075 0.0074 0.0166 0.0179 0.05 0.0362 0.0085 0.0269 0.0089 0.009 0.0147 0.0159 0.05 0.0363 0.0084 0.0269 0.0091 0.0093 0.0145 0.0158 0.0501 0.0363
459 0.0045 0.0152 0.0176 0.0249 9e-04 0.0011 0.031 0.0355 0.0045 0.0152 0.0155 0.0228 0.0018 0.002 0.031 0.0355 0.0045 0.0152 0.0156 0.0228 0.0023 0.0026 0.031 0.0356
139 0.0302 0.0316 1e-04 0.0023 0.0094 0.0094 0.0471 0.0316 0.0302 0.0316 1e-04 0.0024 0.0113 0.0115 0.0469 0.0317 0.0302 0.0316 1e-04 0.0024 0.0116 0.0117 0.0469 0.0317
160 0.0071 0.0153 0.0049 0.0085 0.0426 0.0444 0.0378 0.0438 0.007 0.0153 0.0051 0.0118 0.0378 0.0395 0.0387 0.0439 0.0071 0.0153 0.0046 0.0088 0.0365 0.0383 0.038 0.0439
9 0.0016 0.0508 0.0054 0.0088 0.0203 0.0202 0.043 0.0412 0.0016 0.0506 0.0034 0.0067 0.0157 0.0155 0.0428 0.0411 0.0016 0.0506 0.0033 0.0066 0.0149 0.0147 0.0428 0.0411
189 0.0127 0.0099 0.0015 0.0027 0.005 0.0087 0.0468 0.0375 0.0128 0.0097 0.0011 0.0021 0.0039 0.0086 0.0467 0.0376 0.0129 0.0096 0.0011 0.002 0.0036 0.0083 0.0468 0.0374
419 0.0064 0.0208 1e-04 5e-04 0.0104 0.0171 0.0496 0.0566 0.0063 0.0209 4e-04 9e-04 0.0115 0.0184 0.0501 0.0571 0.0063 0.0209 4e-04 9e-04 0.0115 0.0183 0.0501 0.0571
449 0.0175 0.1127 0.0018 0.0039 0.014 0.0141 0.0461 0.0343 0.0173 0.1119 0.0024 0.004 0.0149 0.015 0.0459 0.034 0.0175 0.1118 0.0024 0.0043 0.0151 0.0153 0.046 0.0341
19 0.003 0.0066 0.0071 0.0076 8e-04 0.0014 0.0421 0.0409 0.0028 0.0066 0.0069 0.0072 6e-04 0.0012 0.0418 0.0408 0.0028 0.0058 0.0069 0.0073 0.0017 0.461 0.0419 0.3538
519 0.0016 0.0068 0.0092 0.0098 0.0018 0.0016 0.038 0.0412 0.0015 0.0068 0.008 0.0084 0.002 0.0018 0.0377 0.0408 0.0015 0.0068 0.0076 0.008 0.002 0.0018 0.0377 0.0408
39 0.0047 0.0112 0.0027 0.0043 0.0022 0.0082 0.0424 0.0395 0.0047 0.011 0.0022 0.0038 0.0026 0.0084 0.0424 0.0392 0.0047 0.0109 0.0022 0.0037 0.0027 0.0085 0.0424 0.0392
549 0.0509 0.007 3e-04 0.0013 0.0025 0.0037 0.0503 0.04 0.0513 0.0067 2e-04 0.0013 0.0021 0.0037 0.0505 0.0391 0.051 0.0067 3e-04 0.0014 0.0021 0.0038 0.0504 0.0392
539 0.0048 0.0316 0.0051 0.0067 0.0011 0.0044 0.0442 0.0324 0.0047 0.0313 0.0053 0.0073 9e-04 0.0043 0.0444 0.0328 0.0048 0.0315 0.0063 0.0091 8e-04 0.004 0.0454 0.0327
249 0.023 0.0174 0.0096 0.0089 5e-04 0.0017 0.0462 0.044 0.0231 0.0174 0.0087 0.0081 5e-04 0.002 0.0463 0.044 0.023 0.0174 0.0081 0.0074 4e-04 0.002 0.0457 0.0439
360 0.0149 0.0323 0.0026 0.0039 0.0045 0.0057 0.0412 0.0438 0.0148 0.0324 0.0032 0.0043 0.0034 0.0044 0.0409 0.0438 0.0148 0.0323 0.0038 0.0046 0.0031 0.0041 0.0409 0.0441
379 0.0255 0.0095 9e-04 0.0011 0.0342 0.0407 0.038 0.0422 0.0256 0.0096 9e-04 0.001 0.0325 0.039 0.038 0.0422 0.0257 0.0097 0.001 8e-04 0.031 0.0375 0.0383 0.0422
30 0.0111 0.1158 0.0398 0.0409 0.001 0.0011 0.0394 0.0373 0.0112 0.1163 0.0389 0.0403 0.0011 0.0014 0.0395 0.0376 0.0111 0.1163 0.0388 0.0402 0.0011 0.0013 0.0395 0.0377
230 0.003 0.028 0.0026 0.0044 7e-04 0.0014 0.0406 0.0376 0.003 0.0282 0.0026 0.0043 8e-04 0.0017 0.0407 0.0381 0.0031 0.0282 0.0026 0.0043 8e-04 0.0018 0.0408 0.0381
370 0.0074 0.0569 0.0029 0.003 0.0061 0.0076 0.0393 0.0342 0.0076 0.057 0.0028 0.0029 0.0062 0.0077 0.0394 0.0342 0.0076 0.057 0.0028 0.003 0.0064 0.0077 0.0394 0.0341
239 0.0133 0.0221 7e-04 0.0037 0.0244 0.0262 0.0459 0.0402 0.0131 0.0219 7e-04 0.0033 0.0219 0.0239 0.0453 0.0405 0.0131 0.022 7e-04 0.0034 0.0213 0.0233 0.0454 0.0406
219 0.0033 0.0043 0.0061 0.0079 9e-04 0.0047 0.0425 0.0414 0.0027 0.0044 0.0067 0.0087 9e-04 0.004 0.0419 0.0411 0.0028 0.0044 0.0066 0.0082 8e-04 0.004 0.0419 0.0411
330 0.0019 0.0105 0.0011 0.0019 0.0162 0.0171 0.0379 0.0367 0.0019 0.0103 0.0012 0.0019 0.0188 0.0194 0.038 0.0367 0.0019 0.0102 0.0011 0.0018 0.0197 0.0205 0.0377 0.0366
169 0.0141 0.0376 0.0097 0.0121 6e-04 0.0014 0.0465 0.0403 0.014 0.0375 0.0092 0.0116 6e-04 0.0015 0.0464 0.0402 0.014 0.0375 0.009 0.0114 7e-04 0.0016 0.0464 0.0402
80 0.0079 0.0207 0.0034 0.0053 0.0048 0.0054 0.037 0.0365 0.0079 0.021 0.0044 0.006 0.0043 0.005 0.0367 0.0365 0.0078 0.0209 0.0046 0.0064 0.0037 0.0041 0.0367 0.0362
99 0.0035 0.0052 0.0103 0.0104 0.0027 0.0046 0.0474 0.0463 0.0037 0.0051 0.011 0.0112 0.0023 0.0042 0.0474 0.046 0.0037 0.0051 0.0111 0.0113 0.0022 0.0041 0.0474 0.0459
439 0.0049 0.0088 0.0124 0.013 0.0069 0.0066 0.0331 0.0465 0.0048 0.0085 0.0137 0.0148 0.006 0.006 0.033 0.0459 0.0047 0.0084 0.0135 0.015 0.006 0.0059 0.033 0.0459
110 0.0036 0.0141 9e-04 0.0035 0.0096 0.0114 0.0408 0.0348 0.0035 0.0141 0.001 0.0035 0.0082 0.0099 0.0409 0.0345 0.0035 0.0142 0.001 0.0036 0.0079 0.0095 0.0408 0.0343
340 0.016 0.0086 6e-04 0.0037 0.0065 0.0089 0.043 0.0459 0.016 0.0084 6e-04 0.0031 0.0078 0.0101 0.0427 0.0458 0.0161 0.0083 6e-04 0.0027 0.0079 0.0102 0.0426 0.0457
320 0.0145 0.0227 0.0312 0.0325 0.0014 0.0023 0.0369 0.0427 0.0145 0.0229 0.0318 0.0331 7e-04 0.0013 0.0367 0.0424 0.0145 0.0229 0.0322 0.0334 7e-04 0.0012 0.0366 0.0425
410 0.0014 0.0124 0.0165 0.0192 0.001 0.0022 0.0397 0.0401 0.0013 0.0126 0.0148 0.0177 0.001 0.0029 0.04 0.0402 0.0014 0.0126 0.0145 0.0177 0.001 0.0033 0.0402 0.0404
500 0.0326 0.0099 0.0018 0.0032 0.0018 0.0031 0.04 0.0352 0.0328 0.0098 0.0013 0.0024 0.0012 0.0027 0.0403 0.0349 0.0329 0.0097 0.0012 0.0022 0.0011 0.0026 0.0404 0.0348
260 0.0071 0.0017 0.0064 0.0082 0.0139 0.0147 0.0378 0.0354 0.007 0.0016 0.0071 0.009 0.0135 0.0143 0.0377 0.0353 0.007 0.0015 0.0072 0.0091 0.0133 0.0142 0.0377 0.0353
270 0.0211 0.0012 1e-04 0.0046 0.0019 0.0047 0.0348 0.0346 0.0209 0.0013 1e-04 0.0041 0.0019 0.0044 0.0345 0.0344 0.021 0.0013 2e-04 0.0038 0.0019 0.0044 0.0345 0.0344
510 0.0196 0.0173 0.0407 0.0406 0.0016 0.0026 0.0446 0.0344 0.0194 0.0174 0.0479 0.048 0.0021 0.0032 0.0449 0.0344 0.0194 0.0174 0.0486 0.0487 0.0022 0.0034 0.0449 0.0347
150 0.0037 0.02 0.0051 0.0034 0.0017 0.0061 0.0565 0.0397 0.0036 0.0202 0.0069 0.0054 0.0016 0.006 0.0565 0.0397 0.0037 0.0202 0.0084 0.0071 0.0016 0.0056 0.0567 0.0397
480 0.0015 0.0015 0.0509 0.0519 0.0021 0.003 0.0367 0.031 0.0016 0.0015 0.0443 0.0453 0.0033 0.004 0.0368 0.0309 0.0017 0.0015 0.0436 0.0446 0.0035 0.0042 0.0368 0.0309
390 0.006 0.0047 0.0061 0.0104 0.0015 0.0012 0.0409 0.0387 0.006 0.0047 0.0044 0.0086 0.0012 0.001 0.0404 0.0386 0.0059 0.0047 0.0043 0.0086 0.0012 0.001 0.0403 0.0386
430 0.0101 0.0045 7e-04 0.0017 0.0064 0.0089 0.0399 0.036 0.0102 0.0045 6e-04 0.0015 0.0061 0.0089 0.0397 0.036 0.0102 0.0045 5e-04 0.0013 0.0058 0.0087 0.0396 0.0361
10 0.0016 0.0314 0.0171 0.0184 0.0025 0.0063 0.0419 0.0364 0.0016 0.0312 0.0155 0.0159 0.0021 0.0073 0.0417 0.0364 0.0016 0.0312 0.0151 0.0156 0.002 0.0071 0.0417 0.0363
400 0.0097 0.0111 3e-04 0.0028 0.0089 0.0111 0.0388 0.0411 0.0095 0.011 3e-04 0.0028 0.0109 0.013 0.0385 0.041 0.0095 0.0109 3e-04 0.0028 0.0113 0.0133 0.0384 0.0408
120 0.021 0.0348 0.0018 0.0024 0.0031 0.007 0.0364 0.0369 0.0212 0.0347 0.0015 0.0021 0.0027 0.0069 0.0366 0.0369 0.0206 0.0348 0.0022 0.0038 0.0026 0.0067 0.0382 0.0366
450 0.0181 0.0623 0.0179 0.0194 0.0017 0.0014 0.0432 0.0436 0.018 0.0628 0.0148 0.0164 0.0017 0.0013 0.0432 0.0444 0.018 0.0628 0.014 0.0155 0.002 0.0016 0.0431 0.0444
520 0.0108 0.016 0.0011 0.0022 0.0039 0.0047 0.0403 0.0397 0.011 0.0161 0.0012 0.0024 0.0048 0.0051 0.0407 0.0393 0.011 0.0161 0.0012 0.0021 0.005 0.0053 0.0405 0.0394
310 0.029 0.0471 0.0018 0.0046 0.0016 0.0051 0.0367 0.037 0.029 0.0474 0.0014 0.0046 0.002 0.006 0.0369 0.0375 0.0289 0.0475 0.0013 0.0049 0.002 0.0062 0.0371 0.0377
90 0.0243 0.0071 7e-04 8e-04 0.0015 0.0075 0.0357 0.0418 0.0245 0.0069 7e-04 9e-04 0.0013 0.0075 0.0358 0.0414 0.0245 0.0068 7e-04 9e-04 0.0012 0.0076 0.0358 0.0413
350 0.0107 0.0246 6e-04 0.0014 0.0024 0.0108 0.0441 0.041 0.0107 0.0244 3e-04 0.0011 0.002 0.01 0.0441 0.0405 0.0107 0.0244 3e-04 0.001 0.002 0.01 0.0441 0.0405
470 0.029 0.0545 3e-04 6e-04 8e-04 0.0014 0.0383 0.043 0.0286 0.0545 2e-04 6e-04 8e-04 0.0011 0.038 0.043 0.0285 0.0545 2e-04 8e-04 8e-04 0.0011 0.038 0.043
129 0.0102 0.0116 0.0271 0.0267 0.0024 0.0058 0.0453 0.0428 0.01 0.0118 0.0259 0.0256 0.0023 0.0053 0.0452 0.0427 0.0099 0.0119 0.0258 0.0255 0.0022 0.0053 0.0451 0.0427
210 0.0138 0.0027 8e-04 0.0035 7e-04 0.0029 0.0386 0.0401 0.0139 0.0027 9e-04 0.0033 7e-04 0.0024 0.0386 0.0398 0.0139 0.0026 9e-04 0.0032 7e-04 0.0024 0.0385 0.0398
140 0.0262 0.0069 0.001 0.0031 0.0011 0.0044 0.0383 0.0387 0.0263 0.0068 0.0024 0.0045 0.0013 0.0045 0.0384 0.0387 0.0264 0.0069 0.0026 0.005 0.0014 0.0047 0.0384 0.0388
220 0.0221 0.0025 0.0027 0.0071 0.0184 0.0246 0.0416 0.0416 0.0219 0.0025 0.0026 0.0069 0.0189 0.0248 0.0413 0.0416 0.0219 0.003 0.0027 0.0072 0.0187 0.0245 0.0415 0.0419
40 0.0396 0.0285 0.0012 0.004 0.0042 0.0052 0.0421 0.0397 0.0393 0.0289 0.0014 0.0044 0.0043 0.0052 0.0418 0.0399 0.0395 0.0286 0.0014 0.0043 0.0043 0.0052 0.0418 0.0398
460 0.0087 0.0055 0.014 0.0142 0.0024 0.0021 0.0388 0.039 0.0086 0.0056 0.0122 0.0124 0.0024 0.0021 0.0389 0.0389 0.0086 0.0056 0.0118 0.0119 0.0025 0.0021 0.039 0.0389
50 0.002 0.0115 0.0015 0.0043 0.0056 0.0084 0.037 0.0372 0.0023 0.0115 0.0031 0.0062 0.0047 0.0072 0.0375 0.037 0.0025 0.0115 0.0036 0.0065 0.0046 0.0078 0.0378 0.0372
180 0.0164 0.0016 0.0015 0.0059 0.0069 0.0149 0.0383 0.0372 0.0165 0.0014 0.0024 0.0069 0.0047 0.0121 0.0384 0.037 0.0164 0.0013 0.0025 0.0074 0.0044 0.0117 0.0385 0.037
280 0.0286 0.0146 5e-04 0.0155 0.0151 0.0169 0.0407 0.0422 0.0287 0.0145 3e-04 0.0141 0.0117 0.0138 0.0403 0.0422 0.0291 0.0145 3e-04 0.0165 0.0097 0.0119 0.0412 0.0421
70 0.0032 0.0171 0.0118 0.0112 0.007 0.0066 0.0412 0.0337 0.0029 0.0171 0.0105 0.0097 0.0077 0.0073 0.0407 0.0335 0.0028 0.0171 0.0102 0.0094 0.0082 0.0076 0.0406 0.0336
31 0.0097 0.0036 0.0076 0.0076 0.0018 0.0029 0.0436 0.0358 0.0097 0.0037 0.0089 0.009 0.0026 0.0035 0.0434 0.0356 0.0097 0.0037 0.0111 0.0113 0.0034 0.0044 0.0434 0.0356
190 0.0071 0.0038 0.0043 0.0037 0.0018 0.0029 0.045 0.038 0.0071 0.0037 0.0045 0.0038 0.0015 0.0027 0.0449 0.0377 0.0071 0.0037 0.0046 0.0039 0.0015 0.0027 0.0449 0.0377
161 0.0248 0.0576 0.0021 0.0019 0.0082 0.0097 0.042 0.0381 0.0244 0.0574 0.0019 0.0017 0.0072 0.0089 0.0415 0.0379 0.0243 0.0574 0.0021 0.0018 0.007 0.0088 0.0415 0.0379
300 0.0054 0.0132 0.0019 0.0042 0.0041 0.0068 0.0411 0.0411 0.0054 0.0132 0.0026 0.0043 0.0033 0.0062 0.0412 0.0406 0.0055 0.0132 0.0026 0.0049 0.0031 0.0061 0.0412 0.0406
170 0.0019 0.006 0.0026 0.0016 0.0023 0.0034 0.0389 0.0466 0.0019 0.006 0.0023 0.0012 0.0015 0.0026 0.0389 0.0466 0.0019 0.006 0.0022 0.0011 0.0014 0.0024 0.0388 0.0466
20 0.0026 0.0251 0.002 0.0023 0.003 0.0029 0.046 0.037 0.0028 0.025 0.0013 0.0016 0.0029 0.0029 0.0462 0.0367 0.0028 0.025 0.0012 0.0015 0.0029 0.0029 0.0462 0.0366
531 0.0061 0.0121 0.0015 0.0051 0.0014 0.0046 0.0395 0.0399 0.0061 0.012 0.0019 0.0062 0.0018 0.0052 0.04 0.0395 0.0061 0.012 0.0019 0.0064 0.002 0.0053 0.04 0.0394
200 0.0143 0.0346 0.0034 0.0063 0.0225 0.0239 0.0427 0.0412 0.0142 0.0347 0.0024 0.0041 0.0219 0.0233 0.0425 0.0413 0.0143 0.0346 0.0024 0.0059 0.0223 0.0237 0.0432 0.0412
420 0.0046 0.0195 0.0047 0.007 0.009 0.0103 0.0356 0.0432 0.0046 0.0196 0.0053 0.0069 0.0086 0.0097 0.0352 0.0433 0.0047 0.0196 0.0054 0.0071 0.0086 0.0097 0.0353 0.0434
361 0.0051 0.0083 0.0031 0.0034 0.0024 0.0025 0.0446 0.0444 0.005 0.0081 0.0026 0.0026 0.0041 0.0041 0.0442 0.044 0.0049 0.0081 0.0024 0.0024 0.0044 0.0043 0.0441 0.0439
261 0.0403 0.0024 0.005 0.0057 0.0092 0.0113 0.0333 0.039 0.0402 0.0022 0.0018 0.0026 0.007 0.0094 0.0334 0.0389 0.0401 0.0022 0.0012 0.002 0.0066 0.0092 0.0333 0.039
411 0.029 0.0256 0.0035 0.0085 0.0033 0.0058 0.0447 0.0381 0.029 0.0253 0.0042 0.0091 0.0025 0.0049 0.0445 0.0378 0.029 0.0253 0.0042 0.0093 0.0024 0.0047 0.0447 0.0377
290 0.0029 0.0086 1e-04 0.001 8e-04 0.0016 0.0317 0.0393 0.0028 0.0088 1e-04 7e-04 8e-04 0.0016 0.0315 0.0395 0.0029 0.0091 1e-04 9e-04 7e-04 0.0013 0.0315 0.0396
321 0.0186 0.0074 0.0027 0.0073 0.0051 0.0048 0.036 0.0364 0.0184 0.0072 0.0032 0.0081 0.0056 0.0052 0.0357 0.0362 0.0183 0.0071 0.0033 0.0085 0.0058 0.0055 0.0356 0.0363
121 0.0261 0.0294 0.0015 0.0032 0.0028 0.0043 0.0402 0.0407 0.026 0.0294 0.0021 0.0042 0.0024 0.0036 0.0408 0.0405 0.026 0.0295 0.0021 0.0043 0.0024 0.0036 0.0407 0.0404
231 0.0199 0.0235 0.001 0.0014 0.0016 0.0033 0.0323 0.0438 0.0196 0.0236 0.0012 0.0014 0.0013 0.0031 0.0321 0.0438 0.0195 0.0236 0.0013 0.0015 0.0012 0.0032 0.0321 0.0438
401 0.013 0.0081 0.0148 0.0206 0.002 0.0069 0.0486 0.035 0.013 0.0083 0.0122 0.0184 0.0017 0.0062 0.0487 0.0352 0.013 0.0083 0.0119 0.018 0.0017 0.0061 0.0487 0.0353
100 0.0029 0.0185 0.0018 0.005 0.0012 0.0028 0.0489 0.0394 0.0029 0.0187 0.0019 0.0037 0.0011 0.003 0.048 0.0395 0.0028 0.0188 0.002 0.0038 0.0011 0.0031 0.048 0.0396
451 0.0016 0.014 0.0029 0.0041 0.0124 0.0147 0.0448 0.0429 0.0016 0.0139 0.0032 0.0045 0.0114 0.0137 0.0449 0.0429 0.0017 0.0139 0.0033 0.0047 0.0115 0.0138 0.045 0.0429
250 0.0135 0.0027 0.0189 0.021 0.0032 0.0024 0.0361 0.0389 0.0134 0.0027 0.0204 0.0225 0.0036 0.0029 0.0362 0.039 0.0134 0.0028 0.0205 0.0232 0.0037 0.0029 0.0366 0.039
311 0.0087 0.0011 0.0033 0.0063 0.0011 0.0012 0.0363 0.0367 0.0089 0.0011 0.0046 0.0075 0.0013 0.0014 0.0362 0.0369 0.0094 0.0011 0.0047 0.0077 0.0014 0.0015 0.0368 0.037
490 0.0087 0.0045 0.0052 0.0057 0.0021 0.003 0.0371 0.0398 0.0087 0.0045 0.0041 0.0045 0.0025 0.0034 0.0369 0.04 0.0087 0.0045 0.0038 0.0042 0.0026 0.0035 0.0369 0.04
471 0.0069 0.0348 0.0045 0.004 0.001 0.0033 0.0444 0.0285 0.0067 0.0353 0.0038 0.003 0.0011 0.0032 0.0441 0.0285 0.0067 0.0354 0.0038 0.0028 0.0011 0.0032 0.0441 0.0285
481 0.0233 0.014 0.0077 0.008 8e-04 0.0013 0.0421 0.0343 0.0233 0.0142 0.0061 0.0063 0.001 0.0016 0.0421 0.0344 0.0233 0.0142 0.0056 0.0059 0.001 0.0017 0.0421 0.0344
511 0.0097 0.0022 0.003 0.0038 0.0041 0.0173 0.0424 0.0401 0.0097 0.0021 0.0029 0.0035 0.0042 0.0156 0.0426 0.0395 0.0097 0.0021 0.0029 0.0035 0.0041 0.0151 0.0426 0.0393
371 0.0032 0.0218 0.0054 0.0079 9e-04 0.0018 0.0383 0.0366 0.0032 0.022 0.0049 0.0078 7e-04 0.0014 0.0382 0.0366 0.0032 0.0221 0.0048 0.0077 6e-04 0.0014 0.0382 0.0366
341 0.0116 0.0072 6e-04 8e-04 0.0109 0.0123 0.0526 0.0458 0.0115 0.0071 6e-04 7e-04 0.0075 0.0087 0.0525 0.0454 0.0114 0.0071 7e-04 9e-04 0.0069 0.0083 0.0526 0.0454
271 0.0033 0.0179 0.0033 0.006 0.0011 0.001 0.0459 0.0422 0.0033 0.0177 0.0038 0.0066 0.0012 0.0011 0.0461 0.0422 0.0033 0.0176 0.0039 0.0068 0.0012 0.0012 0.0461 0.0421
111 0.0036 0.039 0.0032 0.0074 0.0018 0.0026 0.0463 0.0382 0.0036 0.0391 0.0017 0.0064 0.0023 0.003 0.0461 0.0384 0.0035 0.0387 0.0014 0.0063 0.0024 0.0029 0.0461 0.0384
141 0.0065 0.013 0.0066 0.0063 0.0029 0.0036 0.0376 0.04 0.0068 0.013 0.0056 0.0054 0.0027 0.0034 0.0378 0.0399 0.0069 0.013 0.0056 0.0054 0.0026 0.0033 0.0379 0.0399
281 0.01 0.0046 0.0105 0.0107 0.0212 0.0268 0.041 0.0419 0.0097 0.005 0.0126 0.0125 0.0209 0.0258 0.0406 0.0422 0.0096 0.0051 0.0133 0.0132 0.021 0.0257 0.0405 0.0423
11 0.0105 0.0146 5e-04 0.0011 9e-04 0.0056 0.0394 0.0381 0.0106 0.0146 7e-04 0.0013 8e-04 0.0055 0.0395 0.0381 0.0107 0.0146 8e-04 0.0017 8e-04 0.0055 0.0396 0.0381
81 0.0149 0.0315 5e-04 0.0035 0.0021 0.0072 0.0427 0.041 0.0151 0.0313 5e-04 0.004 0.0017 0.0073 0.0429 0.0407 0.0151 0.0314 5e-04 0.0038 0.0016 0.0073 0.0428 0.0406
431 0.0023 0.0196 0.0231 0.0231 0.0034 0.0061 0.04 0.0363 0.0024 0.019 0.0242 0.0249 0.0047 0.0073 0.0398 0.0357 0.0024 0.0189 0.0244 0.0251 0.0048 0.0074 0.0398 0.0357
262 0.0107 0.0161 0.0017 0.001 0.0081 0.0089 0.0423 0.0373 0.0107 0.0162 0.0017 9e-04 0.0088 0.0094 0.0423 0.0371 0.0107 0.0161 0.0018 0.001 0.0091 0.0098 0.0425 0.0372
60 0.0033 0.0421 0.0057 0.0071 0.0017 0.0037 0.0386 0.0384 0.0034 0.0423 0.0063 0.0075 0.0014 0.0036 0.0387 0.0386 0.0034 0.0424 0.0069 0.0118 0.0014 0.0036 0.0405 0.0387
331 0.0076 0.0028 0.0019 0.0026 0.0073 0.01 0.0365 0.0331 0.0075 0.0029 0.0017 0.0024 0.0071 0.0095 0.0364 0.0328 0.0074 0.003 0.0017 0.0025 0.0071 0.0094 0.0364 0.0328
501 0.0125 0.0108 0.0015 0.0023 0.023 0.0253 0.0423 0.0431 0.0124 0.0108 8e-04 0.0013 0.0199 0.022 0.042 0.0431 0.0124 0.0109 7e-04 0.0011 0.0198 0.0219 0.042 0.0431
240 0.0111 0.0245 0.0021 0.0026 0.0138 0.0138 0.0348 0.0422 0.0112 0.0246 0.002 0.0027 0.0125 0.0127 0.0347 0.0417 0.0112 0.0246 0.002 0.0024 0.012 0.0122 0.0346 0.0416
440 0.0017 0.0043 0.023 0.0241 0.0144 0.0153 0.0457 0.0405 0.0016 0.0043 0.0181 0.019 0.0136 0.014 0.0455 0.0405 0.0016 0.0044 0.0173 0.0181 0.0131 0.0134 0.0454 0.0406
351 0.0193 0.003 5e-04 0.0046 0.0087 0.0108 0.0442 0.0466 0.0193 0.0029 2e-04 0.004 0.0069 0.0086 0.0439 0.0465 0.0192 0.003 1e-04 0.0039 0.0067 0.0084 0.0437 0.0465
391 0.0306 0.0567 2e-04 0.0014 0.0139 0.0143 0.0402 0.0402 0.0303 0.0567 2e-04 6e-04 0.0133 0.0137 0.0396 0.0402 0.0304 0.0567 1e-04 0.001 0.013 0.0133 0.0398 0.0402
380 0.0466 0.0055 6e-04 0.002 0.0031 0.0029 0.0344 0.0378 0.0463 0.0055 0.0012 0.0022 0.0032 0.003 0.0344 0.0379 0.0467 0.0056 0.0015 0.0027 0.0033 0.003 0.0346 0.0381
291 0.0071 0.0172 0.0038 0.0036 0.0012 0.0018 0.0425 0.0382 0.0072 0.0172 0.003 0.0028 0.0011 0.0018 0.0424 0.0382 0.0072 0.0172 0.003 0.0027 0.001 0.0018 0.0424 0.0382
51 0.0248 0.0546 0.0146 0.0146 0.0014 0.0019 0.0436 0.0445 0.0249 0.0535 0.011 0.0113 0.0015 0.0022 0.0433 0.0437 0.0248 0.0543 0.0109 0.011 0.0016 0.0021 0.0436 0.0444
550 0.0105 0.0234 7e-04 5e-04 0.0036 0.0055 0.0446 0.0477 0.0101 0.0233 9e-04 6e-04 0.0028 0.0045 0.0441 0.0475 0.0101 0.0233 9e-04 7e-04 0.0025 0.0041 0.0442 0.0474
130 0.015 0.008 0.005 0.0059 0.0064 0.007 0.0422 0.0445 0.0149 0.0079 0.0041 0.0048 0.0055 0.0058 0.0422 0.0442 0.0148 0.0079 0.004 0.0051 0.0052 0.0055 0.0422 0.0442
181 0.0209 0.0444 0.0297 0.0299 0.0023 0.0015 0.0454 0.0485 0.0208 0.0445 0.0316 0.0318 0.0025 0.0016 0.0453 0.0486 0.0208 0.0445 0.0321 0.0323 0.0025 0.002 0.0452 0.0488
461 0.0144 0.0742 0.0033 0.0034 0.0088 0.0101 0.0419 0.045 0.0142 0.0738 0.0027 0.0029 0.0099 0.0113 0.0417 0.0447 0.0141 0.0738 0.0026 0.0029 0.0105 0.0119 0.0417 0.0447
32 0.0203 0.02 4e-04 0.0026 0.0011 0.002 0.0435 0.0351 0.0201 0.0197 4e-04 0.0025 0.0011 0.0018 0.0434 0.035 0.0201 0.0196 3e-04 0.0024 0.001 0.0018 0.0435 0.0349
232 0.0085 0.0056 0.0032 0.0032 0.0013 0.0033 0.0491 0.0453 0.0084 0.0057 0.004 0.0042 0.0011 0.003 0.049 0.045 0.0084 0.0057 0.0042 0.0043 0.0011 0.003 0.0491 0.0451
91 0.0253 0.0066 0.0051 0.0048 0.0021 0.0036 0.0411 0.0391 0.0251 0.0067 0.0051 0.0047 0.0021 0.0034 0.0407 0.039 0.0251 0.0066 0.0052 0.0049 0.0021 0.0034 0.0408 0.039
402 0.0373 0.0191 0.0031 0.0047 0.0085 0.0106 0.0404 0.0404 0.0373 0.0189 0.0042 0.0058 0.0078 0.0097 0.0404 0.0401 0.0372 0.0189 0.0042 0.0059 0.0076 0.0095 0.0404 0.04
191 0.0036 0.0106 0.0043 0.0044 0.001 0.0022 0.0356 0.0388 0.0034 0.0103 0.0035 0.0036 0.001 0.0025 0.0354 0.0386 0.0034 0.0102 0.0034 0.0034 0.0011 0.0026 0.0354 0.0386
521 0.0271 0.0462 0.0224 0.0243 5e-04 0.0029 0.0423 0.0393 0.0267 0.046 0.0196 0.0233 5e-04 0.0027 0.0424 0.0392 0.0267 0.0461 0.019 0.0225 5e-04 0.0026 0.0422 0.0392
151 0.0072 0.0152 0.0044 0.0036 0.0056 0.0075 0.0365 0.0402 0.0073 0.0153 0.0045 0.0037 0.0056 0.0081 0.0366 0.0401 0.0073 0.0153 0.0045 0.0038 0.0056 0.0078 0.0365 0.0402
122 0.0227 0.0055 3e-04 0.007 0.0013 0.0057 0.0451 0.0437 0.0227 0.0056 4e-04 0.0085 0.0017 0.006 0.0456 0.0434 0.0227 0.0057 3e-04 0.0075 0.0017 0.0076 0.0452 0.0436
162 0.0114 0.0273 0.0041 0.0099 0.0155 0.018 0.0475 0.0413 0.0114 0.0275 0.0044 0.0104 0.0138 0.0159 0.0477 0.0409 0.0115 0.0275 0.0045 0.0094 0.0138 0.0161 0.0473 0.041
211 0.0249 0.023 0.0124 0.0163 0.0031 0.0094 0.0435 0.0475 0.0248 0.023 0.0117 0.0156 0.0033 0.0099 0.0435 0.0474 0.0248 0.0229 0.0116 0.0143 0.0032 0.0099 0.0433 0.0473
21 0.0051 0.0352 0.0042 0.0051 0.0013 0.0045 0.0376 0.0437 0.0051 0.0353 0.0038 0.0047 0.0011 0.0043 0.0376 0.0433 0.0051 0.0353 0.0037 0.0046 0.0011 0.0043 0.0376 0.0432
71 0.0214 0.1109 7e-04 0.0013 0.0011 0.0018 0.0369 0.0404 0.0215 0.1108 6e-04 0.0019 9e-04 0.0016 0.0373 0.0404 0.0215 0.1106 6e-04 0.0015 9e-04 0.0016 0.0371 0.0405
101 0.0368 0.0099 0.0057 0.0058 0.0015 0.0023 0.0372 0.0384 0.0369 0.0096 0.0065 0.0067 0.0015 0.0027 0.0375 0.0384 0.037 0.0096 0.0065 0.0069 0.0015 0.0028 0.0377 0.0385
421 0.0266 0.0059 8e-04 0.001 0.0023 0.001 0.0383 0.0357 0.0264 0.0058 7e-04 6e-04 0.0021 9e-04 0.038 0.0355 0.0264 0.0058 8e-04 7e-04 0.0019 9e-04 0.0381 0.0351
221 0.0226 0.0193 0.0023 0.0046 0.0033 0.0032 0.0346 0.0393 0.0223 0.0194 0.0021 0.0048 0.0036 0.0037 0.0348 0.0391 0.0223 0.0194 0.002 0.0047 0.0037 0.0039 0.0348 0.0391
301 0.0034 0.0261 0.0025 0.0032 0.0057 0.0078 0.0361 0.0378 0.0032 0.0261 0.0025 0.0031 0.0049 0.007 0.036 0.0379 0.0032 0.0261 0.0025 0.0031 0.0045 0.0065 0.036 0.0377
412 0.0074 0.0084 0.006 0.0064 0.0693 0.0732 0.0437 0.0386 0.0074 0.0081 0.0058 0.0062 0.0718 0.0754 0.0438 0.0384 0.0075 0.0081 0.0058 0.0062 0.0718 0.0753 0.0437 0.0384
362 0.017 0.0115 0.0017 0.0015 0.0022 0.0026 0.037 0.0367 0.017 0.0113 0.0021 0.0019 0.0023 0.0029 0.037 0.0366 0.017 0.0117 0.0022 0.002 0.0024 0.0031 0.037 0.0368
322 0.0226 0.0101 0.0011 0.0038 0.0037 0.0074 0.0404 0.0414 0.0229 0.0102 0.0012 0.0043 0.0047 0.0078 0.0408 0.0411 0.023 0.0102 0.0013 0.0049 0.0046 0.0076 0.0412 0.041
532 0.081 0.0407 0.0043 0.0051 0.0014 0.0032 0.0434 0.0427 0.0812 0.0404 0.0037 0.0044 0.0019 0.0032 0.0434 0.0422 0.0812 0.0404 0.0036 0.0043 0.0019 0.0032 0.0434 0.042
272 0.0137 0.0096 0.0044 0.006 0.0061 0.0068 0.0387 0.0408 0.0134 0.0097 0.0046 0.0058 0.0061 0.0066 0.0381 0.0407 0.0134 0.0098 0.0048 0.0064 0.0062 0.0065 0.0384 0.0408
512 0.0142 0.0112 0.0148 0.0165 0.0095 0.0136 0.0394 0.0454 0.0141 0.0113 0.0137 0.0151 0.0097 0.0136 0.0391 0.0454 0.0141 0.0113 0.0145 0.0159 0.0101 0.0133 0.0392 0.045
251 0.0084 0.0219 7e-04 5e-04 0.0071 0.0089 0.0354 0.0425 0.0085 0.0218 8e-04 6e-04 0.0091 0.011 0.0353 0.0425 0.0086 0.0218 9e-04 7e-04 0.0094 0.0114 0.0353 0.0425
352 0.0014 0.0072 0.0066 0.0111 0.0022 0.0061 0.0402 0.0359 0.0013 0.0072 0.0057 0.01 0.0017 0.0055 0.0399 0.0357 0.0013 0.0073 0.0052 0.0091 0.0016 0.0055 0.0397 0.0357
201 0.005 0.0078 0.0023 0.0071 0.0017 0.0049 0.0369 0.0379 0.0048 0.0079 0.0022 0.0068 0.0012 0.0043 0.0366 0.0379 0.0049 0.0082 0.002 0.0072 0.0012 0.0041 0.0368 0.0381
482 0.0031 0.0036 0.0041 0.0043 0.0041 0.0073 0.0422 0.0382 0.0032 0.0037 0.0043 0.0041 0.0047 0.0071 0.0421 0.038 0.0032 0.0037 0.0043 0.0044 0.0046 0.007 0.0422 0.038
312 0.007 0.0915 1e-04 9e-04 0.0098 0.0108 0.0377 0.044 0.007 0.0919 1e-04 9e-04 0.0075 0.0085 0.0377 0.0445 0.007 0.0918 1e-04 8e-04 0.0072 0.008 0.0376 0.0443
41 0.0138 0.0048 9e-04 0.0029 5e-04 0.001 0.0376 0.0465 0.0136 0.0049 6e-04 0.0027 5e-04 8e-04 0.0378 0.0463 0.0136 0.0049 7e-04 0.0027 5e-04 8e-04 0.038 0.0462
332 0.0033 0.009 0.0017 8e-04 0.0036 0.0067 0.0459 0.0435 0.0033 0.009 0.0015 5e-04 0.0033 0.0059 0.0455 0.0433 0.0032 0.009 0.0015 6e-04 0.0033 0.0058 0.0454 0.0433
372 0.0176 0.0269 0.0151 0.015 0.0038 0.0055 0.0285 0.0416 0.0176 0.0272 0.014 0.014 0.0047 0.0062 0.0285 0.0414 0.0177 0.0272 0.0137 0.0136 0.0048 0.0063 0.0285 0.0414
491 0.0053 0.0631 0.0139 0.0143 0.0074 0.0073 0.0418 0.0383 0.0052 0.0634 0.0134 0.0139 0.0082 0.008 0.0418 0.0383 0.0052 0.0634 0.0134 0.0139 0.0084 0.0082 0.0418 0.0383
472 0.0075 0.0117 0.008 0.009 0.0069 0.0145 0.042 0.049 0.0076 0.0116 0.008 0.0092 0.0067 0.0145 0.0421 0.0494 0.0076 0.0116 0.0079 0.0094 0.0067 0.0144 0.0422 0.049
171 7e-04 0.0232 0.0035 0.009 0.0024 0.0017 0.0372 0.0415 6e-04 0.0235 0.0034 0.0081 0.0024 0.0015 0.037 0.0419 6e-04 0.0237 0.0033 0.0081 0.0024 0.0015 0.037 0.042
392 0.003 0.0324 0.0154 0.0154 0.002 0.0024 0.0466 0.0438 0.0029 0.0321 0.0125 0.0125 0.0024 0.0027 0.0463 0.0442 0.003 0.0323 0.0121 0.0121 0.0024 0.0029 0.0464 0.0443
112 0.0016 0.0375 0.004 0.0035 0.0028 0.0041 0.0335 0.0356 0.0016 0.0373 0.0034 0.0028 0.0031 0.0043 0.0336 0.0354 0.0015 0.0373 0.0034 0.0027 0.0032 0.0046 0.0334 0.0356
522 0.0189 0.0023 0.0078 0.008 0.001 0.0021 0.0407 0.0447 0.0188 0.0022 0.0064 0.0067 0.0012 0.0028 0.0408 0.0447 0.0188 0.0022 0.0062 0.0066 0.0014 0.0031 0.0409 0.0448
432 0.0019 0.0354 0.0018 0.0118 0.0067 0.0075 0.0476 0.0363 0.0017 0.0353 0.001 0.0104 0.0072 0.0079 0.0471 0.0361 0.0017 0.0354 0.001 0.0102 0.0074 0.0081 0.047 0.0361
452 0.0072 0.0064 0.014 0.0143 0.0027 0.0036 0.0348 0.0357 0.0071 0.0066 0.0159 0.0161 0.0025 0.0035 0.0349 0.0358 0.0072 0.0076 0.0166 0.0167 0.0025 0.0034 0.035 0.0363
82 0.0091 0.0183 0.0012 0.0013 0.0133 0.0132 0.0402 0.0459 0.0091 0.0186 0.0014 0.0015 0.0115 0.0114 0.0401 0.046 0.0091 0.0187 0.0015 0.0016 0.0112 0.0111 0.0401 0.0461
33 0.0725 0.0098 0.0059 0.0057 0.0528 0.0577 0.0412 0.0392 0.0728 0.01 0.006 0.0058 0.0444 0.0491 0.0414 0.0395 0.0728 0.0101 0.006 0.0058 0.043 0.0475 0.0413 0.0391
72 0.0213 0.0128 0.0036 0.0051 0.0161 0.0169 0.0452 0.0401 0.0216 0.0127 0.0038 0.0057 0.0221 0.0231 0.0453 0.04 0.0217 0.0127 0.0037 0.0054 0.0232 0.0239 0.0452 0.0399
441 0.0115 0.0387 0.0048 0.0048 0.0056 0.0045 0.0354 0.045 0.0112 0.0389 0.0046 0.0046 0.0046 0.0038 0.0357 0.0448 0.0112 0.0389 0.0046 0.0045 0.0045 0.0037 0.0358 0.0447
12 0.0068 0.011 0.0018 0.0022 0.002 0.0051 0.0403 0.0384 0.0069 0.0108 0.0022 0.0025 0.0021 0.005 0.0406 0.0385 0.0069 0.0106 0.0022 0.0028 0.0021 0.0049 0.0405 0.0382
92 0.0105 0.035 8e-04 0.0011 0.009 0.0183 0.0367 0.0516 0.0107 0.035 6e-04 9e-04 0.0109 0.0206 0.0367 0.0519 0.0101 0.0351 6e-04 7e-04 0.0111 0.0207 0.0361 0.052
403 0.0204 0.0021 0.0058 0.0063 0.0109 0.0117 0.0497 0.0385 0.0203 0.0023 0.0063 0.0062 0.0109 0.0115 0.0494 0.0385 0.0203 0.0023 0.0065 0.0075 0.0111 0.0116 0.0496 0.0385
551 0.0051 0.0032 0.0227 0.0235 0.0018 0.0043 0.0385 0.0382 0.005 0.0034 0.0239 0.0252 0.002 0.0044 0.0389 0.0382 0.005 0.0034 0.0231 0.0239 0.002 0.0044 0.0384 0.0381
241 0.0122 0.0029 0.0011 8e-04 0.008 0.0097 0.044 0.0407 0.0122 0.0027 0.0012 8e-04 0.0084 0.0098 0.0443 0.0406 0.0122 0.0027 0.0013 8e-04 0.0084 0.0097 0.0444 0.0406
152 0.0041 0.0023 0.0058 0.0075 0.0013 0.003 0.0447 0.0444 0.0043 0.0022 0.0073 0.0084 0.0014 0.0032 0.0447 0.0445 0.0043 0.0023 0.0076 0.0087 0.0015 0.0032 0.0447 0.0446
131 0.005 0.0021 0.0039 0.0046 0.0062 0.0065 0.0405 0.0387 0.0049 0.002 0.0052 0.0057 0.0062 0.0066 0.0403 0.0389 0.0049 0.002 0.0053 0.0059 0.0063 0.0067 0.0403 0.0389
381 0.0115 0.0088 0.0066 0.0078 0.0025 0.005 0.0355 0.0479 0.0119 0.0084 0.006 0.0069 0.0025 0.0048 0.0357 0.0478 0.0118 0.0083 0.0059 0.0068 0.0024 0.0047 0.0358 0.0478
233 0.0059 0.0066 0.0012 0.0032 0.0019 0.0033 0.047 0.0419 0.0061 0.0065 0.0014 0.0033 0.0024 0.0039 0.0474 0.0421 0.0062 0.0065 0.0014 0.0033 0.0024 0.004 0.0475 0.0421
292 0.0086 0.0314 0.0027 5e-04 0.0067 0.0067 0.0436 0.0418 0.0086 0.0315 0.0033 9e-04 0.0053 0.0055 0.0438 0.0418 0.0086 0.0315 0.0034 9e-04 0.0049 0.0052 0.0438 0.0419
502 0.0109 0.018 0.0012 0.0033 0.0058 0.0063 0.0551 0.0444 0.0107 0.0179 0.0012 0.003 0.007 0.0075 0.0545 0.0443 0.0107 0.0179 0.0012 0.003 0.0072 0.0078 0.0544 0.0443
462 0.0051 0.0045 0.0116 0.0123 5e-04 0.0017 0.0404 0.0371 0.0052 0.0045 0.0137 0.0144 4e-04 0.0014 0.0406 0.0371 0.0052 0.0044 0.0139 0.0146 4e-04 0.0015 0.0406 0.037
483 0.0162 0.0028 9e-04 0.001 0.0014 0.003 0.0492 0.0378 0.0163 0.0028 0.0012 0.0012 0.0011 0.0028 0.0496 0.0377 0.0163 0.0028 0.0012 0.0012 0.001 0.0028 0.0497 0.0378
61 0.0163 0.0123 4e-04 0.0032 0.0041 0.0035 0.0395 0.0445 0.0163 0.012 3e-04 0.0028 0.0054 0.005 0.0396 0.0446 0.0163 0.012 3e-04 0.0028 0.0059 0.0055 0.0396 0.0447
302 0.0035 0.0011 0.0017 0.0045 0.0116 0.014 0.0447 0.04 0.0034 0.0011 0.0012 0.0044 0.0144 0.0175 0.0444 0.0401 0.0034 0.0011 0.0013 0.0039 0.0151 0.0183 0.0444 0.04
123 0.004 0.006 0.005 0.0055 0.002 0.0033 0.0356 0.0367 0.0041 0.006 0.0042 0.0046 0.0013 0.0026 0.0357 0.0368 0.0041 0.006 0.004 0.0043 0.0012 0.0025 0.0357 0.0368
342 0.0016 0.0154 0.0036 0.0041 0.0107 0.0114 0.0434 0.0357 0.0016 0.0153 9e-04 0.0014 0.0097 0.0104 0.0434 0.0357 0.0016 0.0152 4e-04 8e-04 0.008 0.0088 0.0433 0.0357
192 0.0166 0.0093 5e-04 0.0056 0.0037 0.0047 0.0384 0.0322 0.0166 0.0092 4e-04 0.0059 0.0037 0.0045 0.0381 0.032 0.0166 0.0095 4e-04 0.0059 0.0035 0.0042 0.0382 0.032
273 0.015 0.0265 0.0103 0.0139 0.0011 0.0024 0.04 0.0389 0.0153 0.0261 0.0097 0.0126 0.0011 0.0026 0.0401 0.039 0.0154 0.026 0.0096 0.0123 0.0011 0.0026 0.0401 0.039
263 0.0057 0.0468 0.0139 0.0186 0.003 0.0052 0.0479 0.0347 0.0056 0.0467 0.0149 0.019 0.0029 0.0055 0.0476 0.0349 0.0056 0.0467 0.015 0.0186 0.003 0.0057 0.0474 0.0351
413 0.0197 0.0086 0.0015 0.0036 0.0026 0.0034 0.0385 0.0353 0.0199 0.0086 0.0032 0.0052 0.0025 0.0033 0.0384 0.0354 0.0199 0.0086 0.0036 0.0056 0.0026 0.0033 0.0383 0.0353
182 0.0092 0.0037 0.0039 0.0041 0.002 0.0045 0.0472 0.0384 0.0092 0.0035 0.0038 0.004 0.0019 0.0043 0.047 0.0382 0.0092 0.0036 0.0036 0.0037 0.0019 0.0044 0.047 0.0383
513 0.0204 0.043 0.0017 0.002 0.005 0.0057 0.0347 0.0407 0.0203 0.0431 0.001 0.0015 0.0039 0.0045 0.035 0.0408 0.0203 0.0432 9e-04 0.0012 0.0037 0.0043 0.0347 0.0407
282 0.0043 0.0123 0.0039 0.0053 0.0213 0.0211 0.0474 0.0501 0.0044 0.0122 0.0034 0.0047 0.0201 0.0199 0.0475 0.0499 0.0044 0.0123 0.0032 0.0049 0.0198 0.0197 0.0484 0.05
422 0.006 0.0652 0.0011 0.0028 0.0051 0.0064 0.0425 0.0378 0.006 0.0652 8e-04 0.0018 0.0041 0.0053 0.0423 0.0378 0.0061 0.0652 9e-04 0.0017 0.004 0.0051 0.0424 0.0377
212 0.0037 0.0127 0.0024 0.0043 0.002 0.0023 0.0417 0.0437 0.0038 0.0126 0.0021 0.0042 0.0028 0.0032 0.0419 0.0437 0.0038 0.0126 0.0022 0.0043 0.0031 0.0034 0.0419 0.0437
142 0.0162 0.0321 0.0028 0.0037 0.0031 0.0054 0.0412 0.0413 0.0163 0.0324 0.0035 0.0044 0.0034 0.0061 0.0411 0.0411 0.0163 0.0324 0.0035 0.0045 0.0036 0.006 0.0412 0.0412
22 0.0082 0.0371 0.0024 0.0042 8e-04 0.0015 0.0465 0.0381 0.0082 0.0372 0.0024 0.0042 7e-04 0.0014 0.0466 0.0381 0.0082 0.0374 0.0025 0.0035 7e-04 0.0013 0.0466 0.0382
353 0.0106 0.0019 0.0063 0.0095 0.0062 0.0078 0.0368 0.0424 0.0109 0.0018 0.0052 0.0087 0.0058 0.0078 0.0374 0.0424 0.0108 0.0018 0.005 0.0089 0.0062 0.0083 0.0373 0.0426
333 0.0083 0.0489 0.0039 0.0054 0.0023 0.0042 0.0403 0.0418 0.0083 0.049 0.004 0.0052 0.0024 0.0042 0.0406 0.0419 0.0083 0.0488 0.004 0.0051 0.0024 0.0044 0.0405 0.0421
313 0.0068 0.0143 1e-04 0.0033 0.0069 0.0079 0.0355 0.0334 0.0066 0.0145 4e-04 0.0031 0.0041 0.005 0.0355 0.0334 0.0067 0.0144 5e-04 0.0029 0.0035 0.0044 0.0354 0.0333
533 0.0068 0.0054 5e-04 0.0014 7e-04 0.0038 0.0354 0.043 0.0068 0.0053 4e-04 0.0012 8e-04 0.0037 0.0352 0.0429 0.0068 0.0052 4e-04 9e-04 9e-04 0.0034 0.0352 0.0428
523 0.0073 0.017 0.01 0.0115 0.0117 0.0135 0.0369 0.0498 0.0072 0.017 0.011 0.0126 0.0115 0.0135 0.0368 0.0495 0.0072 0.017 0.0114 0.0129 0.0116 0.0135 0.0368 0.0495
102 0.005 0.0164 0.0012 0.0014 0.004 0.0071 0.043 0.0397 0.0049 0.0165 0.0014 0.0016 0.0041 0.0078 0.0431 0.04 0.005 0.0164 0.0014 0.0015 0.0041 0.0079 0.043 0.04
442 0.0037 0.005 0.0015 0.0036 0.0115 0.0128 0.0369 0.0451 0.0037 0.005 0.0012 0.0031 0.0127 0.0142 0.0368 0.045 0.0036 0.005 0.0014 0.0036 0.0133 0.0149 0.037 0.0449
242 0.0022 0.0011 0.0163 0.0175 0.0016 0.002 0.045 0.0413 0.0021 0.001 0.0175 0.0188 0.0021 0.0026 0.0446 0.0411 0.0021 0.001 0.0176 0.019 0.0022 0.0027 0.0446 0.0412
363 0.0031 7e-04 0.0075 0.0079 0.0022 0.0036 0.0361 0.0332 0.0032 6e-04 0.0095 0.0097 0.0019 0.0038 0.0361 0.0333 0.0033 7e-04 0.01 0.0102 0.0018 0.0038 0.0361 0.0333
52 0.0318 0.006 0.0014 0.0069 0.0039 0.0053 0.0481 0.0396 0.0319 0.0061 0.0014 0.0057 0.0032 0.0048 0.0478 0.0398 0.0318 0.0061 0.0013 0.0058 0.0031 0.0047 0.0477 0.0397
172 0.0056 0.0207 6e-04 0.0046 5e-04 0.0021 0.037 0.0298 0.0059 0.0207 7e-04 0.0046 6e-04 0.0022 0.0373 0.0301 0.006 0.0206 6e-04 0.0059 7e-04 0.0022 0.0377 0.0302
153 0.0191 0.0106 0.0199 0.0212 0.0015 0.0031 0.0465 0.0479 0.019 0.0107 0.0182 0.0196 0.0017 0.0032 0.0466 0.0481 0.019 0.0107 0.018 0.0194 0.0017 0.0033 0.0466 0.0482
453 0.0048 0.0048 0.0022 0.0026 0.0171 0.0198 0.0477 0.0382 0.0047 0.0048 0.0033 0.0037 0.0155 0.018 0.0473 0.038 0.0047 0.0049 0.0034 0.0038 0.0152 0.0177 0.0472 0.038
222 0.0229 0.001 0.013 0.0147 0.0051 0.0054 0.0354 0.038 0.0231 9e-04 0.0102 0.0119 0.0038 0.004 0.0357 0.0378 0.023 9e-04 0.0092 0.0114 0.0035 0.0036 0.0357 0.0377
113 0.0054 0.0065 0.0018 0.0022 0.003 0.0049 0.0439 0.0377 0.0054 0.0067 0.0016 0.002 0.0025 0.0046 0.044 0.0379 0.0053 0.0067 0.0015 0.002 0.0023 0.0045 0.0439 0.038
473 0.0078 0.019 0.0013 0.0021 0.0011 0.0048 0.0378 0.0436 0.0076 0.0191 0.001 0.002 0.001 0.0046 0.0374 0.0437 0.0075 0.019 9e-04 0.0019 0.001 0.0048 0.0371 0.0438
323 0.0417 0.0164 0.0084 0.0088 0.0191 0.0189 0.0372 0.0407 0.0417 0.0165 0.0098 0.0102 0.0183 0.0181 0.0372 0.0406 0.0417 0.0165 0.0098 0.0102 0.0181 0.018 0.0372 0.0406
163 0.0085 0.0038 0.0521 0.0533 0.0047 0.0054 0.0459 0.0448 0.0084 0.0039 0.056 0.0579 0.0054 0.0061 0.0461 0.0448 0.009 0.0039 0.0566 0.0588 0.0055 0.0061 0.0468 0.0448
433 0.0042 0.0072 0.001 0.0052 0.0015 0.001 0.0447 0.033 0.0041 0.0073 6e-04 0.0051 0.0018 0.0015 0.0447 0.033 0.0041 0.0073 4e-04 0.005 0.0018 0.0015 0.0447 0.033
13 0.0059 0.0317 0.0014 0.0032 0.0025 0.0022 0.0404 0.0416 0.006 0.0316 9e-04 0.0019 0.0021 0.0018 0.0403 0.0414 0.006 0.0316 7e-04 0.0017 0.0021 0.0019 0.0403 0.0414
34 0.005 0.0478 0.005 0.0067 0.0015 0.0025 0.0379 0.046 0.005 0.0476 0.0044 0.0059 0.0018 0.0029 0.0377 0.0459 0.005 0.0477 0.0043 0.0059 0.002 0.0031 0.0378 0.046
73 0.0115 0.0125 0.0032 0.0037 0.0025 0.0062 0.0477 0.05 0.0114 0.0124 0.0041 0.0045 0.0033 0.0071 0.0477 0.05 0.0114 0.0124 0.0044 0.005 0.0035 0.0072 0.0477 0.0499
293 0.0038 0.027 0.0044 0.0066 0.0045 0.0047 0.0434 0.0467 0.0038 0.0268 0.0048 0.0065 0.0046 0.0046 0.0433 0.0465 0.0038 0.0268 0.005 0.0065 0.0046 0.0046 0.0433 0.0465
463 0.0162 0.0129 0.0039 0.0063 0.0031 0.0032 0.0428 0.0414 0.0164 0.0128 0.0021 0.0041 0.0032 0.0033 0.0427 0.0414 0.0164 0.0127 0.0018 0.0037 0.0032 0.0032 0.0426 0.0413
264 0.0123 0.0064 0.0057 0.0079 8e-04 0.0034 0.0483 0.0381 0.0122 0.0064 0.0058 0.0083 9e-04 0.0031 0.0487 0.0382 0.0122 0.0065 0.0056 0.0082 0.001 0.0032 0.0487 0.0382
93 0.0051 0.0067 0.001 0.0027 0.0057 0.0059 0.0406 0.0434 0.0046 0.0064 9e-04 0.0026 0.0047 0.0045 0.0402 0.043 0.005 0.0064 9e-04 0.0026 0.0045 0.0043 0.0407 0.043
382 0.0039 0.0027 0.002 0.0012 0.0075 0.0103 0.0485 0.037 0.0038 0.0027 0.0015 8e-04 0.0087 0.0118 0.0484 0.0372 0.0038 0.0026 0.0014 8e-04 0.0088 0.0121 0.0484 0.0373
503 0.0074 0.0149 0.0071 0.0116 0.0047 0.0064 0.0506 0.0435 0.0075 0.0147 0.0057 0.0105 0.004 0.0054 0.0507 0.0435 0.0076 0.0147 0.0055 0.0103 0.0038 0.0052 0.0507 0.0436
83 0.0172 0.001 0.0044 0.0046 0.0029 0.0043 0.034 0.0363 0.0172 0.001 0.0037 0.0038 0.003 0.0042 0.0341 0.0365 0.0172 0.001 0.0034 0.0036 0.003 0.004 0.034 0.0365
42 0.0281 0.0333 0.0151 0.0189 0.0039 0.0068 0.0433 0.0386 0.0284 0.0331 0.0155 0.0192 0.0039 0.0066 0.0434 0.0389 0.0284 0.033 0.0152 0.0189 0.0038 0.0065 0.0434 0.0389
514 0.0414 0.01 8e-04 0.0046 0.0061 0.0062 0.0432 0.0425 0.0414 0.01 8e-04 0.004 0.0061 0.0063 0.0433 0.0425 0.0414 0.0101 0.001 0.0036 0.0065 0.0067 0.0434 0.0423
193 0.0036 0.0072 0.0019 0.0026 5e-04 0.0031 0.0384 0.0406 0.0034 0.0075 0.0018 0.003 5e-04 0.0034 0.0383 0.041 0.0034 0.0072 0.0018 0.0029 6e-04 0.0036 0.0382 0.0408
132 0.045 0.0275 0.0039 0.0031 0.0042 0.0074 0.0455 0.0473 0.0449 0.0272 0.0044 0.0037 0.0041 0.0077 0.0455 0.0468 0.045 0.0273 0.0043 0.0033 0.0041 0.0076 0.0453 0.0468
252 0.0051 0.0463 4e-04 0.0021 0.0014 0.0017 0.0427 0.037 0.0051 0.0467 3e-04 0.002 0.0012 0.0013 0.0427 0.0367 0.0052 0.0467 3e-04 0.0021 0.0011 0.0014 0.0427 0.0369
202 0.0239 0.0423 0.0012 0.0026 7e-04 0.0011 0.0362 0.0396 0.0242 0.042 0.001 0.0023 5e-04 0.0013 0.036 0.0393 0.0242 0.0419 0.0011 0.0028 5e-04 0.0014 0.0363 0.039
354 0.0106 0.005 0.0022 0.0022 0.0078 0.0092 0.0439 0.0497 0.0106 0.005 0.0015 0.0018 0.0075 0.0088 0.0439 0.0496 0.0105 0.005 0.0015 0.0018 0.0074 0.0087 0.0439 0.0496
183 0.0022 0.0174 0.0036 0.0044 0.0011 0.0029 0.0504 0.0394 0.002 0.0172 0.0027 0.0038 8e-04 0.0023 0.0504 0.0392 0.002 0.0171 0.0021 0.0028 8e-04 0.0022 0.05 0.0391
534 0.0142 0.0101 0.0057 0.0061 5e-04 0.0035 0.0486 0.0429 0.014 0.0101 0.0055 0.0058 9e-04 0.0042 0.0485 0.043 0.014 0.01 0.0054 0.0057 0.001 0.004 0.0485 0.0428
373 0.0273 0.0094 0.0108 0.0134 0.0076 0.0079 0.0371 0.0389 0.0276 0.0094 0.0093 0.0112 0.0052 0.0055 0.037 0.039 0.0276 0.0094 0.0091 0.011 0.0049 0.0052 0.037 0.039
114 0.0075 0.0035 0.0244 0.0301 0.0015 0.0021 0.039 0.045 0.0075 0.0037 0.0245 0.0291 0.0014 0.002 0.0383 0.0449 0.0076 0.0037 0.0266 0.0317 0.0017 0.0021 0.0385 0.0451
343 0.0091 0.0615 0.004 0.0055 0.0015 0.0044 0.0447 0.0417 0.0091 0.0615 0.0034 0.005 0.0018 0.0049 0.0447 0.0415 0.0091 0.0615 0.0032 0.0049 0.002 0.0053 0.0447 0.0414
414 0.0031 0.0306 0.0034 0.0034 0.0017 0.0024 0.0419 0.0396 0.003 0.031 0.0038 0.0038 0.0017 0.0027 0.0415 0.0394 0.003 0.0311 0.0037 0.0037 0.0017 0.0027 0.0414 0.0395
274 0.0247 0.0516 0.017 0.0181 0.0048 0.0079 0.0399 0.0461 0.0247 0.0513 0.0162 0.0175 0.0046 0.0078 0.0398 0.046 0.0246 0.0512 0.0159 0.0171 0.0045 0.0077 0.0395 0.0459
53 0.0118 0.0174 5e-04 0.0021 0.0059 0.0088 0.0384 0.0408 0.0118 0.0177 6e-04 0.0021 0.0055 0.0085 0.0383 0.0404 0.0118 0.0178 6e-04 0.0021 0.0054 0.0084 0.0383 0.0404
303 0.0121 0.0054 6e-04 0.0024 0.0026 0.0054 0.0363 0.0374 0.0122 0.0057 6e-04 0.002 0.0024 0.0042 0.0363 0.0374 0.0123 0.0057 7e-04 0.0017 0.0024 0.005 0.0363 0.0377
334 0.0096 0.0285 5e-04 0.0052 0.0069 0.0068 0.05 0.0401 0.0094 0.0284 5e-04 0.0053 0.0059 0.0056 0.05 0.04 0.0093 0.0283 5e-04 0.0054 0.0055 0.0052 0.0501 0.0401
124 0.1126 0.0287 0.0013 0.0019 0.0018 0.0025 0.0388 0.0312 0.1122 0.0291 0.0017 0.0025 0.0019 0.0028 0.0387 0.031 0.1122 0.029 0.0018 0.0027 0.0021 0.0029 0.0387 0.0312
492 0.0225 0.0173 0.0071 0.0074 0.001 0.0079 0.0376 0.0434 0.0224 0.0174 0.0092 0.0094 0.0011 0.0074 0.0375 0.0432 0.0224 0.0174 0.0097 0.0099 0.0011 0.0073 0.0375 0.043
404 0.0058 0.004 0.0018 0.0026 0.026 0.0267 0.033 0.045 0.0057 0.004 0.0017 0.0036 0.0257 0.0269 0.0326 0.0449 0.0058 0.004 0.0019 0.0034 0.0258 0.0266 0.0325 0.0448
62 0.0272 0.0016 0.0019 0.0018 0.0025 0.0044 0.0397 0.0437 0.0271 0.0016 0.0024 0.0024 0.0016 0.0038 0.0395 0.0437 0.0271 0.0015 0.0026 0.0025 0.0014 0.0036 0.0395 0.0437
423 0.0071 0.003 0.0099 0.0119 0.0012 0.0015 0.0394 0.0387 0.007 0.0031 0.009 0.0116 0.0014 0.0019 0.0396 0.039 0.007 0.0031 0.0085 0.0115 0.0015 0.0021 0.0398 0.0391
552 0.0195 0.0026 0.0058 0.0087 0.001 0.0069 0.0346 0.0381 0.0194 0.0026 0.009 0.0115 0.0013 0.0062 0.0345 0.0378 0.0193 0.0026 0.0099 0.0121 0.0014 0.0062 0.0343 0.0379
393 0.0041 0.0085 0.002 0.0083 0.002 0.0037 0.0462 0.0356 0.004 0.0084 0.0021 0.0079 0.0017 0.0044 0.0457 0.0357 0.004 0.0084 0.0022 0.0074 0.0016 0.0039 0.0455 0.0355
154 0.0022 0.016 0.0031 0.0031 0.0039 0.0041 0.0471 0.0403 0.0022 0.0154 0.0022 0.0021 0.0038 0.004 0.0469 0.0398 0.0022 0.0161 0.0021 0.0021 0.0038 0.0039 0.047 0.0403
314 0.0544 0.0279 8e-04 0.0036 0.0067 0.0083 0.0418 0.0415 0.0542 0.0277 7e-04 0.0036 0.0061 0.0076 0.0417 0.0414 0.0542 0.0281 8e-04 0.0041 0.0061 0.0076 0.0417 0.0414
283 0.0273 0.0052 0.0054 0.0084 0.0019 0.0031 0.0473 0.0388 0.0271 0.0052 0.0065 0.0135 0.0018 0.0034 0.0481 0.0385 0.0272 0.0052 0.0067 0.0124 0.0018 0.0037 0.0477 0.0387
443 0.0053 0.0057 0.0052 0.0059 0.0042 0.0064 0.0366 0.0427 0.0052 0.0056 0.0034 0.0043 0.0034 0.0052 0.0369 0.0426 0.0052 0.0056 0.0029 0.0038 0.0033 0.005 0.0369 0.0426
35 0.0282 0.0022 0.0023 0.0014 0.0108 0.0135 0.0369 0.0447 0.028 0.0023 0.0024 0.0018 0.0108 0.0131 0.0367 0.0447 0.028 0.0023 0.0026 0.0019 0.0109 0.0131 0.0368 0.0447
184 0.0094 0.014 0.0114 0.0132 0.0311 0.0319 0.0441 0.0363 0.0095 0.0142 0.012 0.0141 0.0318 0.0329 0.044 0.0363 0.0095 0.0141 0.0114 0.0128 0.0323 0.0338 0.0436 0.0364
524 0.0015 0.0102 0.006 0.006 0.0019 0.0019 0.0475 0.0356 0.0017 0.0101 0.0057 0.0057 0.0022 0.0025 0.048 0.0355 0.0016 0.01 0.0056 0.0057 0.0022 0.0026 0.048 0.0355
234 0.011 0.0327 5e-04 0.0033 0.003 0.0024 0.0412 0.045 0.0112 0.0327 4e-04 0.0025 0.0026 0.002 0.041 0.0448 0.011 0.0327 4e-04 0.0027 0.0026 0.002 0.041 0.0448
243 0.0092 0.0163 0.0115 0.0132 0.0048 0.0073 0.038 0.0431 0.0091 0.0165 0.0107 0.0124 0.0057 0.0085 0.0379 0.0434 0.0091 0.0165 0.0108 0.0122 0.0064 0.0093 0.0378 0.0435
23 0.0122 0.0342 0.0034 0.0041 0.0012 7e-04 0.0395 0.0436 0.0122 0.0343 0.0032 0.0039 0.0013 8e-04 0.0397 0.0437 0.0122 0.0344 0.0033 0.0041 0.0013 9e-04 0.0399 0.0437
143 0.0236 0.032 0.0095 0.0111 0.0015 0.0033 0.0398 0.0432 0.0236 0.0321 0.0075 0.0093 0.0014 0.0035 0.0396 0.0431 0.0236 0.0319 0.0074 0.0096 0.0015 0.0032 0.0399 0.0431
213 0.0086 0.0296 0.0128 0.0158 0.0027 0.0043 0.0458 0.0361 0.0087 0.029 0.0126 0.0154 0.0032 0.0043 0.0458 0.0358 0.0088 0.0289 0.0125 0.0153 0.0032 0.0044 0.0459 0.0358
103 0.0078 0.01 0.0023 0.0023 0.0035 0.0033 0.0371 0.0435 0.0078 0.0096 0.0022 0.0021 0.0043 0.004 0.0371 0.0431 0.0078 0.0097 0.0021 0.0022 0.0044 0.0041 0.0373 0.0432
364 0.0052 0.0093 0.0046 0.0053 7e-04 0.0059 0.0396 0.0427 0.0053 0.0094 0.0042 0.0059 7e-04 0.0051 0.0395 0.0424 0.0053 0.0095 0.0041 0.0058 8e-04 0.0051 0.0395 0.0425
294 0.0572 0.0124 0.0128 0.0151 9e-04 0.0023 0.0363 0.0343 0.0571 0.0123 0.0129 0.0157 0.001 0.002 0.0365 0.0343 0.057 0.0123 0.0125 0.0154 0.001 0.002 0.0366 0.0343
484 0.0036 0.0253 0.0051 0.0082 0.0151 0.0191 0.0415 0.0433 0.0035 0.0253 0.004 0.0072 0.0157 0.0201 0.0412 0.0432 0.0035 0.0253 0.0038 0.0071 0.0157 0.0199 0.0412 0.0431
265 0.0164 0.031 0.0029 0.0073 9e-04 0.0041 0.0374 0.0383 0.0165 0.0311 0.0034 0.0079 8e-04 0.0043 0.0376 0.0385 0.0165 0.0311 0.0036 0.0081 8e-04 0.0043 0.0376 0.0385
164 0.0221 0.005 0.0118 0.0137 0.0295 0.0333 0.0339 0.0376 0.0221 0.0049 0.0095 0.0115 0.0321 0.0356 0.0338 0.0376 0.0222 0.0049 0.0093 0.0111 0.0326 0.036 0.0338 0.0375
14 0.0256 5e-04 0.0011 0.0049 0.0082 0.0087 0.0465 0.0373 0.0255 5e-04 8e-04 0.0045 0.008 0.0086 0.0463 0.0372 0.0255 4e-04 8e-04 0.0043 0.0081 0.0086 0.0462 0.0372
223 0.0153 0.0078 0.0057 0.0057 0.0013 0.0033 0.0403 0.0373 0.0151 0.0077 0.0061 0.0061 0.0012 0.0031 0.0403 0.0371 0.0151 0.0076 0.0065 0.0064 0.0011 0.0029 0.0401 0.037
125 0.0093 0.0096 0.0121 0.0125 0.0011 0.0058 0.0452 0.0313 0.0092 0.0098 0.0126 0.0131 0.0018 0.006 0.045 0.0313 0.0093 0.0095 0.0127 0.0132 0.0019 0.0061 0.0449 0.031
374 0.0014 0.0219 0.0016 0.003 0.0021 0.0035 0.0443 0.0478 0.0014 0.0218 0.003 0.0043 0.0019 0.0034 0.0441 0.048 0.0015 0.0218 0.0033 0.0047 0.002 0.0033 0.0441 0.0481
43 0.0182 0.0522 0.0016 0.0022 0.0251 0.0275 0.044 0.0292 0.0186 0.052 0.0019 0.0027 0.0278 0.0303 0.0442 0.0293 0.0185 0.0515 0.002 0.0027 0.0284 0.0309 0.044 0.029
63 0.0067 0.0045 0.001 0.003 7e-04 0.0021 0.0439 0.0311 0.007 0.0044 0.0016 0.0039 8e-04 0.0023 0.0442 0.0313 0.0071 0.0044 0.0017 0.004 8e-04 0.0024 0.0443 0.0314
493 0.0219 0.0314 0.0064 0.011 0.0023 0.0043 0.0446 0.0372 0.0219 0.0314 0.0055 0.0107 0.0021 0.0038 0.0445 0.0368 0.0219 0.0314 0.0053 0.0106 0.0019 0.0038 0.0445 0.0366
284 0.0373 0.0206 0.0052 0.0068 0.0377 0.0374 0.0391 0.0349 0.0372 0.0205 0.0054 0.0072 0.0404 0.0401 0.0391 0.0344 0.0371 0.0205 0.0053 0.007 0.0407 0.0411 0.0388 0.034
474 0.007 0.0051 4e-04 7e-04 0.0187 0.0189 0.0405 0.0348 0.0071 0.0051 5e-04 8e-04 0.0184 0.019 0.0407 0.0346 0.0071 0.0051 5e-04 8e-04 0.0183 0.019 0.0408 0.0345
94 0.0036 0.0013 0.0019 0.0041 0.006 0.0039 0.042 0.0411 0.0036 0.0012 0.0015 0.0057 0.0058 0.0039 0.0424 0.0408 0.0037 0.0012 0.0014 0.0062 0.0059 0.0039 0.0425 0.0408
203 0.0035 0.009 9e-04 0.0022 0.0016 0.0025 0.036 0.035 0.0039 0.009 8e-04 0.0026 0.002 0.003 0.0365 0.0351 0.0039 0.009 7e-04 0.0023 0.002 0.003 0.0364 0.035
173 0.0118 0.0205 0.0017 0.0027 0.0012 0.0031 0.0391 0.0481 0.0118 0.0203 0.001 0.0026 0.0016 0.0034 0.0394 0.0481 0.0118 0.0203 9e-04 0.0024 0.0017 0.0034 0.0395 0.0481
275 0.0194 0.0088 0.0034 0.0077 0.0039 0.004 0.0389 0.0361 0.0196 0.0088 0.0037 0.0076 0.0062 0.0064 0.0386 0.0364 0.0196 0.0088 0.0038 0.0075 0.0072 0.0075 0.0385 0.0364
344 0.01 7e-04 0.006 0.0069 0.0015 0.0027 0.0447 0.041 0.0099 7e-04 0.0054 0.0064 0.0017 0.003 0.0444 0.0409 0.0099 7e-04 0.0053 0.0062 0.0018 0.0031 0.0444 0.0408
115 0.0066 0.0338 9e-04 3e-04 0.0019 0.0026 0.0372 0.0379 0.0065 0.0337 8e-04 2e-04 0.003 0.0035 0.037 0.0378 0.0065 0.0337 8e-04 2e-04 0.0033 0.0038 0.037 0.0378
394 0.0048 0.0052 0.0132 0.0142 0.0151 0.0168 0.0454 0.042 0.0046 0.0052 0.0126 0.0138 0.015 0.0171 0.0451 0.0421 0.0047 0.0052 0.0129 0.0146 0.0149 0.0172 0.0455 0.0422
464 0.0024 0.1105 0.0016 3e-04 0.0011 0.0024 0.0396 0.0408 0.0025 0.1104 0.0016 4e-04 9e-04 0.0023 0.0397 0.0406 0.0025 0.1104 0.0016 4e-04 9e-04 0.0023 0.0397 0.0405
304 0.0025 0.0104 0.0021 0.0021 0.0086 0.0113 0.042 0.0436 0.0025 0.0104 0.002 0.002 0.0085 0.0112 0.042 0.0438 0.0025 0.0104 0.0019 0.0019 0.0084 0.0112 0.042 0.0439
324 0.0094 0.1007 5e-04 0.0181 0.0012 0.0031 0.0497 0.0493 0.0096 0.1009 6e-04 0.0166 8e-04 0.0026 0.0497 0.0489 0.0095 0.1007 5e-04 0.0186 8e-04 0.0025 0.0499 0.0488
84 0.0166 0.0116 0.0024 0.0033 0.0088 0.0107 0.0449 0.0426 0.0168 0.0116 0.0022 0.0024 0.0088 0.0109 0.0448 0.0424 0.0169 0.0116 0.0022 0.0025 0.0086 0.0108 0.0447 0.0425
194 0.0108 0.0185 6e-04 0.0017 0.0026 0.0029 0.0384 0.0386 0.0109 0.0186 2e-04 0.0017 0.0023 0.0031 0.0384 0.0383 0.0109 0.0185 2e-04 0.0012 0.0021 0.0033 0.0386 0.038
535 0.0586 0.0888 8e-04 0.0021 0.0068 0.0058 0.0355 0.0432 0.0583 0.0887 5e-04 0.0021 0.0071 0.006 0.0356 0.043 0.0582 0.0886 6e-04 0.0016 0.0073 0.0062 0.0355 0.0429
54 0.0289 0.0101 0.0012 0.0042 0.0052 0.0058 0.0376 0.038 0.0285 0.0101 5e-04 0.0034 0.0066 0.0072 0.0374 0.0381 0.0285 0.0101 4e-04 0.0032 0.0072 0.0079 0.0373 0.0383
504 0.003 0.0189 2e-04 0.0019 0.004 0.0069 0.0446 0.044 0.003 0.0188 1e-04 6e-04 0.0038 0.0063 0.0443 0.0438 0.0031 0.0188 1e-04 7e-04 0.0037 0.006 0.0444 0.0438
515 0.0038 0.0076 0.0041 0.0035 0.0515 0.0524 0.0342 0.0424 0.0037 0.0075 0.0046 0.0041 0.0492 0.0502 0.034 0.0421 0.0038 0.0074 0.0047 0.0042 0.0493 0.0503 0.0341 0.0421
253 0.0036 0.0086 0.0047 0.0058 0.0145 0.0165 0.0526 0.0502 0.0035 0.0086 0.0038 0.0046 0.0152 0.017 0.0524 0.0499 0.0035 0.0086 0.0037 0.0044 0.0153 0.017 0.0524 0.0499
454 0.007 0.0156 0.0032 0.0048 0.0034 0.0041 0.0409 0.038 0.007 0.0159 0.0022 0.004 0.0034 0.0044 0.0413 0.0383 0.007 0.016 0.0021 0.0039 0.0033 0.0042 0.0413 0.0382
553 0.0239 0.0132 9e-04 0.0016 7e-04 0.0065 0.0396 0.0437 0.0237 0.0132 0.001 0.0017 7e-04 0.0062 0.0395 0.0437 0.0236 0.0133 0.0011 0.0017 7e-04 0.0062 0.0395 0.0438
383 0.0137 0.0236 0.0107 0.0109 0.0192 0.0211 0.0383 0.0402 0.0137 0.0235 0.0107 0.011 0.0167 0.0184 0.0385 0.0403 0.0137 0.0236 0.01 0.0103 0.0166 0.0185 0.0385 0.0403
104 0.002 0.0108 0.0025 0.007 9e-04 8e-04 0.0434 0.0348 0.0018 0.011 0.0031 0.0087 0.001 0.001 0.0435 0.035 0.0017 0.011 0.0033 0.0093 0.0011 0.0011 0.0435 0.035
415 0.0135 0.0245 0.0014 0.0042 0.0051 0.006 0.0321 0.0397 0.0134 0.0242 8e-04 0.0041 0.0054 0.0061 0.0318 0.0398 0.0135 0.0242 8e-04 0.004 0.0052 0.0062 0.032 0.0396
434 0.0096 0.0025 0.0012 0.0016 3e-04 0.0019 0.0336 0.0444 0.0094 0.0027 0.0017 0.0023 4e-04 0.0017 0.0337 0.0444 0.0094 0.0026 0.0021 0.0025 5e-04 0.002 0.0337 0.0445
74 0.0109 0.0055 8e-04 0.0015 0.0075 0.0099 0.0377 0.0404 0.011 0.0054 4e-04 0.0012 0.0086 0.0108 0.0377 0.0402 0.0109 0.0054 5e-04 0.0011 0.0089 0.0111 0.0375 0.0403
315 0.0076 0.0225 0.0144 0.0144 0.0158 0.0174 0.043 0.0361 0.0075 0.0223 0.0176 0.0178 0.0135 0.0149 0.0429 0.0359 0.0075 0.0223 0.018 0.0182 0.0129 0.0142 0.043 0.0359
405 0.0071 0.0266 0.0253 0.0278 0.0148 0.0152 0.0465 0.0362 0.0069 0.0263 0.0216 0.0243 0.0151 0.0153 0.0464 0.0361 0.0068 0.0263 0.0213 0.0239 0.0153 0.0154 0.0463 0.0361
355 0.0026 0.0022 0.003 0.0035 0.0045 0.0062 0.0399 0.0431 0.0026 0.0022 0.0026 0.0031 0.005 0.0065 0.0398 0.0428 0.0026 0.0022 0.0024 0.0028 0.005 0.0064 0.0396 0.0427
424 0.0106 0.0186 0.0195 0.0216 0.0072 0.0085 0.0339 0.0398 0.0111 0.0185 0.0226 0.0244 0.0071 0.0088 0.0344 0.0401 0.0112 0.0185 0.023 0.0246 0.0071 0.0089 0.0345 0.0403
235 0.0321 0.0127 0.0103 0.0105 0.0049 0.0058 0.0504 0.0383 0.032 0.0122 0.0113 0.0111 0.0045 0.0051 0.0505 0.0378 0.032 0.0123 0.0113 0.0111 0.0045 0.005 0.0504 0.0378
165 0.0059 0.0056 0.0031 0.0036 0.0025 0.0034 0.0336 0.039 0.006 0.0056 0.0036 0.0041 0.0033 0.0043 0.034 0.0388 0.006 0.0056 0.0041 0.0047 0.0036 0.0047 0.0343 0.0388
116 0.0059 0.0211 0.0075 0.0077 0.0082 0.0092 0.0488 0.0341 0.0057 0.0209 0.0061 0.0068 0.0086 0.0092 0.0493 0.0339 0.0057 0.0208 0.0059 0.0066 0.0089 0.0094 0.0493 0.0339
126 0.0041 0.0183 7e-04 0.0013 0.0015 0.0024 0.041 0.0438 0.004 0.0183 7e-04 0.0012 0.0015 0.0023 0.0407 0.0439 0.004 0.0183 7e-04 0.0012 0.0016 0.0023 0.0406 0.0439
144 0.012 0.0108 0.0026 0.0054 0.0122 0.0128 0.0458 0.0361 0.0119 0.0106 0.0015 0.0036 0.0084 0.0093 0.0454 0.0357 0.012 0.0106 0.0014 0.0036 0.0078 0.0088 0.0457 0.0358
335 0.0071 0.0215 8e-04 0.0018 0.0033 0.0052 0.0374 0.0443 0.0072 0.0215 9e-04 0.002 0.0027 0.0047 0.0376 0.0442 0.0072 0.0214 0.001 0.002 0.0024 0.0044 0.0376 0.0442
244 0.0071 0.0148 2e-04 6e-04 0.002 0.0027 0.0394 0.0387 0.0069 0.0145 2e-04 7e-04 0.002 0.0026 0.0391 0.0389 0.007 0.0145 2e-04 6e-04 0.002 0.0026 0.0393 0.0386
64 0.011 0.009 0.0016 0.0022 0.0042 0.0051 0.0438 0.0454 0.0111 0.0089 0.0018 0.0025 0.0036 0.0041 0.044 0.0452 0.0111 0.0088 0.0019 0.0026 0.0035 0.0038 0.0441 0.045
365 0.0029 0.0079 0.0021 0.0017 7e-04 0.0032 0.0486 0.0492 0.003 0.0078 0.0021 0.0017 7e-04 0.0031 0.0486 0.0491 0.0029 0.0078 0.0022 0.0017 7e-04 0.0031 0.0488 0.0491
185 0.0063 0.0039 0.0058 0.0068 0.001 0.0036 0.0385 0.0392 0.0065 0.0042 0.0063 0.0074 0.0016 0.004 0.0386 0.039 0.0065 0.0042 0.0063 0.0075 0.0019 0.0041 0.0386 0.0389
133 0.0263 0.0069 0.0084 0.0106 9e-04 0.0023 0.0429 0.0361 0.026 0.0068 0.0066 0.0082 0.0011 0.0024 0.0427 0.0361 0.026 0.0068 0.0061 0.0078 0.0012 0.0025 0.0427 0.036
36 0.0497 0.0053 0.0041 0.0056 0.0013 0.0042 0.0381 0.0366 0.0497 0.0053 0.0052 0.0066 0.0014 0.0038 0.0381 0.0367 0.0498 0.0053 0.0053 0.0071 0.0014 0.0038 0.0382 0.0368
155 0.0145 9e-04 0.0096 0.0107 0.0017 0.0051 0.0447 0.0374 0.0146 0.001 0.0081 0.0092 0.0015 0.005 0.0449 0.0375 0.0146 0.001 0.0073 0.0084 0.0014 0.0048 0.0449 0.0375
15 0.0082 0.0253 0.0038 0.0046 0.0384 0.0403 0.0362 0.0394 0.0082 0.0251 0.0038 0.0047 0.0366 0.0387 0.0361 0.0395 0.0082 0.0251 0.0036 0.0045 0.0364 0.0385 0.0361 0.0396
214 0.0049 0.0077 0.0177 0.0174 7e-04 0.0039 0.0395 0.0416 0.005 0.0075 0.0179 0.0175 9e-04 0.0038 0.0395 0.0414 0.005 0.0075 0.0177 0.0173 0.001 0.0039 0.0396 0.0414
24 0.002 0.0335 0.002 0.0026 0.003 0.0054 0.0418 0.0419 0.002 0.0336 0.0031 0.0036 0.0026 0.0046 0.0417 0.0421 0.002 0.0336 0.0034 0.0039 0.0024 0.0045 0.0417 0.0422
465 0.0084 0.0176 0.0033 0.0019 0.0014 0.0019 0.0452 0.0372 0.0086 0.0177 0.004 0.002 0.001 0.0015 0.0459 0.0373 0.0086 0.0178 0.0037 0.0019 9e-04 0.0015 0.0455 0.0373
276 0.0714 0.0427 0.0019 0.0034 0.0071 0.0105 0.0371 0.0359 0.0714 0.0428 0.0017 0.0031 0.0083 0.0121 0.0372 0.0359 0.0713 0.0428 0.0017 0.003 0.0086 0.0123 0.0371 0.0361
224 0.008 0.0072 0.004 0.0048 3e-04 0.0017 0.056 0.0399 0.0078 0.0071 0.0029 0.0038 3e-04 0.0018 0.0559 0.04 0.0077 0.0071 0.0026 0.0036 3e-04 0.0018 0.0558 0.04
204 0.0557 0.0026 0.0181 0.0181 0.0034 0.0047 0.0422 0.0429 0.0559 0.0026 0.0157 0.0156 0.0039 0.005 0.0424 0.043 0.0558 0.0026 0.0152 0.0151 0.0041 0.0052 0.0424 0.043
44 0.0602 0.0311 0.0074 0.0078 8e-04 0.0053 0.0418 0.0387 0.0603 0.0307 0.0069 0.0072 0.0012 0.0056 0.0418 0.0385 0.0603 0.0307 0.007 0.0072 0.0012 0.0057 0.0418 0.0385
494 0.0039 0.0219 0.0074 0.0109 0.0028 0.0024 0.0365 0.0504 0.0039 0.0221 0.0043 0.0077 0.0027 0.0023 0.0364 0.0503 0.0039 0.022 0.0039 0.0072 0.0028 0.0024 0.0364 0.0505
435 0.0153 0.0507 0.0044 0.0049 0.0037 0.0063 0.0482 0.0447 0.0155 0.0509 0.0051 0.0061 0.0049 0.0075 0.0485 0.0448 0.0155 0.051 0.0051 0.0058 0.0051 0.0079 0.0483 0.045
384 0.0026 0.0077 0.0173 0.016 0.0016 0.0071 0.0426 0.044 0.0027 0.0078 0.016 0.0148 0.0016 0.007 0.0425 0.0445 0.0027 0.0079 0.0159 0.0147 0.0015 0.0074 0.0426 0.0444
444 0.0024 0.0145 0.0033 0.0092 0.0011 0.0043 0.0448 0.038 0.0024 0.0143 0.0037 0.0086 0.0012 0.0044 0.0447 0.0381 0.0024 0.0143 0.0037 0.0085 0.0012 0.0043 0.0447 0.0381
55 0.0039 0.0141 9e-04 0.0014 0.0224 0.023 0.0339 0.05 0.0039 0.014 0.0018 0.0019 0.0198 0.0207 0.0339 0.0497 0.0039 0.014 0.002 0.0019 0.0194 0.0201 0.034 0.0498
525 0.0026 0.0043 9e-04 0.0012 0.0048 0.0053 0.0386 0.0469 0.0025 0.0044 0.0013 0.0012 0.0046 0.0051 0.0386 0.0464 0.0025 0.0044 0.0013 0.0016 0.0044 0.0047 0.0385 0.0461
174 0.013 0.0224 0.0084 0.0076 0.0019 0.0024 0.0491 0.0344 0.0129 0.0228 0.0063 0.0065 0.002 0.0025 0.0489 0.0342 0.0129 0.0229 0.0059 0.0062 0.0021 0.0026 0.0489 0.0342
345 0.02 0.011 4e-04 0.0038 0.0029 0.0034 0.0378 0.0463 0.0197 0.0106 4e-04 0.0035 0.0029 0.0035 0.0374 0.0465 0.0198 0.0106 5e-04 0.0047 0.0028 0.0035 0.0378 0.0465
236 0.0164 0.0039 0.0115 0.012 0.0017 0.004 0.0383 0.0452 0.0164 0.0041 0.0112 0.0124 8e-04 0.0028 0.0387 0.0451 0.0164 0.004 0.0112 0.0121 8e-04 0.0027 0.0386 0.045
540 0.0086 0.0171 0.0103 0.0114 0.0045 0.0069 0.0389 0.0405 0.0085 0.0171 0.0099 0.0099 0.0058 0.0081 0.0386 0.0403 0.0086 0.0172 0.0098 0.0107 0.0061 0.0084 0.0387 0.0405
395 0.0023 0.0039 0.0351 0.0366 0.0137 0.024 0.0397 0.0542 0.0023 0.0039 0.0305 0.0317 0.0147 0.0255 0.0397 0.0543 0.0024 0.0039 0.03 0.0313 0.0148 0.0262 0.0397 0.0547
195 0.0943 0.0018 0.0028 0.0023 0.0023 0.0027 0.0459 0.0354 0.0942 0.0019 0.004 0.0035 0.0039 0.0044 0.0459 0.0356 0.0943 0.0019 0.0041 0.0036 0.0041 0.0047 0.0459 0.0356
505 0.0023 0.0099 0.0028 0.003 0.0086 0.0096 0.0448 0.0304 0.0023 0.0098 0.0031 0.0028 0.009 0.01 0.0447 0.0304 0.0023 0.0098 0.0028 0.003 0.0091 0.01 0.0447 0.0303
485 0.0305 0.0255 0.0242 0.0263 0.0044 0.0046 0.0347 0.0424 0.0305 0.026 0.0247 0.0262 0.0052 0.0054 0.0345 0.043 0.0305 0.026 0.0248 0.0262 0.005 0.0052 0.0345 0.0427
105 0.0162 0.017 0.0016 0.0048 0.0015 0.0051 0.0526 0.0441 0.016 0.0172 0.0018 0.0047 0.0016 0.0053 0.0526 0.0441 0.016 0.0171 0.0019 0.0046 0.0016 0.0049 0.0525 0.0439
16 0.0648 0.0104 0.0023 0.0022 0.0042 0.005 0.0409 0.0401 0.0649 0.0101 0.0033 0.0033 0.0022 0.0032 0.0411 0.0399 0.0649 0.01 0.0035 0.0035 0.0019 0.0029 0.0411 0.0398
166 0.0029 0.0295 0.0018 0.0022 0.0051 0.0053 0.0439 0.0399 0.0028 0.0293 0.0014 0.0019 0.0044 0.0048 0.0439 0.0401 0.0028 0.0293 0.0014 0.0019 0.0044 0.0048 0.0439 0.0401
554 0.0047 0.0065 0.0068 0.0103 0.0016 0.0044 0.0476 0.0445 0.0045 0.0063 0.0075 0.0105 0.0015 0.0039 0.0473 0.0439 0.0044 0.0063 0.0072 0.0113 0.0015 0.0038 0.0474 0.0439
95 0.0053 0.0056 0.0055 0.005 0.001 0.0013 0.0369 0.0383 0.0052 0.0056 0.0054 0.005 8e-04 0.0011 0.0367 0.0381 0.0052 0.0056 0.0052 0.0047 7e-04 0.001 0.0366 0.0379
455 0.0599 0.0186 0.0016 0.0025 0.0027 0.004 0.0415 0.0466 0.0597 0.0186 0.0012 0.0017 0.0034 0.0046 0.041 0.0463 0.0598 0.0186 0.0012 0.0017 0.0035 0.0046 0.041 0.0463
316 0.0075 0.0219 0.0067 0.0073 8e-04 0.004 0.0428 0.0375 0.0074 0.0217 0.0091 0.0096 6e-04 0.0038 0.0426 0.0373 0.0075 0.0217 0.0097 0.0098 6e-04 0.0037 0.0427 0.0373
375 0.0066 0.0139 4e-04 4e-04 0.013 0.0141 0.0448 0.0335 0.0064 0.0139 5e-04 4e-04 0.0106 0.0115 0.0446 0.0334 0.007 0.0139 5e-04 4e-04 0.0103 0.0112 0.0453 0.0334
356 0.0073 0.0037 0.0011 0.0031 0.0177 0.0207 0.0443 0.0392 0.0071 0.0038 0.0014 0.0032 0.0179 0.0206 0.0441 0.0392 0.0071 0.0038 0.0012 0.0031 0.0177 0.0204 0.0441 0.0391
295 0.0174 0.0246 0.0041 0.0042 0.0025 0.0062 0.0391 0.038 0.0175 0.0246 0.0056 0.0056 0.0029 0.0063 0.0391 0.0378 0.0175 0.0246 0.0059 0.0059 0.003 0.0062 0.039 0.0377
85 0.0315 0.0112 0.014 0.0156 0.0197 0.0265 0.0364 0.0439 0.0315 0.011 0.0135 0.0149 0.0175 0.0249 0.0364 0.0436 0.0315 0.0109 0.0135 0.0148 0.0174 0.0246 0.0363 0.0435
75 0.0011 0.0033 3e-04 9e-04 0.0059 0.0085 0.0422 0.0448 0.001 0.0033 7e-04 0.0012 0.005 0.0072 0.0421 0.0443 0.001 0.0034 8e-04 0.0013 0.0047 0.0071 0.0422 0.0445
325 0.0032 0.0072 2e-04 0.0061 0.0039 0.0082 0.0427 0.0366 0.0034 0.007 2e-04 0.0038 0.0038 0.0083 0.0423 0.0364 0.0035 0.0069 2e-04 0.0041 0.0037 0.0081 0.0425 0.0364
254 0.0054 0.0031 5e-04 0.0022 0.0033 0.0036 0.0429 0.0462 0.0053 0.0029 5e-04 0.0025 0.003 0.0037 0.0429 0.0461 0.0054 0.0029 5e-04 0.0026 0.003 0.0038 0.0429 0.0462
536 0.0077 0.0163 0.0111 0.0133 0.0016 0.0038 0.0423 0.0361 0.0078 0.0163 0.0102 0.0119 0.0016 0.0037 0.0421 0.0359 0.0081 0.0157 0.0103 0.0128 0.0015 0.0036 0.0426 0.0356
65 0.0042 0.0063 0.0043 0.005 0.0023 0.0023 0.0302 0.0358 0.0041 0.0063 0.0063 0.007 0.0022 0.0023 0.03 0.0359 0.004 0.0063 0.0066 0.0073 0.0021 0.0022 0.03 0.0359
175 0.0078 0.0169 0.0022 0.0056 0.017 0.0181 0.0669 0.0348 0.008 0.0168 0.0017 0.0059 0.0177 0.0188 0.0674 0.0346 0.008 0.0168 0.0016 0.0059 0.0178 0.0188 0.0675 0.0346
406 0.0054 0.0291 6e-04 0.0011 0.0011 0.0017 0.0373 0.0386 0.0055 0.029 4e-04 9e-04 0.001 0.0015 0.0374 0.0381 0.0055 0.0288 4e-04 8e-04 0.001 0.0016 0.0372 0.0379
186 0.0183 0.0162 0.002 0.0018 0.0018 0.0027 0.0347 0.0375 0.018 0.0161 0.0021 0.0013 0.002 0.0031 0.0346 0.0376 0.018 0.0161 0.0021 0.0014 0.0021 0.0032 0.0345 0.0376
285 0.0057 0.0119 0.0064 0.0074 0.0037 0.0062 0.0409 0.0384 0.0058 0.0121 0.0049 0.0054 0.0029 0.005 0.0408 0.0384 0.0066 0.0122 0.0046 0.005 0.0029 0.0047 0.0416 0.0385
475 0.0186 0.0435 0.0113 0.0119 0.0012 0.0013 0.0334 0.0376 0.0186 0.0437 0.0133 0.0139 0.0013 0.0012 0.0333 0.0376 0.0186 0.0436 0.0137 0.0144 0.0013 0.0013 0.0333 0.0376
277 0.0253 0.0028 0.0086 0.0097 0.0161 0.0159 0.0429 0.0362 0.0257 0.003 0.0072 0.0082 0.0147 0.0143 0.043 0.0367 0.0257 0.0031 0.0071 0.0081 0.0145 0.0141 0.0434 0.0367
245 0.0087 0.0361 0.0297 0.0315 0.0019 0.0043 0.0455 0.0366 0.0085 0.0358 0.0277 0.0294 0.0017 0.0039 0.0455 0.0362 0.0085 0.0358 0.0274 0.029 0.0017 0.0039 0.0455 0.0363
266 0.0104 0.0022 5e-04 0.0014 0.0031 0.0045 0.0404 0.0358 0.0105 0.0022 4e-04 0.0013 0.0043 0.0057 0.0405 0.0358 0.0106 0.0022 5e-04 0.0013 0.0046 0.006 0.0405 0.0359
366 0.0055 0.0163 0.0055 0.0066 0.0018 0.004 0.0378 0.0431 0.0056 0.0164 0.0055 0.0066 0.0021 0.0044 0.0379 0.0431 0.0057 0.0164 0.0056 0.0068 0.0022 0.0045 0.038 0.0431
516 0.005 0.0233 0.0024 0.0035 0.0014 0.0082 0.0418 0.0436 0.0053 0.023 0.0023 0.0035 0.0017 0.0086 0.042 0.0436 0.0054 0.0231 0.0023 0.0034 0.0018 0.0088 0.0421 0.0438
37 0.0182 0.0519 0.0055 0.0058 0.0018 0.0057 0.0453 0.0394 0.0189 0.0521 0.0041 0.0043 0.0016 0.0056 0.0456 0.0396 0.0191 0.0524 0.0033 0.0035 0.0012 0.0053 0.0457 0.0395
495 0.0064 0.014 0.0013 0.0039 8e-04 0.0026 0.0467 0.0387 0.0064 0.0139 0.0014 0.0029 0.001 0.0027 0.0454 0.0385 0.0064 0.0139 0.0015 0.003 0.001 0.0025 0.0454 0.0384
305 0.0091 0.0139 5e-04 7e-04 0.0021 0.001 0.0436 0.0387 0.009 0.0137 9e-04 8e-04 0.0018 9e-04 0.0436 0.0385 0.0089 0.0138 0.001 0.001 0.0018 9e-04 0.0435 0.0386
45 0.0022 0.0382 6e-04 0.0029 0.0019 0.0019 0.0439 0.0351 0.0022 0.0382 6e-04 0.0028 0.0027 0.0027 0.044 0.0352 0.0022 0.0382 6e-04 0.0028 0.0029 0.003 0.044 0.0353
25 0.0119 0.0068 0.0017 0.0032 0.0019 0.0069 0.0415 0.0461 0.0118 0.0068 0.0015 0.0033 0.0015 0.0066 0.0414 0.0459 0.012 0.0068 0.0014 0.0032 0.0014 0.0069 0.0417 0.0459
506 0.0244 0.082 0.0168 0.0233 0.002 0.0036 0.0415 0.0426 0.0242 0.0819 0.0124 0.0191 0.002 0.004 0.0416 0.0426 0.0242 0.0819 0.012 0.0187 0.002 0.0041 0.0416 0.0426
134 0.0095 0.0668 2e-04 0.0025 0.0016 0.0024 0.041 0.0422 0.0096 0.0669 2e-04 0.0026 0.0018 0.003 0.0413 0.0424 0.0096 0.0669 2e-04 0.0026 0.0018 0.0031 0.0414 0.0424
336 0.0342 0.0249 6e-04 0.0018 0.0024 0.0026 0.0461 0.0383 0.0342 0.025 3e-04 0.0017 0.0036 0.0038 0.046 0.0384 0.0342 0.025 3e-04 0.0017 0.0038 0.004 0.046 0.0385
127 0.0223 0.0026 6e-04 0.0017 0.0146 0.0145 0.0386 0.0418 0.0222 0.0026 9e-04 0.0017 0.0116 0.0117 0.0385 0.0414 0.0222 0.0029 0.001 0.0023 0.0108 0.0109 0.0385 0.0418
526 0.0504 0.0263 0.0116 0.0105 0.0024 0.0041 0.0426 0.0499 0.0497 0.0259 0.0109 0.0098 0.0033 0.0048 0.0422 0.0491 0.0498 0.0259 0.0107 0.0096 0.0034 0.0049 0.0422 0.0491
145 0.0223 0.0043 9e-04 0.0028 0.0043 0.0051 0.0375 0.0335 0.0226 0.0043 5e-04 0.0027 0.0057 0.0064 0.0377 0.0336 0.0226 0.0043 5e-04 0.0028 0.0059 0.0066 0.0378 0.0336
117 0.0017 0.0013 0.0134 0.014 0.0022 0.0044 0.0314 0.0405 0.0017 0.0013 0.0145 0.0151 0.0014 0.0034 0.0313 0.0404 0.0017 0.0013 0.0146 0.0154 0.0011 0.0033 0.0314 0.0403
156 0.0141 0.01 0.0088 0.0087 0.0032 0.0029 0.0486 0.0385 0.0138 0.01 0.0069 0.0072 0.0031 0.0031 0.0485 0.0387 0.0138 0.01 0.0077 0.0081 0.003 0.0031 0.0485 0.0387
86 0.021 0.0111 7e-04 0.0057 7e-04 0.0038 0.0456 0.0372 0.0206 0.011 7e-04 0.0058 7e-04 0.004 0.0453 0.0373 0.0204 0.011 7e-04 0.0058 7e-04 0.0038 0.045 0.0372
196 0.0093 0.0127 0.0411 0.0402 0.0098 0.0108 0.0468 0.0428 0.0094 0.0125 0.0397 0.0389 0.009 0.0101 0.0468 0.0429 0.0093 0.0125 0.0399 0.0392 0.0088 0.01 0.0466 0.0429
106 0.0116 0.0204 0.0075 0.0089 0.0021 0.0017 0.0351 0.0417 0.0113 0.0204 0.0065 0.0076 0.0017 0.0014 0.0344 0.0417 0.0113 0.0205 0.0064 0.0081 0.0017 0.0014 0.0346 0.0418
436 0.0045 0.0508 5e-04 0.0028 0.0028 0.0036 0.0439 0.035 0.0044 0.0508 7e-04 0.0029 0.002 0.0032 0.0437 0.0349 0.0045 0.0508 6e-04 0.0032 0.0018 0.0031 0.0439 0.0349
385 0.0259 0.0173 0.0034 0.0033 0.0034 0.0034 0.0394 0.0439 0.026 0.0174 0.0046 0.0044 0.0031 0.0031 0.0394 0.044 0.0261 0.0174 0.0053 0.005 0.0027 0.0028 0.0394 0.044
56 0.0141 0.0017 2e-04 3e-04 0.0068 0.0124 0.0469 0.045 0.014 0.0015 3e-04 4e-04 0.007 0.0127 0.047 0.0448 0.0141 0.0016 3e-04 5e-04 0.0098 0.0152 0.0474 0.0446
541 0.0036 0.0239 0.0074 0.0084 0.0016 0.0024 0.0353 0.0401 0.0037 0.0239 0.0056 0.0067 0.0019 0.0029 0.0352 0.0408 0.0038 0.0239 0.0049 0.0055 0.0019 0.003 0.0354 0.0408
466 0.011 0.0071 9e-04 4e-04 0.0022 0.0011 0.0491 0.0365 0.011 0.0071 9e-04 2e-04 0.0024 0.0012 0.049 0.0365 0.011 0.0071 0.001 3e-04 0.0023 0.0012 0.0491 0.0365
205 0.0078 0.0126 0.0066 0.009 0.0152 0.0145 0.0436 0.0372 0.0079 0.0126 0.0076 0.0101 0.0141 0.0136 0.0436 0.037 0.008 0.0126 0.0079 0.0103 0.0139 0.0134 0.0436 0.037
416 0.0059 0.0108 0.011 0.0116 0.0054 0.0074 0.0351 0.0383 0.0059 0.0108 0.0108 0.0112 0.006 0.0078 0.0349 0.0383 0.0058 0.0108 0.0106 0.0111 0.0061 0.0079 0.0349 0.0383
537 0.0826 0.05 0.0024 0.0022 0.0012 0.0107 0.0434 0.0431 0.0822 0.0499 0.0017 0.0016 0.0013 0.0105 0.0433 0.0434 0.082 0.0499 0.0016 0.0016 0.0013 0.0105 0.0433 0.0435
357 0.005 0.0177 0.0027 0.0141 0.0013 0.0038 0.0388 0.0322 0.0051 0.0177 0.0039 0.0153 0.0014 0.004 0.0386 0.0322 0.0051 0.0177 0.0041 0.0154 0.0014 0.004 0.0387 0.0322
225 0.0038 0.051 4e-04 7e-04 0.0069 0.0099 0.0403 0.0498 0.004 0.051 3e-04 6e-04 0.0082 0.0113 0.0406 0.0496 0.0039 0.0509 4e-04 6e-04 0.0086 0.0117 0.0407 0.0496
66 0.0194 0.0224 0.0101 0.012 0.0015 0.0017 0.0403 0.0422 0.0193 0.0226 0.0097 0.0112 0.0014 0.0017 0.0404 0.0422 0.0193 0.0226 0.0098 0.0111 0.0014 0.0017 0.0404 0.0422
167 0.0026 0.0051 0.0011 0.0012 0.0066 0.0089 0.0432 0.038 0.0026 0.0049 0.0015 0.0018 0.0079 0.0101 0.0432 0.0377 0.0026 0.0049 0.0016 0.0018 0.008 0.0103 0.0432 0.0377
425 0.0025 0.0027 0.0033 0.0044 0.0073 0.009 0.0365 0.0441 0.0027 0.0028 0.0026 0.0038 0.0065 0.0084 0.0369 0.0439 0.0026 0.0026 0.0029 0.004 0.0062 0.0082 0.0373 0.0437
445 0.003 0.0191 2e-04 5e-04 0.0019 0.0062 0.042 0.0426 0.003 0.0192 3e-04 6e-04 0.002 0.0068 0.0418 0.0428 0.0029 0.0192 3e-04 6e-04 0.0019 0.0069 0.0416 0.0429
135 0.004 0.0095 0.0035 0.0053 0.0084 0.0116 0.0399 0.0388 0.0039 0.0096 0.0034 0.0056 0.0067 0.0105 0.0401 0.039 0.0039 0.0097 0.0034 0.0056 0.0063 0.0102 0.0402 0.0391
456 0.034 0.0123 0.005 0.0093 0.0184 0.0246 0.0397 0.041 0.0341 0.0124 0.0045 0.0087 0.0175 0.0235 0.0398 0.041 0.0342 0.0125 0.0043 0.0093 0.017 0.023 0.04 0.0409
255 0.0086 0.0173 0.0014 0.0021 0.0109 0.012 0.046 0.0477 0.0086 0.0171 0.0015 0.002 0.0123 0.0133 0.0458 0.0475 0.0085 0.017 0.0015 0.002 0.0142 0.0152 0.0458 0.0471
396 0.0238 0.0233 8e-04 0.0011 0.0033 0.0039 0.0356 0.0425 0.0235 0.0235 0.001 0.0019 0.0029 0.0033 0.0354 0.0423 0.0234 0.0236 0.0011 0.0022 0.0028 0.0034 0.0355 0.0424
237 0.0456 0.0125 0.0139 0.0153 0.0351 0.0366 0.0379 0.0432 0.0461 0.0125 0.0147 0.0175 0.0349 0.0369 0.0386 0.0429 0.046 0.0125 0.0148 0.0175 0.0346 0.0367 0.0385 0.0429
96 0.004 0.0059 0.0021 0.0041 0.0131 0.0155 0.0405 0.0419 0.004 0.0057 0.0014 0.0045 0.0178 0.02 0.0407 0.0417 0.004 0.0057 0.0013 0.0043 0.0195 0.0218 0.0407 0.0416
407 0.0156 0.0031 0.008 0.0067 0.0015 0.0029 0.0336 0.0416 0.0156 0.0032 0.0061 0.0046 0.0017 0.0035 0.0337 0.0416 0.0157 0.0032 0.0055 0.0041 0.0018 0.0035 0.0338 0.0416
215 0.0138 0.0153 3e-04 7e-04 0.0017 0.0019 0.0427 0.0381 0.0142 0.0155 2e-04 5e-04 0.0011 0.0011 0.0431 0.0383 0.0143 0.0154 2e-04 6e-04 0.0011 0.001 0.0432 0.0382
46 0.0057 0.0135 0.0111 0.0115 0.0028 0.0045 0.0462 0.0422 0.0056 0.0137 0.0112 0.012 0.0028 0.0042 0.0462 0.0421 0.0057 0.0137 0.0111 0.0119 0.0029 0.0042 0.0462 0.0421
376 0.0034 0.0112 0.0056 0.006 9e-04 0.001 0.043 0.032 0.0033 0.0111 0.0069 0.0073 0.001 0.0011 0.0428 0.032 0.0032 0.0112 0.0069 0.0077 0.001 0.0011 0.0428 0.0321
486 0.0023 0.0379 0.0113 0.0115 0.0014 0.0018 0.0411 0.0373 0.0021 0.0381 0.0142 0.0143 0.0013 0.0017 0.0408 0.0374 0.0021 0.038 0.0169 0.0169 0.0013 0.0017 0.0407 0.0375
187 0.0013 0.0789 0.0227 0.0228 0.0032 0.0032 0.0487 0.046 0.0012 0.0795 0.024 0.0241 0.0035 0.0031 0.0486 0.0457 0.0012 0.0794 0.0242 0.0243 0.0036 0.0031 0.0486 0.0458
317 0.0183 0.0656 0.0027 0.005 0.009 0.0102 0.0371 0.044 0.0183 0.0662 0.0034 0.0057 0.0086 0.01 0.0371 0.0442 0.0183 0.0663 0.0035 0.006 0.0086 0.01 0.0372 0.0444
326 0.0089 0.0371 0.0051 0.0076 0.0012 0.0022 0.0401 0.043 0.0092 0.0371 0.0075 0.0102 0.0017 0.0029 0.0404 0.0431 0.0092 0.0371 0.0079 0.0107 0.0019 0.0032 0.0404 0.0431
17 0.0104 0.0012 0.0024 0.0059 0.0021 0.0025 0.0422 0.0388 0.0107 0.0012 0.0024 0.0053 0.002 0.0022 0.0427 0.0388 0.0104 0.0012 0.0024 0.0061 0.0017 0.0018 0.0425 0.0385
496 0.0345 0.0049 0.0048 0.0058 0.0151 0.0164 0.0362 0.0349 0.0342 0.0048 0.0059 0.0067 0.0147 0.0159 0.0359 0.0347 0.0342 0.0048 0.0062 0.007 0.0148 0.0159 0.0359 0.0347
286 0.0096 0.0248 0.002 0.0034 3e-04 0.0016 0.0449 0.0339 0.0095 0.0251 0.002 0.0035 3e-04 0.0016 0.0448 0.0339 0.0095 0.0252 0.002 0.0036 3e-04 0.0015 0.0448 0.0338
76 0.0058 0.0041 3e-04 0.001 0.0012 0.0022 0.0416 0.0383 0.0059 0.004 3e-04 0.0013 7e-04 0.0018 0.0417 0.0383 0.0058 0.004 3e-04 0.0013 6e-04 0.0018 0.0417 0.0385
346 0.0049 0.016 0.0037 0.0039 0.003 0.007 0.0363 0.0317 0.005 0.0158 0.0036 0.0038 0.0033 0.0072 0.0362 0.0316 0.005 0.0157 0.0034 0.0036 0.0032 0.0072 0.0362 0.0316
555 0.007 0.0196 0.0045 0.0088 9e-04 0.0051 0.042 0.0331 0.0068 0.0195 0.0052 0.0091 7e-04 0.0053 0.0417 0.033 0.0069 0.0195 0.0056 0.0082 7e-04 0.0051 0.0417 0.0329
176 0.0152 0.016 0.0205 0.0201 0.001 0.002 0.0355 0.0453 0.015 0.016 0.0186 0.0182 0.0014 0.0023 0.0352 0.045 0.015 0.016 0.0182 0.018 0.0016 0.0024 0.0351 0.0449
87 0.0205 0.0198 0.0027 0.0032 0.0011 0.0016 0.0455 0.0382 0.0206 0.0196 0.0022 0.0028 0.0011 0.0017 0.0452 0.0382 0.0206 0.0196 0.0021 0.0027 0.0013 0.0015 0.0452 0.0383
26 0.0176 0.0153 9e-04 9e-04 0.0283 0.0318 0.0419 0.0409 0.0175 0.0154 0.0012 0.0013 0.0274 0.0302 0.0412 0.0409 0.0175 0.0153 0.0013 0.0016 0.0273 0.0299 0.0414 0.0408
296 0.0025 0.0043 0.0031 0.0041 0.0114 0.0124 0.0441 0.0416 0.0024 0.0042 0.0029 0.0039 0.0151 0.0164 0.0442 0.0416 0.0023 0.0042 0.0025 0.0036 0.018 0.0195 0.0442 0.0415
107 0.0332 0.0148 0.0036 0.001 0.0017 0.0027 0.0478 0.0444 0.0328 0.0147 0.0034 0.001 0.0015 0.0024 0.0475 0.0445 0.0327 0.0147 0.0034 0.0011 0.0011 0.0021 0.0475 0.0444
437 0.014 0.0101 0.0033 0.0033 0.0072 0.0089 0.0378 0.045 0.0142 0.0102 0.0024 0.0025 0.006 0.0081 0.0374 0.0454 0.014 0.0102 0.0026 0.0026 0.0056 0.0078 0.0379 0.0451
146 0.1073 0.1032 7e-04 0.001 0.001 0.0034 0.0353 0.035 0.1073 0.1031 4e-04 8e-04 0.002 0.0044 0.0353 0.035 0.1074 0.1032 4e-04 7e-04 0.0022 0.0045 0.0353 0.0351
467 0.0154 0.0097 0.0027 0.0038 0.0062 0.0068 0.0459 0.0408 0.0154 0.0098 0.0025 0.0038 0.0061 0.0065 0.046 0.0408 0.0154 0.0099 0.0025 0.0038 0.0062 0.0066 0.046 0.0409
246 0.0112 0.0021 0.0171 0.0188 0.0084 0.0094 0.034 0.0421 0.0112 0.0022 0.0196 0.0205 0.01 0.0106 0.0336 0.0421 0.0111 0.0022 0.0201 0.0205 0.0103 0.0109 0.0333 0.0422
226 0.0151 0.0088 0.0017 0.0054 0.0062 0.0086 0.042 0.0436 0.0149 0.0088 0.0023 0.0058 0.0064 0.0087 0.0419 0.0437 0.0149 0.0088 0.0025 0.0058 0.0063 0.0087 0.0419 0.0438
527 0.0111 0.0027 0.001 0.0014 0.0118 0.0123 0.0432 0.0397 0.0112 0.0027 0.0012 0.0017 0.0106 0.0113 0.0434 0.0395 0.0113 0.0027 0.0013 0.0018 0.0104 0.0111 0.0433 0.0395
157 0.0131 0.002 0.0059 0.0079 0.0039 0.0079 0.0454 0.0373 0.0134 0.002 0.0055 0.0078 0.0036 0.0073 0.0458 0.0372 0.0134 0.0021 0.0055 0.0078 0.0035 0.0068 0.0459 0.0371
306 0.0145 0.1217 0.004 0.0076 0.016 0.0183 0.0426 0.0413 0.0146 0.1214 0.0037 0.0078 0.0157 0.0177 0.0424 0.041 0.0146 0.1209 0.0037 0.0084 0.0157 0.0167 0.0426 0.041
57 0.0088 0.0083 0.0157 0.0153 0.0142 0.0174 0.0312 0.0391 0.0088 0.008 0.0124 0.012 0.0113 0.0142 0.0312 0.0387 0.0088 0.0082 0.0123 0.0119 0.0111 0.0142 0.0312 0.0387
367 0.0766 0.0503 2e-04 0.0015 0.001 0.0054 0.0364 0.0371 0.0767 0.0499 9e-04 0.0022 0.0011 0.0053 0.0367 0.037 0.0767 0.05 0.001 0.0024 0.0011 0.0054 0.0367 0.037
446 0.0137 0.012 0.0016 0.0058 0.0062 0.0084 0.0447 0.0319 0.0139 0.0119 0.002 0.0053 0.0074 0.01 0.0448 0.0317 0.0139 0.0118 0.002 0.0053 0.0071 0.0098 0.0451 0.0316
256 0.0143 0.0087 0.0018 0.0197 0.0063 0.0072 0.0445 0.0416 0.0146 0.0086 0.0011 0.018 0.0064 0.007 0.0447 0.0415 0.0146 0.0086 0.001 0.0176 0.0064 0.007 0.0447 0.0415
197 0.0072 0.0328 0.0119 0.0121 0.0037 0.007 0.042 0.0399 0.0073 0.0327 0.0122 0.0124 0.0027 0.0059 0.042 0.0397 0.0073 0.0328 0.0123 0.0126 0.0025 0.0057 0.0421 0.0397
517 0.0037 0.1337 0.0022 0.0031 0.031 0.0347 0.0421 0.0389 0.0038 0.1334 0.0019 0.0028 0.0278 0.0314 0.0421 0.0388 0.0038 0.1334 0.0018 0.0028 0.027 0.0306 0.0421 0.0388
206 0.0044 0.0057 0.0063 0.0074 0.0046 0.0053 0.0313 0.0367 0.0044 0.0058 0.0074 0.0084 0.004 0.0051 0.0317 0.0366 0.0044 0.0058 0.0078 0.0087 0.004 0.0049 0.0319 0.0367
507 0.0216 0.046 1e-04 0.0019 0.006 0.0082 0.0412 0.0411 0.0216 0.0458 3e-04 0.0017 0.0061 0.0081 0.0413 0.0412 0.0214 0.0458 3e-04 0.002 0.006 0.008 0.041 0.0411
337 0.0098 0.0274 0.009 0.0135 0.0109 0.012 0.0445 0.0379 0.0099 0.0273 0.0083 0.0132 0.013 0.014 0.0446 0.0378 0.0099 0.0273 0.0082 0.013 0.0138 0.0149 0.0446 0.0378
267 0.0045 0.0017 0.0032 0.0029 0.0039 0.0071 0.0434 0.044 0.0047 0.0017 0.0023 0.002 0.0045 0.0081 0.0435 0.0438 0.0047 0.0017 0.0022 0.0019 0.0046 0.0085 0.0436 0.044
386 0.0459 0.0468 0.007 0.0075 0.0227 0.0243 0.0311 0.0376 0.0457 0.047 0.0061 0.0062 0.0229 0.0245 0.0309 0.0376 0.0454 0.0469 0.0062 0.0068 0.0228 0.0245 0.031 0.038
67 0.0144 0.0027 0.0025 0.0024 0.0025 0.0024 0.0343 0.0406 0.0145 0.0027 0.0027 0.0025 0.0031 0.0029 0.0343 0.0406 0.0145 0.0028 0.0027 0.0026 0.0033 0.003 0.0343 0.0406
377 0.0147 0.1082 0.0014 0.0018 0.0047 0.0058 0.0322 0.038 0.0147 0.1078 0.0017 0.002 0.006 0.0068 0.0324 0.0381 0.0147 0.1078 0.0018 0.0022 0.006 0.0068 0.0327 0.038
476 0.002 0.0142 1e-04 0.0054 0.0014 0.6639 0.0386 0.3043 0.0017 0.0114 2e-04 0.0061 0.0015 0.0031 0.0388 0.0367 0.0016 0.0116 1e-04 0.0075 0.0014 0.003 0.0391 0.0367
136 0.0038 0.0254 0.0089 0.0088 0.002 0.0014 0.0443 0.0425 0.0041 0.0251 0.0093 0.009 0.0022 0.0015 0.0448 0.0427 0.0042 0.025 0.0088 0.0086 0.0021 0.0017 0.0447 0.0426
426 0.0278 0.1324 0.019 0.0272 0.0103 0.0135 0.039 0.0379 0.028 0.1322 0.017 0.0258 0.0105 0.0136 0.0391 0.0379 0.028 0.1322 0.0166 0.0256 0.0105 0.0135 0.0391 0.0379
417 0.003 0.0083 0.0371 0.0382 0.0017 0.0041 0.0333 0.0395 0.0029 0.0084 0.0334 0.0345 0.0013 0.0037 0.0332 0.0397 0.0029 0.0084 0.0325 0.0335 0.0012 0.0036 0.0332 0.0397
327 0.0214 0.0611 0.0017 4e-04 0.0012 0.0035 0.0428 0.0401 0.0212 0.0611 0.0015 5e-04 0.0017 0.0038 0.0428 0.0397 0.0213 0.0611 0.0013 4e-04 0.0018 0.0039 0.0425 0.0397
556 0.0301 0.0261 0.0154 0.0155 0.0015 0.0033 0.0393 0.0435 0.03 0.0263 0.0151 0.0153 0.0014 0.0035 0.0394 0.0435 0.03 0.0263 0.0152 0.0153 0.0015 0.0034 0.0395 0.0436
216 0.0069 0.0044 0.0195 0.0198 0.0082 0.0115 0.0424 0.0405 0.0068 0.0044 0.0199 0.0201 0.006 0.0087 0.0423 0.0405 0.0068 0.0044 0.0196 0.02 0.0054 0.008 0.0423 0.0405
497 0.0161 0.0091 0.001 3e-04 6e-04 0.0013 0.0459 0.034 0.0159 0.0091 0.0014 9e-04 7e-04 0.0012 0.0458 0.0341 0.0158 0.0091 0.0018 0.0011 7e-04 0.0012 0.0459 0.0342
542 0.0134 0.0027 0.0099 0.0101 5e-04 0.0024 0.0413 0.0411 0.0137 0.0026 0.0098 0.0101 5e-04 0.0024 0.0415 0.0411 0.0137 0.0027 0.0099 0.0102 5e-04 0.002 0.0415 0.041
397 0.0046 0.0049 0.0029 0.004 0.0031 0.0036 0.0376 0.0356 0.0046 0.0048 0.0038 0.0063 0.0022 0.0029 0.0378 0.0357 0.0045 0.0047 0.0043 0.0064 0.002 0.0028 0.0377 0.0356
77 0.0152 0.0138 8e-04 0.001 0.0043 0.0054 0.0443 0.0378 0.0154 0.014 2e-04 5e-04 0.0051 0.006 0.0445 0.0375 0.0154 0.0139 2e-04 5e-04 0.005 0.006 0.0446 0.0375
287 0.0068 0.0371 0.0024 0.004 0.001 0.0036 0.0343 0.0413 0.0067 0.0372 0.002 0.0033 9e-04 0.004 0.034 0.0415 0.0067 0.037 0.0017 0.0032 9e-04 0.0041 0.034 0.0415
257 0.0314 0.0428 0.0096 0.0094 0.0015 0.0019 0.0385 0.0392 0.0315 0.0425 0.0103 0.0103 0.0014 0.0016 0.0382 0.0392 0.0315 0.0425 0.0104 0.0104 0.0014 0.0015 0.0383 0.0392
487 0.0213 0.0174 0.0014 0.0014 9e-04 0.0027 0.0437 0.0398 0.0214 0.0174 5e-04 6e-04 0.001 0.0024 0.0436 0.0397 0.0213 0.0175 4e-04 4e-04 0.001 0.0023 0.0436 0.0397
97 0.0078 0.0356 5e-04 0.0011 0.0065 0.0068 0.044 0.0432 0.0078 0.0355 5e-04 0.001 0.0047 0.0049 0.0438 0.043 0.0077 0.0355 5e-04 9e-04 0.0044 0.0046 0.0437 0.0429
457 0.0114 0.0157 0.0165 0.0168 0.0022 0.0047 0.0429 0.0368 0.011 0.0156 0.0169 0.0172 0.0026 0.005 0.0425 0.0365 0.0109 0.0156 0.0171 0.0174 0.0026 0.005 0.0424 0.0365
47 0.0158 0.0026 0.0017 0.0069 0.0068 0.0074 0.0522 0.0414 0.0158 0.0027 0.0025 0.008 0.0075 0.0086 0.0523 0.0412 0.0158 0.0025 0.0026 0.0081 0.0087 0.0099 0.0522 0.0411
177 0.0168 0.0371 6e-04 5e-04 0.0024 0.003 0.0378 0.0407 0.0167 0.037 7e-04 5e-04 0.0031 0.0035 0.0379 0.041 0.0166 0.0369 7e-04 5e-04 0.0038 0.0041 0.038 0.0411
427 0.0121 0.064 0.0014 0.0021 0.0027 0.0039 0.0403 0.0387 0.0119 0.0638 5e-04 0.0011 0.0028 0.0046 0.0403 0.0386 0.012 0.0637 7e-04 0.002 0.0029 0.0042 0.0407 0.0386
297 0.0126 0.0667 0.0098 0.0103 0.0306 0.0309 0.047 0.0441 0.0126 0.0666 0.0104 0.011 0.027 0.0273 0.0466 0.0439 0.0126 0.0666 0.0103 0.011 0.0267 0.0269 0.0466 0.0438
307 0.0067 0.0642 6e-04 0.0045 0.0021 0.0056 0.04 0.0402 0.0065 0.0644 8e-04 0.0045 0.0016 0.0052 0.0399 0.04 0.0066 0.0644 8e-04 0.0042 0.0016 0.0055 0.0398 0.0402
27 0.0213 0.0306 0.0174 0.0184 0.0141 0.0174 0.0503 0.0404 0.0209 0.0307 0.0158 0.0165 0.0166 0.0199 0.05 0.0407 0.0208 0.0309 0.0152 0.0161 0.017 0.0204 0.0501 0.0406
447 0.0126 0.0131 0.0099 0.0099 0.0059 0.0079 0.0363 0.0447 0.0129 0.0131 0.0097 0.0095 0.0052 0.0069 0.0365 0.0448 0.0129 0.013 0.0095 0.0088 0.0049 0.0065 0.0364 0.0449
387 0.0105 0.0141 8e-04 0.0012 0.0023 0.0036 0.0367 0.0411 0.0106 0.0139 8e-04 0.0012 0.0024 0.0037 0.0368 0.0409 0.0106 0.0139 8e-04 0.0013 0.0024 0.0037 0.0368 0.0409
147 0.0052 0.0199 0.003 0.0035 0.0039 0.0093 0.0344 0.0405 0.0052 0.0196 0.0031 0.0036 0.0036 0.009 0.0344 0.0402 0.0053 0.0197 0.0031 0.0036 0.0037 0.0088 0.0343 0.0403
207 0.0191 0.0026 0.0014 0.0046 0.0011 0.0015 0.0374 0.0406 0.019 0.0027 0.002 0.0053 0.0012 0.0014 0.0374 0.0405 0.019 0.0026 0.0022 0.0058 0.0012 0.0016 0.0375 0.0404
247 0.0021 0.0045 0.0066 0.0066 0.0026 0.0079 0.0385 0.0382 0.0021 0.0044 0.0053 0.0049 0.0026 0.0074 0.0383 0.0375 0.0021 0.0044 0.0052 0.0047 0.0026 0.0074 0.0384 0.0375
477 0.0103 0.0067 8e-04 0.0019 0.0018 0.0023 0.0467 0.044 0.0103 0.0065 9e-04 0.0017 0.0018 0.0022 0.0466 0.0439 0.0103 0.0065 9e-04 0.0017 0.0019 0.0023 0.0465 0.0438
347 0.0059 0.0058 0.0112 0.0138 0.0045 0.0046 0.0446 0.0349 0.0059 0.006 0.0081 0.0102 0.0045 0.005 0.0446 0.0351 0.0061 0.006 0.0072 0.0096 0.0045 0.005 0.0448 0.0351
137 0.0142 0.012 0.0221 0.022 5e-04 0.0052 0.0421 0.0375 0.0144 0.012 0.0202 0.0202 6e-04 0.0048 0.0423 0.0373 0.0145 0.012 0.0193 0.0193 6e-04 0.0047 0.0426 0.0375
227 0.0034 0.0091 0.0025 0.0028 0.0126 0.014 0.0363 0.0369 0.0034 0.0092 0.002 0.0023 0.0117 0.0128 0.0362 0.0368 0.0034 0.0092 0.002 0.002 0.0113 0.0124 0.036 0.0374
217 0.0018 0.0112 0.0015 0.0019 0.0021 0.0027 0.0359 0.0371 0.0018 0.0109 8e-04 0.002 0.0018 0.0021 0.0361 0.0365 0.0018 0.011 7e-04 0.0015 0.0017 0.0022 0.0361 0.0366
543 0.009 0.0404 0.0026 0.0029 0.0046 0.0111 0.0396 0.0395 0.0092 0.0408 0.0023 0.0024 0.0042 0.0107 0.0397 0.0395 0.0092 0.0404 0.0023 0.0025 0.0044 0.0108 0.0396 0.0393
557 0.0184 0.0162 0.0028 0.0047 0.002 0.0028 0.0426 0.0399 0.0184 0.0162 0.0021 0.0029 0.0022 0.0034 0.0419 0.0399 0.0183 0.0163 0.0021 0.0031 0.0023 0.0035 0.0419 0.04
544 0.044 0.1043 0.0147 0.016 0.0028 0.003 0.0399 0.0398 0.044 0.1041 0.0127 0.014 0.0027 0.0031 0.0397 0.0396 0.044 0.1041 0.0125 0.0143 0.0027 0.0034 0.0407 0.0395
545 0.0105 0.0352 3e-04 7e-04 0.0058 0.0087 0.0452 0.0439 0.0109 0.0351 2e-04 8e-04 0.005 0.0074 0.0456 0.0436 0.0105 0.0352 2e-04 6e-04 0.0048 0.0072 0.0451 0.0435
546 0.0013 0.0158 0.0096 0.0112 0.0138 0.0187 0.0472 0.0487 0.0011 0.0159 0.0125 0.0137 0.0128 0.0178 0.0468 0.0484 0.0011 0.0159 0.0131 0.0141 0.0126 0.0177 0.0466 0.0484
547 0.0109 0.0284 0.0401 0.0398 0.0025 0.0036 0.0435 0.0423 0.0109 0.0282 0.04 0.0396 0.0024 0.0035 0.0434 0.042 0.0109 0.0282 0.0396 0.0393 0.0024 0.0035 0.0435 0.0419
"Mean1" "Mean2" "YPC1" "YPC2" "ZPC1" "ZPC2" "IND1" "IND2"
"t" 14.15 20.72 5.94 7.44 5.92 8.97 41.28 40.6
"slash" 14.13 20.69 5.81 7.32 5.82 7.54 41.26 40.01
"norm" 14.14 20.69 5.81 7.35 5.83 8.47 41.28 40.64
