"x"
"1" "Generate from n distribution. Repeat 550 times. The variance of residual is 0.04 . The outlier observations is percent = 0.01 ."
"x"
"1" "== degree of freedom:  1 =="
459 0.0639 0.0725 0.0903 0.0892 0.0242 0.0289 0.0614 0.0679 0.064 0.0724 0.0464 0.045 0.0162 0.023 0.0616 0.0679 0.0638 0.0722 0.3855 0.3593 0.045 0.0492 0.0608 0.0676
162 0.1115 0.0869 0.0541 0.0639 0.1496 0.152 0.0679 0.0658 0.1116 0.0871 0.0483 0.0607 0.1278 0.1305 0.0683 0.0658 0.1111 0.0869 0.0747 0.0775 0.1808 0.1836 0.0677 0.0658
536 0.0967 0.1346 0.0292 0.032 0.1408 0.1453 0.0685 0.0683 0.0967 0.1351 0.0134 0.0231 0.0847 0.0873 0.0687 0.0684 0.0968 0.1352 0.0867 0.0898 0.2817 0.2878 0.0682 0.068
525 0.0207 0.0383 0.1191 0.1273 0.043 0.0425 0.0633 0.0679 0.0206 0.0372 0.0986 0.1043 0.013 0.0126 0.0624 0.0698 0.0212 0.0378 0.2002 0.2174 0.3026 0.3085 0.0625 0.0687
382 0.1352 0.0266 0.1454 0.1457 0.0867 0.0887 0.0704 0.071 0.1351 0.0269 0.1122 0.1131 0.0841 0.086 0.0703 0.0711 0.1354 0.0271 0.2414 0.2358 0.0981 0.1002 0.0703 0.0708
294 0.2382 0.1086 0.2123 0.2044 0.0197 0.0286 0.0617 0.0644 0.238 0.1086 0.178 0.1722 0.0196 0.0301 0.0619 0.0642 0.238 0.1087 0.3152 0.2978 0.0907 0.0921 0.061 0.0638
481 0.264 0.1159 0.01 0.0122 0.0273 0.0366 0.0605 0.0638 0.264 0.1159 0.0121 0.0141 0.0317 0.0398 0.0606 0.0638 0.264 0.1162 0.0127 0.0142 0.0325 0.0407 0.0605 0.0638
85 0.2053 0.0647 0.1251 0.1328 0.238 0.2439 0.0594 0.0672 0.2054 0.0647 0.1233 0.131 0.22 0.2258 0.0595 0.0668 0.2054 0.0647 0.1293 0.1374 0.2667 0.2727 0.0594 0.0668
41 0.09 0.0374 0.059 0.0619 0.0422 0.0411 0.0639 0.0682 0.0898 0.037 0.0381 0.0397 0.0341 0.0335 0.0656 0.0672 0.0896 0.0371 0.115 0.1216 0.0989 0.0996 0.0638 0.0673
327 0.0402 0.1837 0.1692 0.1715 0.0464 0.0489 0.0653 0.0643 0.0404 0.1835 0.1186 0.1226 0.0354 0.0385 0.0658 0.0644 0.0408 0.1835 0.2502 0.2464 0.0613 0.0637 0.0655 0.0644
173 0.1082 0.0742 0.1475 0.1577 0.0867 0.0899 0.067 0.0714 0.1083 0.0743 0.0504 0.0518 0.058 0.0618 0.0689 0.0712 0.108 0.0747 0.3199 0.3538 0.142 0.1464 0.0667 0.0715
118 0.1812 0.0907 0.0679 0.0721 0.1908 0.1977 0.0624 0.071 0.1812 0.0906 0.0735 0.078 0.1263 0.1317 0.0624 0.0719 0.181 0.0906 0.0474 0.0505 0.4196 0.4292 0.0621 0.0708
107 0.1174 0.0242 0.0287 0.0248 0.187 0.1897 0.0684 0.0702 0.1173 0.0243 0.0185 0.0144 0.1466 0.1481 0.0681 0.0702 0.1171 0.0246 0.0575 0.0578 0.2927 0.2963 0.068 0.07
283 0.1826 0.1328 0.0378 0.0402 0.0097 0.0192 0.0653 0.0635 0.1825 0.1331 0.0082 0.0147 0.0113 0.0188 0.0659 0.0634 0.1826 0.1334 0.3071 0.2957 0.0682 0.0692 0.0649 0.0625
228 0.0787 0.0188 0.0835 0.0857 0.0538 0.0605 0.0701 0.0668 0.0787 0.0191 0.0498 0.0495 0.0473 0.0539 0.0702 0.0668 0.0783 0.0193 0.1514 0.1601 0.0522 0.0591 0.07 0.067
261 0.0875 0.0962 0.1033 0.1078 0.0469 0.0518 0.0693 0.0646 0.0874 0.0959 0.0781 0.0813 0.0522 0.0565 0.0694 0.0645 0.0881 0.0961 0.299 0.3266 0.0591 0.0612 0.069 0.0645
250 0.053 0.0961 0.0318 0.0356 0.0157 0.0191 0.0623 0.0691 0.0531 0.0962 0.0302 0.0339 0.0164 0.0191 0.0623 0.069 0.0531 0.0962 0.0295 0.0333 0.017 0.0193 0.0623 0.069
272 0.1361 0.1249 0.1412 0.153 0.0072 0.0132 0.0642 0.068 0.1366 0.1249 0.0878 0.0951 0.0072 0.0142 0.0648 0.0682 0.1362 0.1247 0.3092 0.3435 0.0693 0.0732 0.0642 0.0676
514 0.2506 0.1503 0.0967 0.0967 0.131 0.1326 0.064 0.0658 0.2507 0.1498 0.0665 0.0661 0.1134 0.1147 0.0642 0.0665 0.2503 0.1503 0.2562 0.2495 0.2808 0.2851 0.0636 0.0661
74 0.0981 0.0802 0.1529 0.1542 0.2243 0.23 0.0627 0.0712 0.0979 0.0799 0.1276 0.1297 0.1903 0.1954 0.0633 0.0708 0.0987 0.0798 0.4158 0.3856 0.3756 0.3822 0.0618 0.0716
30 0.1339 0.02 0.1232 0.1223 0.0161 0.0179 0.0632 0.0692 0.134 0.0198 0.0772 0.0766 0.0176 0.0178 0.0629 0.0691 0.1338 0.0197 0.3075 0.2933 0.0138 0.0156 0.0632 0.0695
195 0.144 0.1316 0.0338 0.0328 0.0279 0.0257 0.0616 0.0646 0.144 0.1318 0.0377 0.0376 0.04 0.0381 0.0612 0.0645 0.144 0.1316 0.0236 0.0222 0.021 0.0193 0.0613 0.0645
371 0.1252 0.1616 0.0255 0.0273 0.0476 0.0525 0.063 0.0653 0.1252 0.1618 0.0063 0.0178 0.0348 0.0402 0.0633 0.0656 0.1257 0.1626 0.4372 0.4029 0.211 0.2169 0.0622 0.0645
63 0.0687 0.089 0.1883 0.2039 0.0135 0.0147 0.0669 0.0573 0.0688 0.0883 0.1349 0.1447 0.0107 0.0148 0.0682 0.0572 0.0694 0.0888 0.517 0.5858 0.0208 0.0221 0.0669 0.0575
448 0.0587 0.0632 0.0334 0.0319 0.0146 0.0136 0.0582 0.0602 0.0586 0.0631 0.0358 0.0344 0.0148 0.0137 0.0582 0.0601 0.0586 0.0631 0.0368 0.0354 0.0149 0.0139 0.0582 0.0601
151 0.0214 0.1174 0.0354 0.036 0.062 0.0699 0.0636 0.0666 0.0212 0.1171 0.0588 0.0564 0.065 0.0725 0.063 0.0667 0.0213 0.1175 0.0864 0.0942 0.0505 0.0593 0.0624 0.0665
503 0.0504 0.2134 0.0046 0.0283 0.0157 0.021 0.0716 0.0683 0.0506 0.2131 0.0167 0.0322 0.0259 0.023 0.0718 0.0684 0.0509 0.2131 0.0896 0.0918 0.2341 0.2406 0.0717 0.0681
415 0.1318 0.107 0.0712 0.0743 0.0337 0.0345 0.0599 0.0664 0.1318 0.1066 0.0446 0.0471 0.0142 0.0125 0.0605 0.067 0.1324 0.1072 0.3609 0.3418 0.3965 0.4024 0.0601 0.0658
206 0.0635 0.092 0.0085 0.0147 0.0242 0.0227 0.0597 0.0655 0.0634 0.0917 0.0162 0.0175 0.0284 0.0274 0.0596 0.0656 0.0642 0.0921 0.0088 0.0177 0.0154 0.0146 0.0589 0.0658
492 0.1066 0.2035 0.0646 0.0647 0.0876 0.0898 0.0585 0.0601 0.1053 0.2034 0.0246 0.0233 0.0612 0.063 0.0591 0.0607 0.1067 0.2045 0.3489 0.3296 0.291 0.2963 0.0579 0.0596
239 0.1105 0.1346 0.0972 0.1002 0.1035 0.1069 0.0667 0.0647 0.1106 0.1345 0.0545 0.0542 0.1079 0.1113 0.067 0.0648 0.1105 0.1347 0.146 0.1532 0.0972 0.1005 0.0668 0.0648
437 0.0996 0.1377 0.0549 0.0571 0.1593 0.1618 0.0614 0.0704 0.0995 0.1378 0.0476 0.0496 0.117 0.1195 0.0613 0.0708 0.0993 0.1372 0.0862 0.0891 0.4167 0.423 0.0611 0.0703
217 0.146 0.1135 0.057 0.0638 0.0456 0.045 0.0642 0.0656 0.146 0.1135 0.0523 0.0588 0.0171 0.0166 0.0642 0.066 0.1458 0.1137 0.0609 0.0678 0.1644 0.1658 0.0643 0.0659
8 0.0266 0.0386 0.1628 0.1742 0.0639 0.0666 0.0633 0.0625 0.0266 0.0385 0.0812 0.0855 0.0563 0.0597 0.0628 0.0624 0.0267 0.0389 0.3537 0.3918 0.1019 0.1051 0.0631 0.0622
547 0.0241 0.1835 0.2925 0.281 0.0371 0.0392 0.0657 0.0666 0.0243 0.1836 0.2623 0.2542 0.0264 0.0297 0.066 0.0667 0.0236 0.184 0.4329 0.3973 0.147 0.1487 0.0654 0.0663
163 0.0704 0.1056 0.1452 0.1529 0.1426 0.1446 0.0692 0.0716 0.0702 0.1059 0.143 0.1509 0.1116 0.1128 0.0687 0.0724 0.0694 0.1057 0.1518 0.1592 0.2129 0.2164 0.0699 0.0715
129 0.128 0.1182 0.1327 0.1312 0.0421 0.0421 0.0669 0.0656 0.1281 0.1181 0.129 0.1273 0.0323 0.0334 0.067 0.0658 0.1279 0.1183 0.1402 0.1387 0.0685 0.0685 0.067 0.0657
470 0.1392 0.0796 0.0248 0.023 0.0633 0.0672 0.0663 0.0689 0.1392 0.0793 0.0083 0.0132 0.0331 0.0386 0.0665 0.0687 0.1393 0.0798 0.161 0.1594 0.3013 0.3069 0.0664 0.0682
52 0.1432 0.1152 0.0828 0.0865 0.0362 0.0346 0.07 0.0645 0.1431 0.1153 0.0796 0.0831 0.0361 0.0352 0.0702 0.0647 0.1432 0.1153 0.0916 0.0961 0.0254 0.022 0.0695 0.0646
404 0.0301 0.0631 0.1128 0.1153 0.0129 0.0136 0.059 0.0662 0.0301 0.0631 0.0746 0.077 0.0384 0.0333 0.0595 0.0666 0.0301 0.0633 0.1951 0.1946 0.0517 0.0535 0.0589 0.0661
360 0.0398 0.0948 0.1044 0.1053 0.07 0.0744 0.0647 0.0684 0.0399 0.0945 0.1077 0.1087 0.0495 0.0536 0.0643 0.0686 0.0403 0.0944 0.1146 0.1153 0.1975 0.2042 0.0644 0.0681
460 0.0746 0.0466 0.1182 0.124 0.0475 0.0423 0.0623 0.0663 0.0742 0.0465 0.1074 0.1124 0.0299 0.0257 0.0623 0.0665 0.0744 0.0468 0.1623 0.1717 0.2226 0.2209 0.0628 0.0658
426 0.1435 0.2675 0.0248 0.0269 0.1277 0.1319 0.0632 0.0642 0.1427 0.2675 0.0356 0.0388 0.1082 0.1116 0.0637 0.0642 0.1434 0.2672 0.02 0.0281 0.1721 0.1768 0.0623 0.0643
305 0.1052 0.1039 0.0615 0.0655 0.0096 0.0124 0.0672 0.0628 0.1053 0.1039 0.0525 0.0555 0.0145 0.0159 0.0671 0.0628 0.1056 0.1047 0.1399 0.1504 0.0445 0.0455 0.0671 0.063
316 0.0474 0.0856 0.0999 0.1007 0.0343 0.0361 0.0658 0.0663 0.0474 0.0857 0.089 0.0899 0.0445 0.0471 0.0654 0.0666 0.0473 0.0856 0.2291 0.2244 0.0393 0.0378 0.0654 0.0658
393 0.113 0.0372 0.0835 0.0909 0.0551 0.0518 0.0637 0.0636 0.113 0.0368 0.0903 0.0984 0.0662 0.0624 0.0639 0.0634 0.113 0.0369 0.0969 0.1041 0.0736 0.0697 0.0637 0.0633
140 0.0887 0.0279 0.1734 0.1861 0.0149 0.0213 0.0646 0.0653 0.0893 0.0273 0.1337 0.1416 0.0174 0.0237 0.0649 0.0654 0.0883 0.0274 0.3975 0.4468 0.0213 0.024 0.0643 0.0654
526 0.1269 0.0778 0.0418 0.0449 0.0181 0.0182 0.0644 0.0719 0.1267 0.0777 0.046 0.0495 0.0156 0.017 0.0645 0.0718 0.1271 0.0777 0.0482 0.052 0.0142 0.0163 0.0644 0.0719
184 0.1167 0.1696 0.0151 0.015 0.0188 0.0165 0.066 0.0651 0.1167 0.1697 0.015 0.0156 0.0184 0.0163 0.0663 0.0651 0.117 0.1694 0.0153 0.015 0.0185 0.0164 0.0658 0.0651
471 0.0677 0.1854 0.0198 0.0247 0.0674 0.071 0.0678 0.0549 0.0677 0.1856 0.0187 0.0231 0.0681 0.0718 0.0677 0.055 0.0677 0.1857 0.0187 0.023 0.068 0.0716 0.0677 0.055
96 0.018 0.0362 0.0275 0.0318 0.1228 0.1245 0.0595 0.064 0.0181 0.0362 0.0142 0.0189 0.1005 0.1022 0.0595 0.0642 0.018 0.0362 0.1888 0.2072 0.3793 0.3837 0.0595 0.0635
338 0.0983 0.1356 0.0721 0.0742 0.1623 0.1683 0.0605 0.0712 0.0984 0.1356 0.0621 0.0639 0.1181 0.1225 0.0605 0.0716 0.0982 0.1356 0.1306 0.1323 0.3525 0.3612 0.0603 0.0707
349 0.0224 0.0779 0.144 0.1549 0.0611 0.0603 0.0672 0.0677 0.0221 0.0779 0.0745 0.0795 0.0537 0.0528 0.0686 0.0675 0.0219 0.0779 0.3209 0.3539 0.1265 0.129 0.0674 0.0681
19 0.0985 0.0998 0.18 0.1921 0.0231 0.0229 0.0636 0.0662 0.0982 0.0999 0.0939 0.0973 0.0225 0.0225 0.0634 0.0663 0.099 0.0999 0.4791 0.5394 0.0314 0.0292 0.0627 0.0663
86 0.1524 0.0506 0.0577 0.0609 0.0121 0.0285 0.0627 0.0626 0.1522 0.0507 0.014 0.02 0.0129 0.0282 0.0628 0.0626 0.1529 0.0509 0.4617 0.5256 0.0402 0.0423 0.0625 0.0622
31 0.0778 0.0413 0.1572 0.1582 0.132 0.1331 0.0644 0.062 0.078 0.0411 0.1338 0.1357 0.0842 0.0844 0.0646 0.0619 0.0774 0.0412 0.2626 0.2562 0.3633 0.3695 0.0639 0.0622
262 0.1636 0.1072 0.0262 0.0322 0.0351 0.0352 0.0665 0.068 0.1636 0.1071 0.0241 0.031 0.0433 0.0443 0.0666 0.0681 0.1632 0.1074 0.0202 0.0279 0.0239 0.0204 0.0669 0.0686
130 0.0735 0.1026 0.1154 0.1153 0.1153 0.112 0.0653 0.0671 0.0735 0.1027 0.1095 0.1096 0.081 0.0771 0.0653 0.067 0.0733 0.1024 0.1189 0.1187 0.1817 0.18 0.0653 0.0668
361 0.1169 0.0514 0.1706 0.1665 0.04 0.0423 0.0708 0.0675 0.1165 0.0515 0.0821 0.0801 0.0387 0.0404 0.0711 0.0671 0.1164 0.0511 0.6569 0.5487 0.0853 0.0877 0.0705 0.0669
141 0.0455 0.1253 0.054 0.0587 0.039 0.0409 0.0638 0.0652 0.0457 0.1253 0.0417 0.047 0.0459 0.0478 0.0639 0.0651 0.0457 0.1253 0.0403 0.0459 0.0469 0.0488 0.0639 0.0651
537 0.1715 0.2903 0.0976 0.103 0.0851 0.087 0.0644 0.0688 0.1706 0.2906 0.0759 0.0794 0.0849 0.0867 0.0649 0.069 0.1711 0.2905 0.5749 0.6565 0.0406 0.0445 0.0641 0.0683
527 0.1658 0.2256 0.1012 0.1063 0.102 0.0994 0.069 0.0698 0.1658 0.2253 0.0779 0.0815 0.0866 0.0836 0.0691 0.0701 0.1655 0.225 0.1966 0.2119 0.1504 0.1504 0.0678 0.0693
383 0.1545 0.068 0.0689 0.0729 0.0374 0.0409 0.0675 0.0624 0.1545 0.0681 0.0165 0.0142 0.0249 0.0252 0.0688 0.0624 0.1545 0.0672 0.4366 0.4009 0.0278 0.0315 0.0674 0.0623
42 0.0364 0.0807 0.0526 0.0551 0.0829 0.0832 0.0628 0.0653 0.0361 0.0806 0.0519 0.0558 0.0492 0.0501 0.0628 0.0655 0.0364 0.0807 0.0642 0.0676 0.1952 0.1984 0.0625 0.0649
284 0.2853 0.0576 0.1745 0.1873 0.3201 0.3222 0.0636 0.0611 0.2852 0.0577 0.1334 0.1423 0.255 0.2559 0.0635 0.0607 0.2855 0.0575 0.2826 0.3089 0.4805 0.4842 0.0635 0.0597
504 0.0803 0.1007 0.0542 0.0528 0.152 0.157 0.0723 0.066 0.0801 0.1006 0.0426 0.0409 0.0847 0.088 0.0724 0.0663 0.0802 0.1008 0.068 0.0668 0.2676 0.2739 0.0722 0.066
273 0.2311 0.0901 0.1494 0.1592 0.131 0.13 0.0623 0.0652 0.2312 0.0903 0.142 0.1508 0.0958 0.0941 0.0624 0.0655 0.2315 0.0899 0.2188 0.2383 0.4094 0.4136 0.0621 0.0644
438 0.2076 0.1357 0.0595 0.0619 0.11 0.1111 0.0687 0.0649 0.2075 0.1358 0.0587 0.0609 0.0979 0.0992 0.0683 0.0648 0.2076 0.1353 0.0695 0.0718 0.1436 0.1452 0.0684 0.0643
405 0.1017 0.1009 0.0387 0.039 0.0618 0.0627 0.0634 0.0635 0.1017 0.1005 0.0516 0.0519 0.0529 0.053 0.0629 0.0641 0.1019 0.1007 0.105 0.1109 0.2763 0.281 0.0631 0.0636
372 0.0501 0.1428 0.1306 0.1366 0.2098 0.2106 0.0542 0.0676 0.0498 0.1429 0.1183 0.1246 0.1637 0.1637 0.0544 0.0676 0.0502 0.1434 0.2199 0.2215 0.4446 0.4469 0.0547 0.0676
449 0.1153 0.3229 0.0063 0.0134 0.1343 0.1345 0.0642 0.0613 0.1152 0.3228 0.02 0.0212 0.1172 0.1165 0.0642 0.0613 0.1153 0.3222 0.0249 0.0311 0.2275 0.231 0.0642 0.0617
75 0.0988 0.0432 0.099 0.1059 0.0666 0.0668 0.065 0.0684 0.0989 0.0433 0.0627 0.0668 0.0654 0.0652 0.0647 0.0679 0.0991 0.0436 0.3445 0.3823 0.0782 0.0783 0.0645 0.068
295 0.0172 0.1555 0.0082 0.008 0.1173 0.1206 0.0658 0.0633 0.017 0.1555 0.0221 0.0233 0.0852 0.0884 0.0663 0.0635 0.0183 0.1555 0.1967 0.1928 0.3047 0.3123 0.0672 0.0628
108 0.0528 0.0868 0.0926 0.0982 0.2214 0.2274 0.0639 0.0655 0.053 0.0869 0.0903 0.0957 0.1614 0.1667 0.0639 0.0654 0.0526 0.0879 0.0948 0.1002 0.3848 0.3914 0.064 0.0657
174 0.0532 0.1114 0.0932 0.0935 0.0407 0.0386 0.0638 0.0639 0.0534 0.1117 0.0596 0.0594 0.0678 0.0661 0.0642 0.064 0.0536 0.1114 0.3603 0.3399 0.2587 0.2646 0.064 0.0642
64 0.1297 0.0618 0.0896 0.0914 0.1469 0.1501 0.0644 0.0697 0.1297 0.0618 0.0699 0.0698 0.1107 0.1131 0.0648 0.0705 0.1301 0.0621 0.2185 0.2344 0.2996 0.3063 0.0647 0.0693
317 0.0583 0.0835 0.0324 0.0333 0.0782 0.0743 0.0623 0.0627 0.0583 0.0835 0.0315 0.0324 0.0794 0.0754 0.0623 0.0627 0.0583 0.0834 0.0309 0.0318 0.0806 0.0766 0.0623 0.0627
119 0.1612 0.1708 0.0768 0.0812 0.1845 0.1891 0.0602 0.0691 0.1614 0.1705 0.0765 0.0808 0.1572 0.1613 0.0604 0.0689 0.1613 0.171 0.0896 0.095 0.2626 0.2686 0.0604 0.069
461 0.0706 0.128 0.0132 0.0176 0.269 0.2693 0.0705 0.0648 0.0703 0.1279 0.0169 0.0183 0.2338 0.2341 0.0705 0.0646 0.0707 0.1274 0.0287 0.0332 0.4621 0.4666 0.0715 0.0677
207 0.0843 0.1126 0.066 0.0677 0.0434 0.0406 0.059 0.0646 0.0842 0.1128 0.0645 0.0682 0.0455 0.0429 0.059 0.0643 0.0843 0.1128 0.0643 0.0668 0.0461 0.0435 0.0589 0.0643
515 0.0457 0.0817 0.0141 0.0199 0.1759 0.1785 0.0585 0.0678 0.0457 0.0816 0.0311 0.0323 0.1842 0.187 0.0582 0.0678 0.0457 0.0818 0.0327 0.0347 0.149 0.1513 0.0581 0.0678
548 0.0312 0.1488 0.0277 0.0282 0.0348 0.0358 0.0653 0.0662 0.031 0.1483 0.0126 0.0186 0.0162 0.0147 0.0659 0.0664 0.0311 0.1492 0.1772 0.1767 0.1268 0.132 0.0655 0.0665
229 0.0457 0.0286 0.0418 0.0444 0.1605 0.163 0.0693 0.0701 0.0458 0.0282 0.0426 0.0451 0.1204 0.1222 0.0695 0.0703 0.0452 0.0284 0.0253 0.0319 0.2475 0.2526 0.0694 0.0698
328 0.0878 0.0394 0.0028 0.0085 0.2045 0.2062 0.0654 0.0692 0.0878 0.0393 0.0028 0.0082 0.19 0.1915 0.0654 0.0689 0.0877 0.0393 0.0032 0.0087 0.2403 0.2433 0.0653 0.0692
482 0.0413 0.0844 0.0631 0.066 0.1475 0.1484 0.0572 0.072 0.0412 0.0844 0.0414 0.0429 0.1221 0.1226 0.0572 0.0726 0.0415 0.0846 0.0972 0.1034 0.1947 0.1964 0.0584 0.0724
416 0.1048 0.0725 0.0786 0.0844 0.0082 0.0214 0.0606 0.0627 0.1045 0.0723 0.0794 0.0851 0.0091 0.0187 0.0603 0.0629 0.1043 0.0726 0.0778 0.0835 0.0089 0.0222 0.0604 0.0627
43 0.0786 0.0627 0.0252 0.0227 0.0818 0.0809 0.066 0.0606 0.0785 0.0628 0.0197 0.0168 0.0696 0.0686 0.0663 0.0604 0.0783 0.063 0.0293 0.0271 0.1105 0.1106 0.0664 0.0603
53 0.1399 0.0905 0.0192 0.0194 0.0558 0.0569 0.0609 0.0649 0.1395 0.0902 0.0258 0.0256 0.0505 0.0513 0.0609 0.0656 0.1401 0.0905 0.0357 0.0371 0.0695 0.0711 0.0613 0.0648
306 0.0676 0.2982 0.2384 0.2679 0.1815 0.1837 0.0687 0.0632 0.0676 0.2981 0.1871 0.2106 0.1271 0.1279 0.069 0.0632 0.0676 0.2985 0.3222 0.3636 0.2769 0.2805 0.0688 0.0629
152 0.0639 0.0229 0.0811 0.0841 0.0327 0.0322 0.0695 0.0659 0.0639 0.023 0.0812 0.0843 0.0302 0.0299 0.0694 0.0659 0.0638 0.0233 0.0873 0.09 0.0401 0.0398 0.0695 0.066
394 0.0478 0.1031 0.1389 0.1411 0.0649 0.0668 0.068 0.0667 0.0477 0.1022 0.1145 0.1172 0.0624 0.0641 0.0684 0.067 0.0475 0.1027 0.2051 0.2044 0.06 0.0615 0.0675 0.0669
218 0.1083 0.2332 0.1742 0.1853 0.0488 0.052 0.0642 0.0648 0.1081 0.2329 0.1418 0.1496 0.0573 0.0591 0.0643 0.0647 0.1078 0.2334 0.2656 0.2886 0.0282 0.034 0.0639 0.0642
164 0.046 0.1029 0.0946 0.0995 0.0793 0.0811 0.0644 0.065 0.046 0.1033 0.0639 0.0665 0.0695 0.0708 0.0643 0.0652 0.046 0.1034 0.1395 0.1483 0.0987 0.1 0.0644 0.0652
427 0.0809 0.1995 0.2122 0.2274 0.0776 0.0767 0.0617 0.0657 0.0808 0.1992 0.1397 0.1475 0.0642 0.063 0.0612 0.0655 0.0806 0.1994 0.4033 0.449 0.1248 0.1271 0.0615 0.0655
9 0.0453 0.1508 0.0258 0.0241 0.1061 0.1071 0.065 0.067 0.0452 0.1508 0.0227 0.0218 0.0874 0.088 0.0649 0.0677 0.0453 0.1505 0.0195 0.0197 0.1508 0.1534 0.0648 0.067
384 0.0238 0.0351 0.0371 0.0381 0.0536 0.053 0.0664 0.0705 0.0237 0.0353 0.0343 0.0353 0.0588 0.058 0.0664 0.0706 0.0237 0.0354 0.0329 0.0341 0.0623 0.0614 0.0665 0.0707
274 0.1415 0.1217 0.091 0.0917 0.0391 0.0439 0.065 0.0701 0.1417 0.1214 0.0869 0.0879 0.0355 0.0409 0.0651 0.07 0.1417 0.1213 0.0861 0.0871 0.0346 0.0402 0.0651 0.07
20 0.016 0.0216 0.0804 0.0817 0.1367 0.1376 0.0588 0.0651 0.0157 0.0222 0.0773 0.0786 0.0678 0.0667 0.0586 0.0662 0.0158 0.0221 0.123 0.1245 0.386 0.3903 0.0585 0.0653
131 0.1767 0.0833 0.1941 0.1889 0.1477 0.1481 0.0591 0.0622 0.1765 0.0831 0.1392 0.1361 0.0935 0.0924 0.059 0.0627 0.1768 0.0827 0.2604 0.2502 0.2278 0.2298 0.0592 0.0619
263 0.1573 0.0755 0.2827 0.3063 0.0488 0.0525 0.0649 0.0628 0.1574 0.0756 0.226 0.2417 0.0443 0.0478 0.0644 0.0627 0.1575 0.0756 0.3495 0.3838 0.0615 0.0658 0.0646 0.0628
339 0.0678 0.0502 0.1208 0.1267 0.054 0.0558 0.0647 0.0656 0.0679 0.0502 0.099 0.1033 0.0488 0.0504 0.0648 0.0657 0.0683 0.0499 0.1764 0.1872 0.0549 0.0562 0.065 0.0659
120 0.065 0.1446 0.0571 0.0621 0.0837 0.0842 0.0642 0.0625 0.0647 0.1446 0.0626 0.0675 0.0804 0.0808 0.0644 0.0627 0.0646 0.1446 0.064 0.0689 0.08 0.0804 0.0644 0.0627
196 0.1031 0.1279 0.0858 0.088 0.1142 0.1169 0.0662 0.0671 0.1031 0.128 0.0642 0.0663 0.1142 0.1169 0.0667 0.0671 0.1032 0.1276 0.1503 0.1517 0.1081 0.1108 0.0663 0.067
285 0.0472 0.128 0.1071 0.1153 0.0281 0.0329 0.0636 0.0715 0.0472 0.1279 0.0777 0.0832 0.0421 0.0463 0.0635 0.0721 0.0471 0.1288 0.402 0.4501 0.2166 0.221 0.0618 0.07
528 0.0389 0.1173 0.0142 0.0294 0.0154 0.0188 0.0654 0.0628 0.0387 0.1172 0.024 0.0351 0.0144 0.0185 0.0655 0.0629 0.0395 0.1175 0.0171 0.0254 0.0218 0.0227 0.0657 0.0625
185 0.0451 0.093 0.2412 0.263 0.0423 0.0442 0.0633 0.065 0.0451 0.0932 0.2139 0.2325 0.0255 0.028 0.0637 0.065 0.0453 0.0931 0.3586 0.399 0.0713 0.0703 0.0636 0.0651
472 0.0753 0.0382 0.2096 0.2063 0.0072 0.0168 0.0639 0.0707 0.0754 0.0386 0.1569 0.1564 0.0317 0.0349 0.0642 0.0717 0.0756 0.0385 0.41 0.3803 0.155 0.1565 0.0636 0.0705
251 0.1518 0.1577 0.1175 0.1169 0.0584 0.0578 0.06 0.0681 0.1519 0.1579 0.0811 0.0807 0.0831 0.0831 0.06 0.068 0.1523 0.1583 0.3322 0.3151 0.0578 0.0592 0.0602 0.0677
240 0.1023 0.1772 0.105 0.1068 0.0932 0.0923 0.0527 0.0681 0.1021 0.1772 0.0825 0.0843 0.0918 0.0905 0.0528 0.0682 0.1027 0.177 0.3971 0.3705 0.0232 0.0269 0.0519 0.0672
97 0.1126 0.1827 0.0408 0.0402 0.0533 0.0529 0.0655 0.0687 0.1123 0.1826 0.0268 0.027 0.0234 0.0231 0.0656 0.0684 0.112 0.183 0.0984 0.0982 0.1874 0.1905 0.0654 0.0685
350 0.0181 0.1352 0.01 0.0123 0.0109 0.0298 0.067 0.0662 0.0178 0.1355 0.0163 0.0174 0.0141 0.0289 0.067 0.065 0.0183 0.1357 0.0286 0.0303 0.0174 0.0337 0.0677 0.0649
538 0.0734 0.0956 0.1044 0.1065 0.066 0.0659 0.0637 0.068 0.0735 0.0961 0.0798 0.082 0.0634 0.0632 0.0638 0.068 0.0736 0.0958 0.1964 0.1963 0.0599 0.0601 0.0633 0.068
493 0.1031 0.1851 0.1336 0.1328 0.039 0.0372 0.0671 0.0589 0.1029 0.1851 0.1193 0.1188 0.018 0.0206 0.0667 0.0589 0.1041 0.1855 0.1606 0.1588 0.0893 0.0855 0.0672 0.0588
32 0.138 0.1466 0.0429 0.0441 0.0207 0.019 0.0644 0.0608 0.1378 0.1466 0.0406 0.0417 0.0236 0.0212 0.0643 0.0607 0.1379 0.1462 0.069 0.0706 0.0113 0.014 0.0644 0.0608
406 0.0708 0.1262 0.0226 0.0235 0.0486 0.0497 0.0657 0.0662 0.0706 0.1261 0.0197 0.0216 0.0537 0.0544 0.066 0.0659 0.0706 0.1262 0.0186 0.0211 0.0553 0.0562 0.066 0.0661
87 0.0915 0.0432 0.0057 0.0097 0.0264 0.028 0.0677 0.0604 0.0915 0.0432 0.0041 0.0102 0.027 0.0267 0.0679 0.0604 0.0916 0.0433 0.0136 0.0165 0.0224 0.025 0.0678 0.0603
76 0.0719 0.0917 0.0231 0.0304 0.02 0.0225 0.0643 0.0643 0.0717 0.0917 0.0121 0.0232 0.0174 0.0212 0.0647 0.0646 0.0721 0.0922 0.2903 0.3181 0.0619 0.0623 0.0636 0.0638
362 0.1749 0.0428 0.0696 0.0708 0.1217 0.1232 0.0608 0.0628 0.1751 0.0428 0.0514 0.0524 0.1129 0.1144 0.0607 0.0631 0.1757 0.0422 0.3707 0.3478 0.1845 0.1879 0.0612 0.0627
516 0.3396 0.185 0.1224 0.1226 0.135 0.1416 0.0648 0.0699 0.3396 0.185 0.1184 0.1187 0.1368 0.1434 0.065 0.0699 0.3396 0.1854 0.124 0.1243 0.1373 0.1446 0.0648 0.07
505 0.0896 0.2414 0.0073 0.0094 0.1909 0.1954 0.0648 0.0603 0.0895 0.2416 0.0082 0.0094 0.1588 0.1631 0.0649 0.0603 0.0896 0.2408 0.0156 0.0167 0.3684 0.3742 0.065 0.0601
142 0.1733 0.078 0.009 0.015 0.1192 0.1225 0.0659 0.0668 0.1731 0.0779 0.0109 0.0127 0.0814 0.084 0.0659 0.0667 0.1735 0.0779 0.104 0.1116 0.3145 0.3219 0.0657 0.0665
21 0.0198 0.1807 0.0477 0.0535 0.0508 0.0529 0.0623 0.0679 0.0198 0.1807 0.0517 0.0572 0.0256 0.0291 0.0621 0.0681 0.0197 0.1806 0.0389 0.0453 0.1063 0.1081 0.0626 0.0676
417 0.0511 0.1049 0.1731 0.1857 0.0751 0.0718 0.0566 0.0672 0.051 0.1051 0.168 0.1801 0.0487 0.0465 0.0566 0.0676 0.051 0.1048 0.1772 0.1904 0.1592 0.1561 0.0565 0.0675
373 0.0696 0.0636 0.0783 0.0783 0.0277 0.0311 0.0642 0.0656 0.0698 0.0638 0.0392 0.0381 0.0344 0.0373 0.0645 0.0657 0.0697 0.0634 0.1153 0.1158 0.0121 0.0168 0.0647 0.0659
439 0.0647 0.1033 0.0471 0.0525 0.0971 0.0965 0.0581 0.0704 0.0648 0.1036 0.0116 0.0151 0.0758 0.0752 0.0583 0.0701 0.0645 0.1035 0.2167 0.2179 0.2227 0.224 0.0583 0.0701
329 0.0623 0.0541 0.1808 0.1967 0.0247 0.0224 0.0604 0.0667 0.0623 0.0541 0.1853 0.2016 0.0233 0.021 0.0604 0.0665 0.0624 0.0534 0.1112 0.12 0.0194 0.0229 0.0604 0.0667
296 0.0855 0.1021 0.0158 0.0186 0.0532 0.051 0.0656 0.069 0.0854 0.102 0.0121 0.0172 0.057 0.0549 0.0655 0.069 0.0853 0.102 0.0098 0.0169 0.0584 0.0562 0.0656 0.0689
549 0.2968 0.0913 0.0988 0.102 0.023 0.0245 0.0655 0.0632 0.2966 0.0913 0.0798 0.0811 0.0255 0.0269 0.0655 0.0631 0.2968 0.0914 0.1197 0.1254 0.0307 0.0327 0.0653 0.0632
318 0.1468 0.1126 0.0777 0.0799 0.224 0.2257 0.0624 0.0683 0.1467 0.1127 0.0831 0.0853 0.1805 0.1819 0.0623 0.0683 0.147 0.1125 1.1444 1.0263 0.5208 0.524 0.0626 0.0685
65 0.0736 0.0741 0.1009 0.1007 0.0254 0.0306 0.0582 0.0576 0.0735 0.0734 0.0993 0.0993 0.0113 0.0234 0.0583 0.0573 0.0738 0.0743 0.171 0.1694 0.1511 0.1543 0.0577 0.0571
462 0.039 0.0757 0.0339 0.0343 0.0906 0.0899 0.061 0.0635 0.0388 0.0755 0.0092 0.0122 0.0588 0.0574 0.0619 0.0637 0.039 0.0766 0.3118 0.3443 0.312 0.3167 0.0608 0.0629
208 0.0279 0.0906 0.104 0.1097 0.0225 0.0267 0.0634 0.0577 0.0278 0.0905 0.1003 0.1058 0.0398 0.0391 0.0633 0.0579 0.0277 0.0912 0.1163 0.123 0.0711 0.0775 0.0634 0.0569
483 0.0974 0.0964 0.1436 0.1524 0.02 0.0225 0.0676 0.0649 0.0977 0.0962 0.1706 0.182 0.0143 0.0174 0.0676 0.0651 0.0974 0.0965 0.1772 0.1896 0.0133 0.0164 0.0675 0.0651
109 0.1425 0.16 0.0204 0.0259 0.0656 0.0695 0.0641 0.0677 0.1425 0.1599 0.0168 0.0244 0.0668 0.0704 0.0643 0.0676 0.1426 0.1601 0.029 0.0307 0.0806 0.0838 0.0641 0.068
219 0.0404 0.0748 0.1104 0.1189 0.0062 0.0195 0.0628 0.0641 0.0405 0.0748 0.1139 0.1224 0.0066 0.0193 0.0628 0.0641 0.0405 0.0748 0.1144 0.1231 0.0068 0.0196 0.0628 0.0641
153 0.0939 0.0833 0.0236 0.0228 0.0424 0.0429 0.0683 0.0703 0.0939 0.0834 0.0058 0.0058 0.0657 0.068 0.0683 0.0704 0.0946 0.0834 0.3157 0.3033 0.0795 0.0764 0.068 0.0699
44 0.0998 0.1024 0.1668 0.1776 0.0497 0.0598 0.0639 0.0651 0.0997 0.1021 0.181 0.1935 0.0546 0.0638 0.0638 0.0649 0.0997 0.1019 0.1878 0.2012 0.0578 0.0665 0.0639 0.0649
340 0.1772 0.202 0.0163 0.0126 0.1936 0.1991 0.0672 0.0648 0.1772 0.202 0.017 0.0144 0.1305 0.1357 0.0672 0.065 0.1772 0.202 0.014 0.0083 0.3107 0.317 0.067 0.0646
230 0.0152 0.1072 0.1603 0.161 0.0194 0.0208 0.0614 0.0639 0.0152 0.1073 0.1632 0.1638 0.02 0.0211 0.0613 0.064 0.0152 0.107 0.1647 0.1652 0.0202 0.0193 0.0613 0.0638
175 0.1528 0.0676 0.0365 0.0383 0.0763 0.079 0.0661 0.0597 0.1527 0.0674 0.0156 0.0234 0.0676 0.0701 0.0665 0.0595 0.1529 0.0674 0.2509 0.2731 0.1405 0.145 0.065 0.0599
539 0.1734 0.0851 0.0629 0.0648 0.0648 0.0682 0.0621 0.0665 0.1733 0.0852 0.066 0.0681 0.0785 0.0829 0.0622 0.0666 0.1733 0.0853 0.0662 0.0684 0.0808 0.0853 0.0622 0.0666
307 0.065 0.0298 0.0736 0.0788 0.0328 0.0351 0.0579 0.066 0.0651 0.0305 0.063 0.0675 0.048 0.0496 0.0579 0.066 0.065 0.0291 0.0999 0.1076 0.0067 0.0149 0.0577 0.0661
385 0.0864 0.1319 0.154 0.1639 0.0331 0.0327 0.063 0.0685 0.0862 0.132 0.1089 0.1145 0.0506 0.0506 0.0624 0.0684 0.0862 0.1318 0.2181 0.2351 0.009 0.013 0.0627 0.0684
450 0.0732 0.1288 0.0431 0.0475 0.2157 0.2207 0.0662 0.0678 0.0733 0.129 0.0436 0.0477 0.1824 0.1872 0.0662 0.0683 0.0733 0.1288 0.0475 0.0522 0.2981 0.3051 0.0663 0.0679
395 0.0434 0.2727 0.1761 0.1892 0.0125 0.0153 0.0633 0.0764 0.0435 0.2728 0.1339 0.1429 0.0103 0.017 0.064 0.0765 0.0434 0.2729 0.289 0.3164 0.0479 0.0495 0.0634 0.0763
98 0.2036 0.0946 0.0505 0.0496 0.089 0.0892 0.0726 0.0667 0.2036 0.0941 0.0509 0.0498 0.0683 0.0692 0.0726 0.0669 0.2037 0.0945 0.0467 0.0463 0.1197 0.1205 0.0717 0.0676
132 0.1438 0.1763 0.0443 0.0399 0.1495 0.1441 0.0641 0.0697 0.1438 0.1758 0.0392 0.0342 0.0716 0.0668 0.0641 0.0694 0.1439 0.176 0.072 0.0688 0.3805 0.3824 0.0643 0.0689
363 0.0588 0.0793 0.0579 0.0602 0.1351 0.1395 0.0615 0.063 0.0588 0.0792 0.065 0.068 0.109 0.1133 0.0615 0.063 0.0589 0.0794 0.0444 0.0459 0.2338 0.2391 0.0617 0.0629
275 0.0963 0.0429 0.0085 0.0203 0.1309 0.1333 0.06 0.0628 0.0961 0.0427 0.0089 0.0185 0.1073 0.1095 0.0598 0.0627 0.0965 0.0423 0.0122 0.0241 0.3432 0.3527 0.0591 0.0626
121 0.0638 0.0231 0.0539 0.0553 0.0265 0.029 0.0646 0.0683 0.0637 0.0226 0.0565 0.0581 0.0332 0.0348 0.0646 0.0684 0.0636 0.0231 0.0582 0.0597 0.0377 0.0392 0.0646 0.0685
428 0.1086 0.114 0.0238 0.0205 0.1515 0.1532 0.0669 0.0633 0.1086 0.1148 0.0391 0.0362 0.1253 0.1263 0.0669 0.0635 0.1087 0.1136 0.0132 0.0096 0.2201 0.2233 0.0666 0.0637
165 0.0403 0.0326 0.0442 0.0442 0.2438 0.2526 0.0584 0.0655 0.0403 0.0327 0.0269 0.0267 0.1778 0.1859 0.0584 0.0665 0.0404 0.0327 0.0743 0.077 0.317 0.3266 0.058 0.0659
54 0.1461 0.0661 0.1921 0.2071 0.1098 0.11 0.0639 0.0648 0.1458 0.0661 0.1716 0.1843 0.1015 0.1015 0.0641 0.0652 0.1457 0.0658 0.2228 0.2414 0.1377 0.1386 0.0635 0.0651
241 0.0753 0.0481 0.1375 0.1477 0.0132 0.0197 0.0639 0.0639 0.0753 0.0482 0.1122 0.1198 0.0261 0.0311 0.0636 0.064 0.0758 0.0482 0.3958 0.4432 0.1422 0.1427 0.0629 0.0639
351 0.1942 0.0732 0.1217 0.129 0.175 0.1788 0.0671 0.0702 0.1942 0.0732 0.0752 0.0792 0.126 0.1287 0.0669 0.0703 0.1945 0.0733 0.1726 0.1852 0.2364 0.2414 0.0668 0.0702
33 0.2067 0.1926 0.1064 0.1128 0.0157 0.0173 0.0618 0.0686 0.2067 0.1924 0.0888 0.0938 0.0116 0.0175 0.0618 0.0691 0.2072 0.1933 0.2504 0.2722 0.0578 0.0576 0.0616 0.0683
494 0.0428 0.1369 0.0336 0.038 0.0123 0.0179 0.0642 0.0721 0.0427 0.1366 0.0457 0.0485 0.0258 0.0241 0.0643 0.0719 0.0428 0.1374 0.1337 0.1351 0.1663 0.1705 0.0643 0.0718
10 0.0968 0.0674 0.0378 0.04 0.0568 0.0543 0.0598 0.0629 0.0968 0.0673 0.0134 0.0124 0.0221 0.0213 0.0598 0.0635 0.0968 0.0677 0.1607 0.1632 0.2441 0.2464 0.06 0.063
264 0.0973 0.0922 0.1017 0.1031 0.0289 0.0298 0.0692 0.0674 0.0975 0.0925 0.0679 0.0692 0.0699 0.0678 0.0691 0.0679 0.0973 0.0922 0.2716 0.2636 0.379 0.3877 0.0692 0.0682
473 0.099 0.2164 0.0412 0.0425 0.0727 0.0805 0.0616 0.0688 0.0985 0.2165 0.0208 0.0256 0.0611 0.0695 0.0615 0.069 0.0986 0.2166 0.6108 0.5211 0.3185 0.3278 0.0603 0.0687
186 0.0694 0.1265 0.0077 0.0111 0.0603 0.0604 0.0593 0.0656 0.0693 0.1265 0.0089 0.0119 0.0605 0.0605 0.0592 0.0656 0.0693 0.1265 0.01 0.0127 0.0607 0.0607 0.0592 0.0656
197 0.1652 0.1965 0.0677 0.068 0.0711 0.0749 0.0651 0.0657 0.1651 0.1964 0.0816 0.0826 0.0191 0.0272 0.0654 0.0647 0.1653 0.1963 0.0355 0.0343 0.2187 0.2258 0.065 0.0656
297 0.0861 0.2126 0.0094 0.016 0.2913 0.2978 0.0681 0.0697 0.0865 0.2125 0.0054 0.0129 0.2451 0.2506 0.0675 0.0697 0.0865 0.2126 0.0155 0.0215 0.4447 0.4527 0.0679 0.0687
252 0.0501 0.1735 0.1836 0.1961 0.0389 0.0416 0.0619 0.0676 0.0498 0.1739 0.1057 0.1111 0.0177 0.0225 0.0628 0.0674 0.0498 0.174 0.3647 0.4021 0.1156 0.1197 0.0624 0.0676
529 0.1455 0.1147 0.2394 0.2337 0.135 0.1372 0.059 0.0692 0.1453 0.1146 0.1882 0.1866 0.1047 0.1067 0.0592 0.0693 0.1446 0.1147 0.4717 0.4258 0.263 0.2676 0.0595 0.0699
463 0.1322 0.1125 0.1995 0.1986 0.0288 0.0255 0.0667 0.0658 0.1322 0.1125 0.1407 0.1426 0.0263 0.0232 0.0661 0.0658 0.1324 0.1123 0.3212 0.3072 0.0393 0.0357 0.0666 0.066
517 0.098 0.3678 0.1946 0.2117 0.1127 0.112 0.0639 0.0673 0.0979 0.3676 0.1427 0.154 0.1119 0.1112 0.0643 0.0673 0.0977 0.3679 0.4641 0.5246 0.1128 0.1128 0.0635 0.0672
506 0.1422 0.2866 0.1841 0.2011 0.0302 0.0357 0.0669 0.0663 0.1427 0.2866 0.1312 0.1425 0.0349 0.0374 0.0669 0.0659 0.1431 0.2846 0.3554 0.3954 0.039 0.0425 0.0664 0.067
418 0.1737 0.0123 0.0843 0.0824 0.0326 0.0323 0.0608 0.0565 0.1736 0.0126 0.0441 0.0423 0.0361 0.0352 0.0609 0.0564 0.1735 0.0124 0.3448 0.3243 0.0304 0.0301 0.0613 0.0567
77 0.0591 0.0782 0.0485 0.0503 0.1193 0.1192 0.0656 0.0664 0.0602 0.0782 0.0452 0.0469 0.0907 0.0901 0.0661 0.066 0.0603 0.0782 0.0343 0.0353 0.263 0.2658 0.0659 0.067
88 0.1551 0.0448 0.08 0.0859 0.0393 0.0373 0.0591 0.0662 0.1548 0.0449 0.0252 0.0285 0.0306 0.0301 0.059 0.0661 0.1555 0.0455 0.4827 0.5454 0.0977 0.095 0.0589 0.0662
286 0.0886 0.1533 0.01 0.0173 0.0214 0.0285 0.0672 0.0626 0.0886 0.1533 0.0107 0.0177 0.0186 0.0273 0.0672 0.0627 0.0886 0.1533 0.0108 0.0178 0.0179 0.027 0.0672 0.0627
451 0.0982 0.1307 0.2159 0.2368 0.0987 0.106 0.07 0.0683 0.0981 0.1318 0.1734 0.189 0.0878 0.0948 0.0694 0.0683 0.0987 0.1316 0.3374 0.376 0.1483 0.1558 0.0699 0.0679
231 0.1101 0.1586 0.0804 0.0856 0.1397 0.1387 0.0588 0.0676 0.11 0.1588 0.077 0.0821 0.1071 0.1052 0.0584 0.0678 0.1096 0.1593 0.108 0.1151 0.3069 0.3102 0.0593 0.067
22 0.0787 0.1104 0.0684 0.07 0.0601 0.0668 0.0634 0.0634 0.0787 0.1103 0.0669 0.0685 0.0622 0.0686 0.0633 0.0633 0.0787 0.1103 0.0663 0.068 0.065 0.0711 0.0633 0.0633
319 0.0686 0.0995 0.085 0.0878 0.0125 0.0215 0.06 0.0668 0.0687 0.0994 0.0742 0.0771 0.0174 0.0265 0.0601 0.0669 0.0684 0.0996 0.101 0.1036 0.0101 0.0195 0.06 0.0665
220 0.1552 0.067 0.023 0.0311 0.2172 0.2178 0.0671 0.0674 0.1551 0.0673 0.0179 0.0278 0.1975 0.1979 0.0673 0.0675 0.1548 0.0672 0.0494 0.0489 0.3095 0.3113 0.0656 0.0668
374 0.0587 0.0897 0.0402 0.0403 0.1311 0.1327 0.066 0.0748 0.0587 0.0889 0.0433 0.043 0.1072 0.1098 0.0661 0.0756 0.0586 0.0898 0.0562 0.057 0.2413 0.2441 0.0662 0.0743
176 0.0263 0.1772 0.0951 0.1005 0.0595 0.0596 0.0591 0.0712 0.0262 0.177 0.0997 0.1053 0.0479 0.0479 0.0592 0.0712 0.0265 0.1773 0.0444 0.0458 0.3524 0.3573 0.0592 0.0712
45 0.1094 0.1556 0.0327 0.0342 0.0112 0.0155 0.0639 0.0628 0.109 0.1555 0.0083 0.0151 0.0227 0.0241 0.0641 0.0628 0.1096 0.1555 0.1886 0.2032 0.064 0.0648 0.0635 0.0627
66 0.1003 0.1341 0.1651 0.1633 0.0195 0.021 0.0656 0.0648 0.1003 0.1341 0.1191 0.1179 0.0059 0.0153 0.0656 0.0645 0.1001 0.1342 0.2371 0.2316 0.0465 0.0489 0.0649 0.0646
265 0.0449 0.1886 0.0541 0.055 0.0736 0.0767 0.0622 0.0654 0.0449 0.1887 0.0464 0.0479 0.0637 0.0671 0.0618 0.0655 0.0447 0.1885 0.105 0.1045 0.1041 0.1074 0.0614 0.0653
110 0.0273 0.0522 0.0605 0.0637 0.0356 0.0375 0.0664 0.0614 0.0273 0.0522 0.0337 0.0355 0.0476 0.048 0.0664 0.0615 0.0273 0.0514 0.1911 0.1923 0.0701 0.077 0.0663 0.0612
407 0.0565 0.089 0.224 0.2437 0.1308 0.1337 0.0636 0.0652 0.0566 0.0891 0.1787 0.1928 0.0981 0.1003 0.0628 0.065 0.0567 0.0892 0.5776 0.6606 0.3298 0.3379 0.0628 0.0651
276 0.2219 0.2192 0.0943 0.1011 0.0263 0.0251 0.0607 0.064 0.222 0.2194 0.0699 0.0749 0.0401 0.0398 0.0605 0.0642 0.2222 0.2197 0.1731 0.1869 0.0386 0.0379 0.0608 0.0644
550 0.0843 0.1703 0.0106 0.0126 0.039 0.0398 0.0669 0.0713 0.0843 0.1703 0.01 0.0119 0.042 0.0427 0.0668 0.0713 0.0843 0.1703 0.0242 0.0247 0.0186 0.0189 0.0669 0.0709
330 0.0659 0.0827 0.0084 0.0149 0.2355 0.2387 0.0636 0.0662 0.0654 0.0824 0.0291 0.0293 0.1838 0.1865 0.0637 0.0653 0.0661 0.0825 0.2804 0.2731 0.4388 0.4433 0.0645 0.0652
341 0.1089 0.1374 0.0228 0.0247 0.2035 0.2089 0.069 0.0681 0.1087 0.1373 0.0181 0.0207 0.1769 0.1818 0.0692 0.0685 0.1088 0.1377 0.0432 0.0459 0.2574 0.2634 0.0689 0.0679
419 0.0401 0.1311 0.0458 0.0475 0.0624 0.065 0.0673 0.0737 0.0401 0.1313 0.049 0.0509 0.0746 0.0758 0.0673 0.074 0.04 0.1313 0.0524 0.0543 0.0847 0.0855 0.0671 0.0739
429 0.1011 0.0514 0.2309 0.2254 0.0271 0.0262 0.0636 0.0647 0.1015 0.0507 0.1845 0.1822 0.0282 0.028 0.0635 0.0643 0.1002 0.0502 0.4686 0.4248 0.0203 0.0177 0.0636 0.0644
166 0.2051 0.134 0.1454 0.1431 0.0105 0.0205 0.0645 0.0651 0.2051 0.1339 0.1098 0.1075 0.0126 0.0245 0.0653 0.0655 0.2055 0.134 0.2713 0.2613 0.1071 0.111 0.0637 0.0643
209 0.0893 0.0776 0.0912 0.0942 0.0867 0.0906 0.0665 0.0688 0.089 0.0777 0.0844 0.0876 0.0543 0.058 0.0665 0.0694 0.0892 0.0778 0.1462 0.1477 0.197 0.2035 0.067 0.0686
78 0.0274 0.2287 0.0911 0.097 0.0809 0.0795 0.0654 0.0701 0.0274 0.2285 0.0529 0.0552 0.0614 0.0607 0.0657 0.0701 0.0284 0.2285 0.4556 0.5134 0.275 0.275 0.0627 0.0692
122 0.0988 0.1663 0.1898 0.1863 0.0226 0.0287 0.0626 0.0626 0.0991 0.1664 0.1489 0.1469 0.0114 0.0199 0.0622 0.0627 0.0996 0.1663 0.5763 0.5009 0.1206 0.125 0.0628 0.0623
308 0.0924 0.1599 0.0587 0.06 0.0628 0.0618 0.0643 0.064 0.0923 0.1594 0.0389 0.04 0.0779 0.0766 0.0643 0.0642 0.0925 0.1603 0.1015 0.1029 0.0118 0.0188 0.0641 0.064
440 0.0152 0.1356 0.0832 0.0888 0.0719 0.0717 0.0621 0.0591 0.015 0.1356 0.0836 0.089 0.0761 0.0758 0.062 0.0591 0.0146 0.1359 0.082 0.0887 0.0653 0.0653 0.0621 0.059
133 0.1348 0.14 0.1998 0.1968 0.0534 0.0512 0.07 0.063 0.1349 0.1397 0.2358 0.2303 0.0548 0.0528 0.0702 0.0627 0.1345 0.1397 0.2567 0.2495 0.0576 0.0554 0.0703 0.0627
11 0.0593 0.0817 0.0212 0.0249 0.0536 0.0556 0.0651 0.0644 0.0593 0.0813 0.0229 0.0249 0.0523 0.0543 0.0646 0.0646 0.0593 0.0812 0.0233 0.0252 0.052 0.0539 0.0646 0.0646
242 0.1485 0.1564 0.1416 0.1487 0.0137 0.0151 0.0621 0.0741 0.1486 0.1564 0.1142 0.1187 0.017 0.0178 0.0624 0.0743 0.1486 0.1564 0.2455 0.2647 0.0318 0.0305 0.0625 0.0742
154 0.0304 0.0805 0.1421 0.1514 0.0649 0.065 0.0658 0.0642 0.0298 0.0807 0.1089 0.1152 0.0296 0.0302 0.0659 0.0643 0.0304 0.0802 0.2155 0.2332 0.1738 0.1763 0.0656 0.0636
34 0.0482 0.2094 0.0699 0.0732 0.1077 0.111 0.0627 0.0696 0.0483 0.209 0.0684 0.0718 0.0865 0.089 0.0626 0.0692 0.0481 0.2094 0.0676 0.0709 0.1286 0.1328 0.0624 0.0699
99 0.0871 0.0411 0.1329 0.1414 0.0608 0.0603 0.0654 0.0708 0.0877 0.0411 0.1092 0.1155 0.045 0.0458 0.0655 0.071 0.087 0.0406 0.4072 0.4542 0.2649 0.2679 0.0641 0.071
396 0.0647 0.1966 0.0354 0.0374 0.0372 0.0488 0.0654 0.0683 0.0646 0.1965 0.0325 0.0344 0.0355 0.0473 0.0654 0.0682 0.0647 0.1965 0.0324 0.0342 0.035 0.047 0.0655 0.0682
198 0.2165 0.2208 0.0464 0.0465 0.1272 0.1299 0.0667 0.0671 0.2166 0.2207 0.0195 0.0276 0.1052 0.108 0.0672 0.0673 0.2163 0.2208 0.4936 0.445 0.2861 0.2919 0.0657 0.0669
89 0.1416 0.2137 0.025 0.0336 0.1272 0.1328 0.0666 0.0664 0.1416 0.2137 0.0267 0.0351 0.1307 0.1365 0.0666 0.0664 0.1416 0.2137 0.0308 0.0387 0.1437 0.1497 0.0667 0.0664
474 0.091 0.0713 0.0684 0.0697 0.0688 0.0738 0.0568 0.0667 0.0912 0.0712 0.0431 0.0441 0.0591 0.0639 0.057 0.0668 0.0912 0.0719 0.1891 0.1876 0.1016 0.1067 0.0566 0.0666
232 0.1125 0.0662 0.0692 0.07 0.0115 0.0256 0.0713 0.0695 0.1124 0.0665 0.0789 0.0804 0.0192 0.0282 0.0713 0.0694 0.1124 0.0663 0.0802 0.0819 0.0206 0.0297 0.0709 0.0692
55 0.1891 0.0757 0.0843 0.0889 0.2543 0.2575 0.0596 0.0695 0.1889 0.0759 0.0767 0.0808 0.22 0.2227 0.0596 0.0694 0.1893 0.0759 0.1763 0.1898 0.4708 0.4753 0.0595 0.0698
495 0.1168 0.1182 0.0146 0.0122 0.0158 0.023 0.064 0.0649 0.1167 0.1181 0.0095 0.0069 0.0149 0.0221 0.0635 0.0649 0.1168 0.1181 0.0393 0.0389 0.0211 0.0264 0.0639 0.065
143 0.0406 0.098 0.015 0.0173 0.0536 0.0551 0.0654 0.0702 0.0407 0.098 0.0185 0.0183 0.033 0.0381 0.0653 0.0704 0.0409 0.0976 0.0107 0.0163 0.1023 0.1028 0.0654 0.0695
386 0.2151 0.1622 0.0614 0.0623 0.0922 0.09 0.0537 0.0635 0.2151 0.1626 0.0588 0.0596 0.0209 0.0206 0.0537 0.0633 0.2152 0.1626 0.0621 0.0626 0.2594 0.2591 0.0535 0.0634
298 0.2134 0.2218 0.141 0.1467 0.0106 0.0172 0.0608 0.064 0.2135 0.2217 0.1151 0.1187 0.0132 0.0188 0.0607 0.0637 0.2138 0.2218 0.4038 0.447 0.0897 0.0935 0.061 0.0643
352 0.2444 0.2024 0.1238 0.1342 0.0837 0.0829 0.0632 0.0687 0.2443 0.2025 0.0605 0.066 0.0438 0.0429 0.0634 0.0688 0.2448 0.2028 0.2921 0.3221 0.2346 0.2374 0.0624 0.0681
320 0.0788 0.037 0.0317 0.0368 0.0677 0.0697 0.0644 0.0696 0.0787 0.0372 0.038 0.0422 0.0741 0.0762 0.0644 0.0697 0.0786 0.0373 0.0405 0.0445 0.0757 0.0778 0.0644 0.0697
35 0.0226 0.0845 0.0514 0.0488 0.0809 0.0824 0.0679 0.068 0.0228 0.0846 0.051 0.0485 0.0827 0.0842 0.0678 0.0681 0.0228 0.0846 0.049 0.0463 0.0805 0.082 0.0678 0.0681
364 0.1318 0.038 0.071 0.0724 0.0155 0.0149 0.0587 0.0686 0.1318 0.0378 0.0452 0.0462 0.0169 0.0151 0.0586 0.0686 0.1325 0.0382 0.4967 0.4467 0.2301 0.2337 0.0579 0.068
187 0.1134 0.2137 0.2894 0.2816 0.0603 0.0603 0.0665 0.0697 0.1133 0.2137 0.2349 0.2324 0.0287 0.0291 0.0668 0.0701 0.1141 0.214 0.428 0.3967 0.1735 0.1746 0.0664 0.0692
46 0.067 0.0775 0.1166 0.1168 0.0114 0.0165 0.0688 0.0689 0.0669 0.0776 0.1265 0.1263 0.0114 0.0163 0.069 0.0689 0.0667 0.0776 0.1275 0.1276 0.0112 0.0156 0.069 0.0688
530 0.0363 0.1297 0.0851 0.087 0.014 0.0124 0.0624 0.0633 0.0363 0.1298 0.0458 0.0446 0.0123 0.0114 0.0621 0.0633 0.0358 0.1296 0.3999 0.4444 0.0406 0.0384 0.0614 0.0631
540 0.1459 0.0291 0.1359 0.1461 0.0156 0.0246 0.0629 0.0698 0.1455 0.0291 0.1033 0.1103 0.0083 0.0247 0.0632 0.0697 0.1462 0.0292 0.2712 0.2981 0.0899 0.0879 0.0629 0.0702
464 0.1021 0.2496 0.0186 0.0143 0.0682 0.0673 0.0654 0.0654 0.1022 0.2496 0.021 0.0175 0.0515 0.0508 0.0655 0.0654 0.1023 0.2494 0.0171 0.0133 0.0903 0.0902 0.0655 0.0653
484 0.1001 0.0164 0.0239 0.0255 0.0576 0.0642 0.0695 0.0667 0.0997 0.0161 0.0224 0.0245 0.0565 0.0626 0.0695 0.0665 0.0995 0.0161 0.5944 0.6815 0.0683 0.0735 0.0692 0.0663
23 0.0169 0.1369 0.104 0.1089 0.0229 0.0222 0.0647 0.0664 0.0169 0.1368 0.0814 0.0845 0.0206 0.0187 0.0647 0.0663 0.0171 0.137 0.1336 0.1409 0.0377 0.0404 0.0651 0.0666
430 0.0724 0.0784 0.1464 0.1547 0.0377 0.0399 0.0643 0.0674 0.0716 0.0785 0.1131 0.1162 0.0622 0.0654 0.066 0.0675 0.0721 0.0788 0.3112 0.3426 0.1545 0.1546 0.0651 0.0666
408 0.1603 0.0898 0.0856 0.0873 0.1464 0.1499 0.0609 0.0713 0.1603 0.0899 0.0849 0.0866 0.1337 0.1367 0.0609 0.0714 0.1602 0.09 0.0934 0.0946 0.2201 0.2252 0.0611 0.071
266 0.1265 0.0217 0.1468 0.1558 0.0271 0.0282 0.0642 0.0634 0.1268 0.0216 0.1542 0.1639 0.0301 0.0304 0.0643 0.0634 0.1268 0.0215 0.166 0.177 0.0315 0.0314 0.0643 0.0634
253 0.1003 0.093 0.0829 0.0928 0.0677 0.0677 0.0702 0.0707 0.1004 0.0929 0.0703 0.0789 0.0784 0.0788 0.0703 0.0704 0.1005 0.0932 0.1319 0.1453 0.0171 0.0221 0.0699 0.0705
243 0.1212 0.2309 0.1314 0.1419 0.0723 0.0741 0.0614 0.0647 0.1212 0.2307 0.1151 0.1239 0.0392 0.0401 0.0613 0.0644 0.1213 0.2306 0.1856 0.2025 0.1703 0.1747 0.0624 0.0643
331 0.0591 0.1376 0.1922 0.1893 0.0689 0.0698 0.0645 0.0631 0.0594 0.1377 0.1287 0.1285 0.0574 0.0592 0.0645 0.0632 0.0592 0.1375 0.4647 0.4213 0.1474 0.1485 0.0639 0.0628
79 0.05 0.251 0.0201 0.0177 0.1009 0.0975 0.0647 0.0618 0.0503 0.251 0.0209 0.0177 0.0558 0.0518 0.0647 0.0617 0.0509 0.2507 0.0238 0.0205 0.188 0.1862 0.0652 0.0615
375 0.0695 0.0808 0.0459 0.0489 0.099 0.0987 0.0671 0.0607 0.0683 0.0806 0.0106 0.0099 0.0967 0.0964 0.0669 0.0608 0.0692 0.0803 0.3255 0.3119 0.0845 0.0836 0.0669 0.0609
287 0.0526 0.1429 0.0612 0.0639 0.0408 0.0383 0.0584 0.0654 0.0527 0.1428 0.0754 0.0779 0.042 0.0394 0.0583 0.0655 0.0527 0.1428 0.079 0.0815 0.0418 0.0392 0.0583 0.0655
111 0.1068 0.0915 0.1318 0.1322 0.0274 0.0277 0.0664 0.0657 0.1069 0.0914 0.088 0.0896 0.0114 0.0129 0.0669 0.0657 0.103 0.092 0.3847 0.3553 0.198 0.2006 0.0759 0.0654
277 0.1255 0.1065 0.0442 0.0473 0.1448 0.1418 0.0694 0.0635 0.1257 0.1063 0.0102 0.0138 0.1257 0.1222 0.0698 0.0635 0.1259 0.1061 0.2837 0.2765 0.2551 0.255 0.0696 0.0637
551 0.1308 0.043 0.0323 0.034 0.0374 0.0405 0.0688 0.0649 0.1309 0.0431 0.0378 0.0396 0.0394 0.0423 0.069 0.065 0.1308 0.0431 0.006 0.0169 0.0377 0.0418 0.0687 0.0651
397 0.1162 0.0746 0.0121 0.0114 0.1618 0.1629 0.0645 0.0674 0.1162 0.0745 0.0113 0.0104 0.1655 0.1666 0.0646 0.0674 0.1162 0.0745 0.0113 0.0103 0.1663 0.1674 0.0647 0.0674
123 0.0183 0.0537 0.0858 0.0906 0.0686 0.0743 0.0635 0.0687 0.0182 0.0536 0.0869 0.0917 0.0763 0.082 0.0633 0.0686 0.0181 0.0535 0.0874 0.0922 0.0828 0.0886 0.0635 0.0686
221 0.0449 0.2025 0.0439 0.0456 0.0694 0.07 0.0621 0.0639 0.0447 0.2025 0.0513 0.0534 0.0744 0.0756 0.0622 0.0639 0.0447 0.2023 0.0535 0.0556 0.0755 0.0776 0.0622 0.0635
177 0.0418 0.0886 0.1425 0.1497 0.0119 0.0153 0.0591 0.0656 0.0417 0.0886 0.1077 0.1117 0.0134 0.017 0.0592 0.0658 0.0421 0.0885 0.4375 0.4885 0.0255 0.0254 0.0584 0.065
167 0.0674 0.0651 0.1044 0.1097 0.041 0.0414 0.0627 0.0645 0.0674 0.0651 0.0827 0.0864 0.0528 0.0529 0.0626 0.0643 0.0675 0.0649 0.2094 0.2247 0.0117 0.0172 0.0628 0.0638
210 0.1208 0.0561 0.0414 0.042 0.0572 0.0577 0.0617 0.0665 0.1209 0.0558 0.0316 0.0319 0.0414 0.0425 0.0616 0.0664 0.121 0.0559 0.0547 0.0559 0.0841 0.0861 0.0616 0.0662
309 0.0623 0.1245 0.0745 0.0802 0.1412 0.1442 0.069 0.0687 0.0619 0.1245 0.07 0.0754 0.1242 0.1268 0.069 0.0688 0.0615 0.1245 0.0893 0.096 0.1685 0.1729 0.0693 0.0681
452 0.067 0.0272 0.0418 0.0436 0.0313 0.0333 0.06 0.0608 0.067 0.0272 0.052 0.054 0.041 0.043 0.0601 0.0611 0.0669 0.0268 0.0279 0.0303 0.0152 0.0185 0.0601 0.061
518 0.0689 0.0966 0.1553 0.1645 0.038 0.0364 0.0689 0.0673 0.0688 0.0968 0.1505 0.1593 0.0377 0.0362 0.0691 0.0671 0.0687 0.0968 0.1774 0.189 0.0244 0.022 0.0693 0.0671
199 0.1336 0.2515 0.0667 0.0679 0.0671 0.0702 0.0644 0.0665 0.1335 0.2513 0.0934 0.0964 0.0562 0.0593 0.0645 0.0665 0.1336 0.2513 0.0126 0.0106 0.0925 0.0954 0.0638 0.0664
387 0.1318 0.1094 0.0427 0.0456 0.09 0.094 0.0672 0.0633 0.1317 0.1092 0.0402 0.043 0.0968 0.101 0.0665 0.0634 0.1318 0.1092 0.0345 0.0375 0.124 0.1288 0.0674 0.0635
100 0.0536 0.0972 0.0926 0.0945 0.0679 0.0671 0.0569 0.0669 0.0536 0.0974 0.0755 0.0763 0.0129 0.0155 0.0568 0.0662 0.0535 0.0971 0.1266 0.1312 0.1877 0.189 0.0578 0.0661
12 0.0929 0.1584 0.081 0.0848 0.0731 0.0735 0.0636 0.0659 0.0929 0.1583 0.0713 0.0752 0.0654 0.0662 0.0638 0.066 0.093 0.1584 0.1162 0.1198 0.0925 0.0925 0.0636 0.0658
420 0.1005 0.1077 0.0286 0.0297 0.0332 0.0347 0.0591 0.067 0.1004 0.1082 0.0353 0.0366 0.0095 0.0178 0.0591 0.0665 0.101 0.1078 0.0104 0.015 0.1656 0.1674 0.059 0.0672
144 0.1176 0.022 0.1335 0.1316 0.0765 0.0776 0.0657 0.065 0.1167 0.0219 0.1009 0.0993 0.0683 0.0688 0.066 0.0647 0.1173 0.0226 0.4383 0.3999 0.2318 0.2352 0.0638 0.0649
233 0.1374 0.1797 0.0177 0.0158 0.118 0.1211 0.0633 0.0667 0.1375 0.1798 0.0205 0.0205 0.0919 0.0942 0.0633 0.0665 0.1372 0.1799 0.0268 0.0278 0.1838 0.189 0.0636 0.0667
80 0.0827 0.2015 0.0187 0.0276 0.0412 0.0417 0.0619 0.0627 0.0825 0.2019 0.0362 0.039 0.0459 0.0479 0.0622 0.0631 0.0828 0.2015 0.0853 0.0905 0.0491 0.0497 0.0618 0.0626
353 0.1216 0.0256 0.0073 0.019 0.0366 0.0443 0.0602 0.069 0.122 0.0253 0.0286 0.0287 0.0312 0.0396 0.0606 0.0692 0.1225 0.025 0.1474 0.1587 0.0361 0.0441 0.0602 0.069
134 0.1408 0.1944 0.0141 0.0124 0.0828 0.0832 0.0699 0.0688 0.1408 0.1941 0.0285 0.0278 0.0518 0.054 0.0701 0.0687 0.1408 0.1937 0.1599 0.1721 0.2917 0.2928 0.0699 0.0681
507 0.1135 0.1729 0.0325 0.0343 0.0366 0.0361 0.0627 0.069 0.1137 0.1729 0.024 0.027 0.0451 0.0448 0.063 0.0692 0.1125 0.1733 0.1052 0.1079 0.0626 0.0621 0.0627 0.0678
496 0.1651 0.0269 0.1036 0.1046 0.011 0.0141 0.0632 0.0641 0.1652 0.027 0.0649 0.0658 0.0295 0.0305 0.0634 0.0635 0.1647 0.0271 0.4073 0.3775 0.1244 0.1263 0.0631 0.0637
365 0.1111 0.1635 0.0166 0.0159 0.0189 0.0272 0.0693 0.0693 0.1112 0.1635 0.014 0.017 0.0148 0.0247 0.0693 0.0693 0.1113 0.1636 0.0908 0.0932 0.0353 0.0396 0.0689 0.0693
56 0.0771 0.1232 0.0336 0.038 0.0398 0.0372 0.0678 0.0702 0.0774 0.1232 0.0191 0.0215 0.0367 0.0369 0.066 0.0702 0.0776 0.1236 0.2177 0.2377 0.1487 0.1468 0.0669 0.0697
47 0.1149 0.0727 0.0108 0.0223 0.0939 0.0956 0.0676 0.0693 0.1147 0.0725 0.0231 0.0278 0.0747 0.076 0.0676 0.0691 0.1152 0.0723 0.1716 0.1821 0.2366 0.2406 0.0674 0.0687
475 0.1273 0.1863 0.0553 0.0547 0.0971 0.096 0.0593 0.0611 0.1275 0.1864 0.0808 0.0817 0.0647 0.0636 0.0596 0.0609 0.1275 0.1869 0.1723 0.1741 0.2839 0.2862 0.0585 0.0607
531 0.0766 0.0653 0.0353 0.0379 0.0609 0.0658 0.0569 0.0677 0.0759 0.0653 0.0322 0.0346 0.0585 0.063 0.0567 0.0677 0.0761 0.065 0.0404 0.0418 0.1044 0.112 0.0567 0.0677
342 0.0593 0.1686 0.0081 0.0095 0.1129 0.1129 0.0655 0.0615 0.0595 0.1686 0.0087 0.0102 0.0816 0.0811 0.0659 0.0618 0.0596 0.1686 0.0345 0.0379 0.1732 0.1748 0.0656 0.0618
155 0.0579 0.1474 0.0483 0.0477 0.0766 0.0773 0.0714 0.0658 0.0562 0.1475 0.0313 0.0303 0.0658 0.0665 0.07 0.0656 0.0563 0.1479 0.0815 0.0814 0.0988 0.1012 0.0698 0.0656
188 0.0647 0.1176 0.1406 0.1513 0.1013 0.1028 0.0618 0.058 0.0647 0.1177 0.107 0.1146 0.1065 0.1079 0.0619 0.0579 0.065 0.1181 0.2537 0.2781 0.0614 0.0616 0.0617 0.0578
67 0.089 0.0596 0.1863 0.2012 0.0453 0.0478 0.0632 0.0679 0.0891 0.0595 0.1292 0.1378 0.0165 0.0163 0.0633 0.0674 0.0891 0.0593 0.2974 0.3275 0.1437 0.1484 0.0632 0.0677
321 0.2448 0.047 0.0351 0.041 0.0086 0.0204 0.0692 0.0646 0.2447 0.0469 0.0638 0.0702 0.0203 0.0289 0.0694 0.0647 0.2446 0.0468 0.118 0.1171 0.1303 0.1313 0.0685 0.065
485 0.1083 0.144 0.2766 0.2687 0.0889 0.0937 0.0589 0.068 0.1083 0.1441 0.26 0.2537 0.0786 0.0829 0.0594 0.068 0.1086 0.1439 0.3395 0.3242 0.1365 0.1414 0.0589 0.0679
465 0.1051 0.1104 0.1304 0.1353 0.0461 0.0459 0.0669 0.0641 0.105 0.1105 0.0916 0.093 0.0385 0.0391 0.0663 0.0641 0.1051 0.1106 0.2912 0.3151 0.0769 0.0756 0.0665 0.064
299 0.0712 0.2351 0.0324 0.0339 0.1086 0.1113 0.0594 0.067 0.0713 0.2351 0.0381 0.0399 0.1006 0.103 0.0594 0.0668 0.0711 0.235 0.0156 0.0188 0.1364 0.1394 0.0592 0.0667
541 0.0357 0.1913 0.1609 0.1689 0.0406 0.0389 0.0592 0.0657 0.0355 0.1925 0.1238 0.1278 0.0201 0.0227 0.0593 0.0652 0.0358 0.1927 0.309 0.3375 0.1194 0.1186 0.0589 0.0648
409 0.0839 0.1236 0.2277 0.2233 0.0471 0.0427 0.0718 0.0683 0.0838 0.1238 0.1871 0.185 0.0359 0.0316 0.0714 0.0683 0.0839 0.1236 0.3038 0.2925 0.0738 0.0698 0.0719 0.0682
36 0.2059 0.0276 0.2186 0.2156 0.06 0.0624 0.0666 0.0642 0.2058 0.0277 0.1668 0.1667 0.0523 0.0563 0.0672 0.0643 0.2066 0.0278 0.4459 0.4094 0.1262 0.1256 0.0666 0.0646
90 0.139 0.1136 0.0424 0.0449 0.0958 0.0992 0.0623 0.0676 0.1392 0.1134 0.0272 0.0294 0.0343 0.0379 0.0617 0.0694 0.1391 0.1141 0.2229 0.2206 0.3667 0.3717 0.0621 0.0685
388 0.0576 0.1769 0.0142 0.0237 0.0701 0.0782 0.0619 0.065 0.0574 0.177 0.0136 0.0238 0.0413 0.0504 0.0619 0.0651 0.0576 0.1765 0.037 0.0415 0.1274 0.1348 0.0621 0.0648
376 0.1176 0.1339 0.1224 0.1234 0.0152 0.0177 0.0643 0.0614 0.1175 0.134 0.1226 0.1236 0.0135 0.0156 0.0642 0.0614 0.1175 0.1341 0.1213 0.1223 0.0128 0.0147 0.0642 0.0614
24 0.1514 0.1084 0.0618 0.067 0.0983 0.102 0.0615 0.0672 0.1514 0.1084 0.0584 0.0633 0.0988 0.1025 0.0616 0.0671 0.1515 0.1082 0.0681 0.0737 0.0975 0.1009 0.0614 0.0672
288 0.0952 0.1277 0.0385 0.0382 0.0939 0.0925 0.06 0.057 0.095 0.1278 0.0392 0.0389 0.0827 0.081 0.0602 0.057 0.0953 0.1277 0.0361 0.0357 0.1149 0.1138 0.0599 0.0572
441 0.0654 0.0431 0.0046 0.0085 0.0338 0.0356 0.0613 0.068 0.0656 0.0433 0.0421 0.0443 0.0324 0.0348 0.0618 0.0681 0.0658 0.0437 0.2377 0.2335 0.0259 0.0264 0.0612 0.0675
431 0.116 0.1186 0.0559 0.0562 0.0525 0.0582 0.0636 0.0672 0.1161 0.1184 0.0206 0.0189 0.0695 0.0745 0.0637 0.0673 0.1167 0.1187 0.1891 0.1869 0.0099 0.0258 0.0636 0.0668
332 0.14 0.2458 0.0227 0.014 0.1661 0.1694 0.0697 0.0697 0.1401 0.2458 0.023 0.0135 0.1456 0.1485 0.07 0.0697 0.1403 0.2453 0.0507 0.0453 0.2311 0.2358 0.0697 0.0691
552 0.0775 0.0524 0.0111 0.0189 0.0656 0.0695 0.0578 0.0649 0.0779 0.0524 0.0115 0.0181 0.0675 0.0711 0.0575 0.0647 0.0776 0.0523 0.01 0.0172 0.0686 0.0717 0.0581 0.0649
254 0.0359 0.1205 0.0165 0.0158 0.2165 0.2158 0.0619 0.0703 0.0356 0.1203 0.0159 0.0195 0.164 0.1627 0.0623 0.0709 0.0353 0.1202 0.1927 0.1917 0.3742 0.3759 0.0614 0.07
124 0.0668 0.149 0.0937 0.0995 0.0096 0.0325 0.0575 0.0597 0.0665 0.1488 0.0967 0.1026 0.0098 0.0326 0.0575 0.0597 0.0665 0.1488 0.0972 0.1032 0.0098 0.0326 0.0575 0.0597
421 0.1375 0.0756 0.067 0.0659 0.0173 0.0073 0.0644 0.0614 0.1375 0.0757 0.0516 0.0504 0.0179 0.0074 0.0642 0.0617 0.1375 0.0754 0.1202 0.1187 0.0175 0.0087 0.0641 0.0611
222 0.0641 0.0783 0.0461 0.0465 0.0513 0.0518 0.0605 0.0676 0.0638 0.0784 0.0226 0.0224 0.024 0.0275 0.0603 0.0676 0.0636 0.0786 0.3183 0.3039 0.2101 0.2138 0.06 0.068
267 0.2151 0.0512 0.1827 0.1972 0.0227 0.0291 0.0702 0.0693 0.2149 0.051 0.0993 0.106 0.0299 0.0342 0.0697 0.0692 0.2151 0.0512 0.4191 0.4668 0.0131 0.0159 0.0705 0.0691
211 0.1374 0.2528 0.0622 0.0674 0.0113 0.0237 0.0625 0.0645 0.1373 0.2527 0.0762 0.0814 0.0109 0.0236 0.0623 0.0647 0.1374 0.2528 0.1157 0.1196 0.0106 0.0241 0.0617 0.0645
234 0.1122 0.1948 0.0198 0.0257 0.0805 0.0846 0.0611 0.0675 0.1122 0.1947 0.0125 0.0195 0.0623 0.0656 0.0612 0.0676 0.1125 0.1952 0.0426 0.0455 0.0989 0.1036 0.0619 0.0674
145 0.0985 0.0707 0.0366 0.0356 0.0695 0.0678 0.0606 0.0592 0.0984 0.071 0.0253 0.0247 0.0676 0.0659 0.061 0.0596 0.0986 0.0712 0.1082 0.1079 0.1332 0.1328 0.0604 0.0591
519 0.025 0.0545 0.0924 0.0972 0.0339 0.0364 0.0628 0.0674 0.0252 0.0542 0.0964 0.1014 0.0276 0.0303 0.0628 0.0673 0.0254 0.055 0.0883 0.0926 0.047 0.0497 0.0631 0.0665
398 0.1207 0.0549 0.0085 0.0197 0.0963 0.0976 0.0635 0.0635 0.1208 0.0548 0.0054 0.0182 0.0613 0.061 0.0637 0.0631 0.1207 0.0548 0.0107 0.0204 0.1564 0.1605 0.0632 0.0628
532 0.1384 0.0486 0.0429 0.0462 0.1371 0.136 0.066 0.067 0.1385 0.0485 0.0303 0.0361 0.1106 0.1087 0.0659 0.0671 0.1387 0.0484 0.0799 0.0809 0.2145 0.2149 0.0659 0.0667
25 0.0424 0.0327 0.1292 0.1376 0.0228 0.0399 0.0643 0.0703 0.0426 0.0328 0.0942 0.0992 0.0229 0.0409 0.0637 0.0704 0.0424 0.0326 0.1885 0.2041 0.0179 0.0384 0.0648 0.0703
310 0.119 0.3022 0.1192 0.1289 0.0623 0.0643 0.0623 0.0622 0.119 0.3021 0.0407 0.0445 0.0251 0.0282 0.0616 0.062 0.119 0.3022 0.6466 0.7438 0.2874 0.295 0.0619 0.062
278 0.246 0.2083 0.1936 0.1928 0.0375 0.0396 0.0633 0.0671 0.2461 0.2083 0.1644 0.1651 0.0621 0.0634 0.0635 0.067 0.246 0.2083 0.2769 0.2695 0.0382 0.0387 0.0637 0.0676
366 0.0785 0.0619 0.1285 0.1391 0.0445 0.0456 0.0618 0.0674 0.0785 0.0618 0.1155 0.1248 0.0211 0.0274 0.0618 0.0666 0.0785 0.062 0.1423 0.1545 0.0868 0.0861 0.0618 0.0673
57 0.043 0.0304 0.1114 0.1142 0.1184 0.1244 0.0533 0.0655 0.0429 0.0304 0.0466 0.0481 0.1146 0.1204 0.0546 0.0655 0.0428 0.0299 0.3111 0.301 0.1092 0.1145 0.0536 0.0651
112 0.0725 0.1189 0.0183 0.0243 0.0192 0.0244 0.0588 0.0633 0.0724 0.119 0.0229 0.0284 0.0276 0.0322 0.0589 0.0637 0.0723 0.1192 0.0179 0.0152 0.0157 0.025 0.0591 0.063
101 0.0698 0.1756 0.0575 0.0601 0.1966 0.2013 0.064 0.0664 0.0698 0.1753 0.0524 0.055 0.1348 0.1379 0.064 0.0673 0.07 0.1755 0.0403 0.0424 0.331 0.3371 0.064 0.0668
453 0.0896 0.0277 0.0571 0.0604 0.0405 0.0417 0.0677 0.0631 0.0896 0.0277 0.0424 0.0454 0.022 0.0241 0.0677 0.0631 0.0894 0.0277 0.0942 0.0979 0.1393 0.143 0.0677 0.0632
168 0.1299 0.1795 0.1757 0.1751 0.0204 0.028 0.064 0.0701 0.1297 0.1799 0.118 0.1186 0.0128 0.0281 0.0634 0.0703 0.1302 0.18 0.3527 0.3342 0.0599 0.0559 0.0636 0.07
244 0.0707 0.1737 0.0499 0.0507 0.059 0.0546 0.0639 0.0626 0.071 0.1736 0.0324 0.0326 0.0303 0.0261 0.0639 0.0625 0.0705 0.1736 0.1185 0.1205 0.2292 0.2275 0.0638 0.0629
508 0.0608 0.1409 0.0794 0.0788 0.0142 0.0182 0.0628 0.0592 0.0611 0.141 0.0723 0.0718 0.0097 0.0153 0.0628 0.0593 0.0607 0.1411 0.1372 0.1363 0.0502 0.052 0.0621 0.0591
48 0.1257 0.1098 0.0119 0.0222 0.1228 0.1234 0.0627 0.0623 0.1255 0.1097 0.0114 0.022 0.1297 0.1305 0.0627 0.0623 0.1255 0.1097 0.0113 0.022 0.1309 0.1317 0.0627 0.0623
178 0.3253 0.1168 0.1203 0.1213 0.0807 0.0824 0.0636 0.0681 0.3252 0.1168 0.1044 0.106 0.0349 0.0426 0.0637 0.0683 0.3254 0.117 0.1343 0.1349 0.156 0.1547 0.0637 0.0684
343 0.1132 0.0216 0.1934 0.1926 0.046 0.0474 0.0653 0.0637 0.1131 0.0215 0.1497 0.151 0.0501 0.0506 0.0649 0.0635 0.1127 0.0208 0.4189 0.3869 0.0289 0.032 0.0648 0.0633
212 0.0676 0.0808 0.167 0.1785 0.0441 0.0441 0.064 0.0684 0.0672 0.0808 0.1015 0.1061 0.0457 0.0458 0.0643 0.0684 0.0675 0.0808 0.3295 0.3626 0.0666 0.0667 0.0639 0.0689
300 0.124 0.1088 0.0266 0.0265 0.0478 0.0502 0.0649 0.0632 0.1241 0.1088 0.0278 0.0276 0.0456 0.0478 0.065 0.0629 0.1241 0.1089 0.0279 0.0277 0.045 0.0473 0.065 0.0629
354 0.0908 0.0961 0.0275 0.0269 0.0459 0.0504 0.0659 0.0696 0.0903 0.0957 0.0171 0.0176 0.0558 0.0594 0.066 0.0694 0.0922 0.0956 0.4996 0.449 0.0763 0.0792 0.0655 0.0687
156 0.0427 0.1443 0.1285 0.127 0.0253 0.0242 0.0688 0.0659 0.0423 0.1444 0.071 0.0696 0.0218 0.0191 0.0679 0.066 0.0426 0.1444 0.365 0.3424 0.0319 0.033 0.068 0.0664
377 0.0751 0.277 0.0606 0.062 0.0128 0.0155 0.0575 0.0677 0.0744 0.2768 0.0708 0.0725 0.0191 0.0195 0.0572 0.0679 0.0744 0.2768 0.0733 0.075 0.0216 0.0217 0.0572 0.0679
410 0.0619 0.1278 0.2927 0.284 0.0205 0.0229 0.0632 0.0673 0.0619 0.1279 0.2344 0.2319 0.0257 0.0273 0.0632 0.0673 0.0621 0.1284 0.3706 0.35 0.0144 0.0182 0.0631 0.0673
146 0.3257 0.3374 0.0655 0.0671 0.0407 0.0459 0.0608 0.0625 0.3257 0.3373 0.0699 0.0717 0.0453 0.0504 0.061 0.0625 0.3257 0.3373 0.0717 0.0737 0.0467 0.0517 0.061 0.0624
497 0.0697 0.1136 0.0604 0.0578 0.1531 0.1568 0.0685 0.065 0.0695 0.1137 0.0697 0.0673 0.1366 0.14 0.0685 0.0647 0.0693 0.114 0.0548 0.0522 0.1909 0.1955 0.0685 0.0649
13 0.0555 0.1054 0.1123 0.1123 0.0616 0.0608 0.0632 0.0689 0.0556 0.1053 0.0865 0.0868 0.0601 0.0592 0.0632 0.0689 0.0555 0.1051 0.1769 0.1758 0.0552 0.0547 0.0633 0.0689
542 0.0731 0.0892 0.0338 0.0351 0.1695 0.1745 0.0684 0.064 0.0732 0.0891 0.0366 0.0382 0.1742 0.1793 0.0687 0.0641 0.0732 0.0891 0.0377 0.0394 0.1805 0.1857 0.0687 0.0641
189 0.1574 0.0946 0.122 0.1216 0.0658 0.0655 0.0684 0.0634 0.1574 0.0945 0.0845 0.0844 0.0679 0.0677 0.0679 0.0635 0.1574 0.0947 0.1918 0.1891 0.0616 0.0617 0.0684 0.0635
81 0.1369 0.247 0.0087 0.0095 0.0728 0.072 0.0642 0.0687 0.1369 0.2468 0.0222 0.0211 0.0399 0.0405 0.0646 0.0689 0.1369 0.2472 0.4191 0.4715 0.2785 0.2816 0.0643 0.068
442 0.2877 0.2633 0.1275 0.138 0.0272 0.0286 0.0622 0.0671 0.2874 0.2637 0.0837 0.09 0.0497 0.0483 0.063 0.0672 0.2877 0.263 0.1838 0.2005 0.0196 0.024 0.0624 0.0669
466 0.02 0.1055 0.0827 0.0881 0.0116 0.0133 0.0701 0.0612 0.0202 0.1056 0.0604 0.0656 0.0119 0.0133 0.0703 0.0615 0.0191 0.1043 0.2911 0.2842 0.0259 0.0263 0.0693 0.0601
289 0.1041 0.1249 0.1783 0.1938 0.1782 0.1819 0.0607 0.0619 0.1038 0.1245 0.1406 0.1519 0.1265 0.1289 0.0613 0.0622 0.1036 0.1245 0.3894 0.436 0.3801 0.3881 0.0608 0.0627
91 0.1703 0.0946 0.0269 0.0268 0.0216 0.0269 0.0621 0.0683 0.1704 0.0945 0.0267 0.0264 0.0239 0.0288 0.0622 0.068 0.1703 0.0946 0.0303 0.0301 0.0194 0.0265 0.0623 0.0679
520 0.09 0.0901 0.0707 0.0709 0.0857 0.0874 0.0646 0.0628 0.0902 0.0901 0.0536 0.0537 0.0745 0.076 0.0643 0.0628 0.0906 0.0908 0.1078 0.1079 0.1254 0.1266 0.0642 0.0626
486 0.0852 0.1458 0.096 0.0964 0.0202 0.0209 0.0601 0.0653 0.0852 0.1458 0.056 0.0575 0.0155 0.0192 0.0606 0.0654 0.086 0.1463 0.2215 0.2174 0.0275 0.0269 0.0606 0.0651
553 0.1246 0.154 0.0136 0.0141 0.1937 0.1962 0.061 0.0701 0.1246 0.1537 0.0165 0.0215 0.1603 0.1619 0.0611 0.0701 0.1241 0.1538 0.3712 0.3505 0.4685 0.4742 0.0617 0.0677
476 0.0542 0.0378 0.0084 0.0191 0.0214 0.0254 0.064 0.0693 0.0539 0.0379 0.0087 0.0197 0.0203 0.0238 0.064 0.0694 0.0541 0.0379 0.0117 0.0213 0.0364 0.0357 0.0641 0.0696
279 0.0745 0.1003 0.0472 0.0494 0.0416 0.0432 0.062 0.0713 0.0744 0.1004 0.0401 0.0427 0.0271 0.0323 0.0621 0.0714 0.0747 0.1006 0.1039 0.1044 0.1045 0.1056 0.0618 0.071
533 0.0413 0.113 0.0087 0.0101 0.0647 0.0698 0.0608 0.0689 0.0412 0.1128 0.0086 0.0103 0.0302 0.0338 0.0607 0.0692 0.0412 0.1134 0.0372 0.0378 0.2874 0.2964 0.0606 0.0687
235 0.1807 0.0727 0.2306 0.2269 0.0337 0.036 0.0702 0.0608 0.1802 0.073 0.1786 0.178 0.0322 0.033 0.0703 0.0606 0.1808 0.0725 0.3682 0.347 0.0458 0.0474 0.0701 0.0607
322 0.225 0.1281 0.0581 0.0645 0.0444 0.047 0.0614 0.0689 0.2251 0.1282 0.027 0.0286 0.0456 0.0483 0.0616 0.0688 0.2257 0.1278 0.5131 0.5865 0.0653 0.0679 0.061 0.0683
58 0.0546 0.174 0.1592 0.1578 0.0851 0.0925 0.0656 0.0624 0.0545 0.174 0.1808 0.1784 0.085 0.0921 0.0654 0.062 0.0547 0.1738 0.1959 0.1926 0.0829 0.0902 0.0654 0.0622
389 0.1703 0.1223 0.0828 0.0851 0.0125 0.0235 0.061 0.0674 0.1701 0.1218 0.0311 0.0304 0.0124 0.0236 0.0611 0.0673 0.1704 0.1223 0.2811 0.3073 0.0289 0.0285 0.0607 0.0671
454 0.1112 0.3566 0.0183 0.0196 0.1851 0.1904 0.0656 0.0679 0.1111 0.3566 0.0215 0.0233 0.117 0.1202 0.0655 0.0683 0.1112 0.3573 0.0268 0.0301 0.3512 0.3584 0.0659 0.0671
135 0.123 0.0534 0.0474 0.0488 0.1199 0.1247 0.0642 0.0637 0.1229 0.0534 0.0438 0.0447 0.1209 0.1253 0.0643 0.0638 0.1232 0.0535 0.0729 0.0773 0.0126 0.0224 0.0642 0.0642
26 0.1445 0.0818 0.0315 0.0304 0.2107 0.219 0.0636 0.0666 0.1446 0.0818 0.0327 0.0325 0.1906 0.1988 0.0638 0.0667 0.1448 0.0816 0.037 0.0375 0.2791 0.2883 0.0638 0.0666
422 0.1953 0.1974 0.1283 0.138 0.0616 0.0659 0.066 0.0599 0.1952 0.1975 0.0737 0.0777 0.0322 0.0342 0.0655 0.0601 0.1955 0.197 0.2012 0.2194 0.1117 0.1164 0.0659 0.0599
509 0.1073 0.0975 0.0799 0.085 0.0592 0.0594 0.0646 0.0637 0.107 0.0977 0.0624 0.0671 0.0575 0.0578 0.0653 0.0636 0.1065 0.0976 0.1102 0.1151 0.0821 0.0827 0.0648 0.0636
125 0.2491 0.1847 0.1016 0.108 0.0347 0.0353 0.0635 0.0664 0.2489 0.1845 0.0857 0.0908 0.027 0.0284 0.0636 0.0665 0.2493 0.1845 0.1548 0.167 0.0605 0.0615 0.0625 0.0659
432 0.1803 0.1096 0.0246 0.0311 0.0984 0.0984 0.068 0.0619 0.1802 0.1097 0.025 0.0296 0.1035 0.1031 0.0681 0.0617 0.1802 0.1098 0.0256 0.0297 0.1049 0.1043 0.0681 0.0618
311 0.1651 0.1243 0.0826 0.0842 0.0595 0.0596 0.06 0.0632 0.1652 0.1239 0.0608 0.0624 0.0516 0.0528 0.0604 0.0634 0.1658 0.1245 0.5343 0.4721 0.1435 0.1423 0.0599 0.0629
367 0.0731 0.1255 0.0482 0.0527 0.0148 0.0257 0.0628 0.06 0.0732 0.1254 0.0524 0.0574 0.0114 0.0258 0.063 0.0602 0.0732 0.1255 0.0549 0.0602 0.0112 0.0261 0.0632 0.0602
49 0.047 0.2424 0.172 0.172 0.0143 0.0261 0.0685 0.0717 0.0471 0.2424 0.1585 0.1588 0.016 0.027 0.0684 0.0717 0.0471 0.2417 0.2024 0.201 0.0164 0.0266 0.0682 0.0713
399 0.1308 0.2917 0.1045 0.1129 0.0416 0.0454 0.0634 0.0694 0.1307 0.2924 0.0895 0.0966 0.0483 0.0529 0.0634 0.0686 0.1306 0.2917 0.2092 0.2269 0.0188 0.0245 0.0628 0.068
498 0.0815 0.1473 0.051 0.0528 0.0587 0.0619 0.0617 0.0645 0.0814 0.1473 0.05 0.0518 0.0597 0.063 0.0616 0.0646 0.0814 0.1473 0.0497 0.0514 0.0596 0.063 0.0616 0.0646
333 0.042 0.0599 0.0523 0.0553 0.0896 0.0926 0.0654 0.0686 0.0421 0.0596 0.0246 0.0283 0.068 0.0709 0.0656 0.0688 0.0418 0.06 0.218 0.2369 0.3346 0.3399 0.0658 0.0675
92 0.0897 0.1373 0.0086 0.0116 0.0257 0.0264 0.0617 0.072 0.0897 0.1373 0.01 0.0123 0.0186 0.0281 0.0615 0.0721 0.0895 0.1379 0.0141 0.0164 0.1124 0.1148 0.0613 0.0719
543 0.0432 0.0659 0.0416 0.0461 0.0904 0.0873 0.0618 0.0699 0.0427 0.0655 0.0438 0.0474 0.0735 0.0694 0.0615 0.0703 0.0433 0.0663 0.0189 0.0247 0.2346 0.2375 0.0623 0.0692
157 0.1279 0.0739 0.0299 0.0302 0.1226 0.1211 0.0654 0.0641 0.1281 0.0742 0.0427 0.0436 0.0978 0.0958 0.0653 0.0638 0.1282 0.0738 0.0321 0.0328 0.1884 0.1889 0.0654 0.0635
82 0.1327 0.2109 0.0463 0.048 0.1383 0.1385 0.0669 0.0662 0.1328 0.211 0.03 0.0323 0.1201 0.1206 0.0675 0.0664 0.1324 0.2114 0.2377 0.2629 0.1876 0.1876 0.066 0.0664
301 0.0887 0.1581 0.1419 0.1526 0.0482 0.0488 0.0599 0.0661 0.0887 0.158 0.1328 0.1424 0.032 0.0361 0.0598 0.0664 0.0883 0.1584 0.1642 0.177 0.0792 0.0768 0.0595 0.0662
169 0.114 0.1834 0.1283 0.1273 0.1046 0.1053 0.062 0.0699 0.1138 0.1835 0.1287 0.1276 0.0672 0.0676 0.062 0.0696 0.114 0.1834 0.1373 0.1359 0.3209 0.3288 0.0615 0.0697
68 0.1493 0.0916 0.1864 0.1846 0.08 0.0806 0.0614 0.0635 0.1493 0.0917 0.1335 0.1341 0.0678 0.0686 0.0622 0.063 0.1489 0.0922 0.3887 0.3624 0.1599 0.1624 0.0613 0.0634
37 0.123 0.0309 0.0093 0.0188 0.0283 0.0274 0.0698 0.0664 0.1232 0.0305 0.0095 0.0176 0.031 0.0301 0.0695 0.0666 0.1233 0.0305 0.0154 0.02 0.0107 0.0175 0.07 0.0659
355 0.0416 0.097 0.0841 0.0828 0.0365 0.0405 0.0627 0.0676 0.0415 0.0972 0.059 0.0574 0.0349 0.0386 0.0626 0.0674 0.0417 0.0976 0.2303 0.2239 0.0355 0.039 0.0623 0.0669
245 0.096 0.1159 0.0549 0.057 0.0996 0.0983 0.0653 0.064 0.0961 0.1161 0.0886 0.091 0.0709 0.0695 0.0654 0.0641 0.0963 0.1158 0.0186 0.0213 0.2094 0.2102 0.0652 0.0635
411 0.056 0.1948 0.1846 0.1987 0.1002 0.1027 0.0644 0.0652 0.0561 0.1948 0.1372 0.1456 0.077 0.0794 0.0656 0.0643 0.0561 0.195 0.3716 0.4135 0.2392 0.2441 0.0633 0.0643
213 0.1108 0.1202 0.0793 0.0818 0.0516 0.0512 0.067 0.0638 0.1108 0.1206 0.0816 0.0841 0.0167 0.0185 0.0671 0.0639 0.1107 0.1204 0.0622 0.0636 0.2103 0.2115 0.0673 0.0636
268 0.1639 0.0522 0.1265 0.1336 0.012 0.0138 0.0717 0.068 0.1639 0.0521 0.0969 0.1014 0.0082 0.0122 0.0706 0.0682 0.1643 0.0519 0.2322 0.2519 0.0885 0.0875 0.0702 0.0679
255 0.0621 0.0913 0.0862 0.0909 0.0558 0.059 0.0618 0.0691 0.0621 0.0911 0.0788 0.0828 0.06 0.0635 0.0619 0.0692 0.0623 0.0904 0.0965 0.1023 0.0566 0.0599 0.0616 0.0697
223 0.0849 0.0776 0.0074 0.0151 0.0496 0.0482 0.0618 0.0642 0.0848 0.0774 0.0088 0.0168 0.0176 0.0217 0.0618 0.0646 0.0845 0.0777 0.0103 0.0159 0.1614 0.1601 0.0617 0.0649
126 0.1251 0.0515 0.1646 0.1649 0.073 0.0736 0.0647 0.0627 0.1251 0.0509 0.1416 0.1425 0.0719 0.0729 0.0652 0.063 0.1254 0.0514 0.2376 0.2333 0.0689 0.0704 0.064 0.0628
190 0.074 0.0367 0.0814 0.0825 0.0246 0.0226 0.0668 0.0642 0.074 0.0365 0.0654 0.0667 0.0431 0.0425 0.0671 0.0641 0.0739 0.0367 0.215 0.2113 0.0994 0.1001 0.0664 0.0638
113 0.0877 0.031 0.1408 0.1411 0.1246 0.1265 0.0619 0.0647 0.0878 0.031 0.1057 0.1066 0.1124 0.1142 0.0615 0.0642 0.0886 0.0308 0.3679 0.3461 0.1647 0.1676 0.0613 0.0647
554 0.1136 0.1141 0.216 0.2132 0.0118 0.029 0.0682 0.0684 0.1134 0.1139 0.1577 0.1571 0.0144 0.0302 0.069 0.0684 0.1134 0.1136 0.4901 0.4429 0.0193 0.0282 0.0671 0.0678
14 0.1289 0.2816 0.0719 0.0736 0.0086 0.0264 0.0662 0.0635 0.1288 0.2817 0.0905 0.0935 0.0196 0.0356 0.0668 0.0638 0.1288 0.2816 0.0083 0.0209 0.0702 0.0749 0.0657 0.0634
344 0.0179 0.1193 0.0091 0.0197 0.0313 0.0321 0.067 0.0619 0.0175 0.1192 0.0126 0.0214 0.0383 0.0394 0.0664 0.0617 0.0175 0.1194 0.0204 0.0267 0.0436 0.0446 0.0669 0.0619
544 0.0553 0.2363 0.0876 0.0947 0.1606 0.1619 0.0619 0.0656 0.0554 0.2363 0.09 0.0969 0.1279 0.128 0.0619 0.0666 0.0554 0.2365 0.0807 0.088 0.2113 0.2142 0.0618 0.0659
455 0.1883 0.1694 0.0819 0.0892 0.0154 0.0222 0.0581 0.0691 0.1884 0.1694 0.0627 0.0685 0.0299 0.0345 0.0581 0.0695 0.1882 0.1699 0.1296 0.1412 0.0417 0.0417 0.0584 0.0697
102 0.0227 0.0797 0.0231 0.0236 0.0345 0.039 0.0609 0.0647 0.0223 0.0796 0.0199 0.0206 0.0322 0.037 0.061 0.0647 0.0229 0.0797 0.0337 0.0344 0.046 0.0493 0.061 0.0651
147 0.0301 0.1816 0.0175 0.0217 0.0415 0.0408 0.0595 0.0668 0.0302 0.1813 0.0186 0.0219 0.0208 0.0245 0.0597 0.067 0.0302 0.1815 0.016 0.0203 0.0863 0.0855 0.0592 0.0664
443 0.1011 0.0444 0.1728 0.1852 0.0481 0.0452 0.056 0.0665 0.101 0.0443 0.1389 0.1478 0.0445 0.0417 0.0562 0.0665 0.1007 0.0448 0.5207 0.5906 0.0282 0.0297 0.056 0.0665
510 0.1253 0.1758 0.1588 0.1733 0.0567 0.0551 0.0661 0.061 0.125 0.1756 0.1479 0.1609 0.0242 0.0232 0.0657 0.0608 0.1245 0.177 0.3621 0.4037 0.3068 0.3104 0.0651 0.0604
477 0.0693 0.0823 0.0512 0.0515 0.0576 0.0579 0.0698 0.068 0.0692 0.0822 0.0569 0.0573 0.0438 0.0441 0.0691 0.0685 0.0693 0.0822 0.0396 0.0393 0.09 0.0904 0.0682 0.0672
487 0.041 0.1 0.1833 0.1934 0.1628 0.1643 0.0618 0.0661 0.041 0.1 0.1512 0.1568 0.1354 0.1372 0.0638 0.066 0.041 0.0995 0.3105 0.3399 0.4349 0.4378 0.0615 0.0671
236 0.0555 0.1594 0.2219 0.2407 0.0593 0.059 0.0604 0.0699 0.0555 0.1595 0.1863 0.2006 0.0281 0.0282 0.0603 0.0698 0.0552 0.1595 0.4634 0.5216 0.2956 0.301 0.061 0.0701
423 0.1058 0.1804 0.1696 0.1705 0.0731 0.0762 0.0664 0.0684 0.1055 0.1807 0.146 0.1481 0.0547 0.0577 0.0643 0.0685 0.1057 0.1804 0.2058 0.2043 0.1023 0.1052 0.0668 0.0678
378 0.0532 0.0449 0.0689 0.0718 0.0148 0.0123 0.064 0.0641 0.0531 0.0449 0.063 0.0654 0.0145 0.0106 0.0641 0.0636 0.0533 0.0447 0.0749 0.0786 0.016 0.0126 0.0637 0.0639
280 0.1345 0.1632 0.0392 0.0443 0.1249 0.1284 0.0609 0.0696 0.1345 0.1629 0.0509 0.0569 0.1136 0.117 0.0615 0.0692 0.1347 0.1632 0.0593 0.0608 0.1414 0.145 0.0608 0.0695
59 0.1375 0.0671 0.0433 0.0436 0.2604 0.2628 0.0697 0.0667 0.1376 0.067 0.0473 0.0485 0.2133 0.2153 0.0692 0.0662 0.1376 0.0666 0.0421 0.0426 0.3806 0.3841 0.0695 0.0665
179 0.0569 0.1393 0.1342 0.1363 0.1254 0.1265 0.0702 0.0648 0.057 0.1393 0.0967 0.0995 0.0928 0.0932 0.0709 0.0647 0.0567 0.1396 0.2298 0.2264 0.1888 0.1912 0.07 0.0651
400 0.1222 0.2592 0.0375 0.0425 0.1756 0.1795 0.0588 0.0685 0.1222 0.2591 0.0363 0.0409 0.1364 0.1396 0.0587 0.0685 0.1221 0.2594 0.055 0.0626 0.366 0.3716 0.0592 0.0685
290 0.0715 0.1248 0.0141 0.0151 0.1066 0.1071 0.0583 0.0637 0.0721 0.1249 0.0061 0.0123 0.0684 0.068 0.0583 0.0639 0.0729 0.1248 0.2704 0.2615 0.4138 0.4166 0.0583 0.0637
312 0.0624 0.0565 0.0181 0.0249 0.0159 0.0158 0.0623 0.073 0.0626 0.0565 0.0143 0.0231 0.0193 0.0178 0.062 0.0731 0.0626 0.0564 0.2059 0.2209 0.0639 0.0606 0.062 0.0729
50 0.1223 0.1016 0.1571 0.1664 0.0214 0.0231 0.066 0.0645 0.1222 0.1013 0.1579 0.1673 0.0202 0.022 0.0658 0.0645 0.1221 0.1013 0.1924 0.2054 0.0099 0.0099 0.0659 0.064
158 0.2807 0.2544 0.0294 0.0295 0.0555 0.0572 0.0655 0.063 0.2805 0.2545 0.0407 0.0409 0.0538 0.0554 0.0654 0.0631 0.2805 0.2544 0.0418 0.0421 0.0534 0.055 0.0654 0.0631
467 0.081 0.0744 0.1483 0.149 0.1306 0.1334 0.0656 0.0639 0.0813 0.0746 0.0994 0.1007 0.1083 0.1104 0.066 0.064 0.0813 0.0741 0.44 0.4036 0.2243 0.229 0.0662 0.0641
368 0.0772 0.1656 0.0633 0.0682 0.1399 0.1424 0.0634 0.071 0.0772 0.1655 0.0619 0.0676 0.1208 0.1227 0.0634 0.0712 0.0773 0.1652 0.0638 0.0689 0.2183 0.2218 0.0632 0.07
256 0.0568 0.0439 0.0164 0.0203 0.1368 0.1385 0.0637 0.069 0.057 0.044 0.0169 0.0205 0.1248 0.1262 0.0637 0.0692 0.0565 0.0439 0.0159 0.0208 0.1596 0.1615 0.0638 0.069
499 0.0794 0.0532 0.2876 0.3138 0.0936 0.0971 0.0688 0.0626 0.0792 0.0531 0.2168 0.2333 0.0857 0.0887 0.0675 0.0628 0.0792 0.053 0.6402 0.7352 0.2199 0.2256 0.067 0.0621
27 0.0423 0.1149 0.0138 0.0141 0.048 0.0504 0.0723 0.066 0.0422 0.1149 0.0421 0.0425 0.0716 0.075 0.0728 0.0659 0.0427 0.1153 0.4354 0.4905 0.2497 0.2525 0.0723 0.0659
521 0.0872 0.2194 0.0454 0.0511 0.0202 0.0266 0.0641 0.0654 0.087 0.2195 0.0463 0.0517 0.0166 0.0246 0.0639 0.0655 0.0866 0.2193 0.0223 0.03 0.0191 0.0261 0.0637 0.0654
534 0.1365 0.0815 0.1609 0.1606 0.0442 0.0425 0.0649 0.0698 0.1364 0.0817 0.1292 0.1299 0.0235 0.023 0.0647 0.0698 0.1371 0.0815 0.2931 0.281 0.0979 0.0982 0.065 0.069
334 0.0546 0.0312 0.0302 0.0347 0.0643 0.0671 0.0688 0.0655 0.0545 0.0311 0.0297 0.0348 0.0705 0.0733 0.0689 0.0654 0.0547 0.0314 0.0283 0.0311 0.0443 0.0482 0.0686 0.0659
433 0.0317 0.0268 0.0537 0.0566 0.0966 0.0973 0.0642 0.0608 0.0321 0.0256 0.0559 0.0584 0.0542 0.0543 0.064 0.0605 0.032 0.0253 0.0393 0.0431 0.2453 0.249 0.0641 0.0606
356 0.0828 0.1432 0.0478 0.0499 0.2455 0.2471 0.0642 0.0686 0.0825 0.1434 0.0433 0.0449 0.2417 0.2434 0.0636 0.0686 0.0826 0.1433 0.0756 0.0806 0.2607 0.2628 0.0641 0.0685
369 0.0845 0.1495 0.2091 0.2069 0.027 0.0229 0.0642 0.0631 0.0845 0.1493 0.1893 0.1881 0.0153 0.0145 0.0647 0.0632 0.0846 0.1492 0.2502 0.2451 0.0595 0.057 0.0647 0.0627
224 0.0595 0.1194 0.1568 0.1686 0.0148 0.0184 0.0681 0.0661 0.0593 0.1196 0.0612 0.0643 0.0139 0.0181 0.0686 0.0661 0.0596 0.1188 0.2677 0.2937 0.0175 0.0201 0.0678 0.0662
38 0.0696 0.1061 0.2116 0.207 0.0159 0.0173 0.0656 0.0607 0.0696 0.1062 0.1446 0.1434 0.0119 0.0141 0.0658 0.0612 0.0698 0.1065 0.3666 0.3435 0.0858 0.0873 0.0658 0.0611
302 0.1582 0.1771 0.0176 0.0212 0.0426 0.0515 0.0669 0.0686 0.1583 0.177 0.0157 0.019 0.0292 0.0414 0.0672 0.0688 0.1583 0.177 0.0193 0.0222 0.0966 0.0982 0.067 0.0687
83 0.0429 0.2498 0.0338 0.0351 0.1539 0.1584 0.0627 0.0676 0.043 0.2497 0.0308 0.0321 0.1051 0.1087 0.0628 0.0677 0.0431 0.2491 0.0484 0.0499 0.2647 0.2697 0.0631 0.067
390 0.1338 0.0666 0.058 0.0579 0.0433 0.0466 0.0598 0.0656 0.1339 0.0665 0.03 0.0289 0.028 0.0349 0.0603 0.0652 0.1339 0.0666 0.1685 0.1674 0.1017 0.1078 0.0595 0.0654
170 0.06 0.0832 0.145 0.1551 0.1257 0.1294 0.0664 0.0679 0.0597 0.083 0.1075 0.1139 0.0999 0.1034 0.0654 0.0678 0.0605 0.0829 0.4249 0.4776 0.337 0.3445 0.0659 0.0679
191 0.0588 0.1273 0.1242 0.1233 0.0263 0.0304 0.0558 0.0627 0.0587 0.1273 0.0539 0.0527 0.024 0.028 0.0567 0.0626 0.058 0.1274 0.3953 0.3685 0.0386 0.0426 0.0555 0.0627
93 0.0783 0.0627 0.0119 0.0282 0.1335 0.1363 0.0654 0.0639 0.078 0.0624 0.0224 0.0301 0.0856 0.0869 0.065 0.0642 0.0778 0.0622 0.089 0.0911 0.4125 0.4193 0.0649 0.0632
15 0.0932 0.1415 0.0095 0.0122 0.0233 0.0306 0.059 0.0684 0.0933 0.1415 0.0206 0.0214 0.024 0.0307 0.0593 0.0684 0.094 0.1416 0.4034 0.377 0.017 0.0263 0.0589 0.0686
444 0.0908 0.1308 0.255 0.2487 0.1091 0.1125 0.0622 0.0689 0.0907 0.1306 0.1985 0.1963 0.1103 0.1138 0.0629 0.0688 0.0907 0.1307 0.3679 0.3467 0.1153 0.1187 0.0621 0.0688
323 0.2282 0.0759 0.2232 0.2419 0.1666 0.1632 0.0613 0.069 0.2282 0.0759 0.1996 0.2155 0.1621 0.1589 0.0615 0.0688 0.2282 0.076 0.2741 0.2993 0.1679 0.1647 0.0612 0.0688
345 0.2341 0.0615 0.0267 0.0277 0.0335 0.0347 0.0696 0.0658 0.234 0.0618 0.0339 0.0351 0.0395 0.0406 0.0696 0.0659 0.234 0.0615 0.0144 0.0174 0.0201 0.0215 0.07 0.0651
114 0.0954 0.0779 0.0403 0.043 0.0137 0.0138 0.0643 0.0706 0.095 0.078 0.0651 0.0675 0.012 0.0132 0.065 0.0703 0.0948 0.0781 0.4555 0.4139 0.0203 0.021 0.0666 0.07
488 0.105 0.2069 0.1348 0.1419 0.0209 0.0234 0.06 0.0666 0.1048 0.2068 0.1527 0.1613 0.0246 0.0256 0.0602 0.0667 0.105 0.2067 0.1632 0.1731 0.0246 0.0257 0.0599 0.0667
379 0.0886 0.0531 0.0087 0.006 0.1341 0.1376 0.0586 0.0671 0.0889 0.0531 0.0122 0.0137 0.1387 0.1425 0.0588 0.0671 0.0885 0.0534 0.0857 0.088 0.1175 0.121 0.0587 0.0676
535 0.1572 0.167 0.0146 0.0181 0.0088 0.0201 0.0609 0.0687 0.1571 0.167 0.0155 0.0181 0.0098 0.021 0.0608 0.0686 0.157 0.1666 0.0176 0.0195 0.0102 0.022 0.0614 0.0685
127 0.1269 0.1617 0.0989 0.0998 0.053 0.0529 0.0645 0.0664 0.1278 0.1616 0.0415 0.0415 0.0417 0.0418 0.0647 0.0665 0.1266 0.162 0.4007 0.3737 0.1935 0.1953 0.065 0.066
269 0.192 0.1005 0.2427 0.2632 0.0726 0.0706 0.059 0.067 0.1918 0.1004 0.1626 0.1736 0.0797 0.078 0.0588 0.0669 0.1919 0.0998 0.5767 0.6564 0.0577 0.0549 0.0583 0.0668
103 0.0602 0.1076 0.0421 0.0426 0.0291 0.0278 0.0582 0.0693 0.0602 0.1075 0.0297 0.0302 0.0126 0.0102 0.0584 0.0693 0.0601 0.1077 0.0567 0.0577 0.055 0.0551 0.0582 0.0694
148 0.0866 0.1632 0.0853 0.0887 0.0155 0.0252 0.0613 0.0643 0.0866 0.1632 0.0878 0.0916 0.0263 0.0312 0.0615 0.0645 0.0867 0.1634 0.0735 0.0758 0.0147 0.0272 0.0616 0.0641
60 0.0614 0.1553 0.0255 0.0464 0.0357 0.0336 0.0648 0.066 0.0619 0.155 0.0161 0.0355 0.0343 0.0324 0.0629 0.0661 0.0612 0.1549 0.0489 0.0575 0.0332 0.0315 0.064 0.0662
257 0.1372 0.1341 0.2095 0.2293 0.017 0.0221 0.064 0.0658 0.1372 0.134 0.231 0.2537 0.0183 0.0232 0.0643 0.0659 0.1373 0.134 0.2455 0.2702 0.0189 0.0235 0.064 0.0659
511 0.0787 0.0956 0.0099 0.0131 0.0268 0.0416 0.0622 0.0644 0.0788 0.0956 0.0141 0.0166 0.0387 0.0469 0.0625 0.0645 0.0787 0.0952 0.7761 0.64 0.1846 0.1866 0.0615 0.0624
200 0.1495 0.1171 0.1283 0.1368 0.0325 0.0443 0.0628 0.0729 0.1497 0.1171 0.1382 0.1476 0.0305 0.0427 0.063 0.0728 0.1494 0.1169 0.0608 0.0666 0.0449 0.0541 0.0631 0.0723
500 0.2473 0.0723 0.2233 0.2372 0.035 0.036 0.0679 0.0621 0.2474 0.0721 0.1482 0.154 0.024 0.0251 0.068 0.0625 0.2477 0.0725 0.6534 0.7523 0.161 0.1646 0.0671 0.0623
401 0.0496 0.2158 0.2896 0.2803 0.0532 0.0569 0.0686 0.0623 0.0495 0.2157 0.2377 0.2337 0.0432 0.0473 0.0686 0.0627 0.0496 0.2155 0.3857 0.3615 0.0736 0.0764 0.068 0.0621
136 0.1359 0.0509 0.034 0.0351 0.0306 0.0268 0.0645 0.0692 0.1358 0.0509 0.0128 0.0149 0.0272 0.0231 0.064 0.0693 0.136 0.0502 0.2693 0.2959 0.0429 0.0425 0.064 0.0688
237 0.1905 0.0702 0.0085 0.0117 0.136 0.1336 0.0611 0.0714 0.1902 0.0698 0.0327 0.0358 0.1385 0.1367 0.062 0.0717 0.1903 0.07 0.2189 0.2151 0.1291 0.1274 0.061 0.0713
391 0.0914 0.1542 0.1772 0.1924 0.0767 0.0774 0.0639 0.0652 0.0913 0.154 0.1209 0.1294 0.0665 0.0673 0.0641 0.0654 0.0912 0.1535 0.3683 0.4074 0.0939 0.0945 0.0655 0.0652
412 0.1266 0.0154 0.0981 0.105 0.1285 0.1302 0.0652 0.0648 0.1263 0.0153 0.0501 0.0543 0.1656 0.1689 0.0651 0.0651 0.1262 0.0155 0.269 0.2951 0.1798 0.1855 0.0651 0.0648
51 0.0805 0.1548 0.0432 0.0413 0.019 0.0189 0.0684 0.0655 0.0804 0.1556 0.0511 0.0514 0.0176 0.0177 0.0683 0.0653 0.0804 0.1553 0.8784 0.7265 0.0435 0.0452 0.0673 0.0649
468 0.1093 0.0658 0.08 0.08 0.0684 0.0697 0.0709 0.0631 0.1089 0.0658 0.0171 0.0212 0.0494 0.0502 0.069 0.0631 0.1087 0.0663 0.4412 0.4046 0.2041 0.2091 0.0693 0.0631
291 0.1184 0.0558 0.015 0.0161 0.1259 0.1301 0.0635 0.0649 0.1183 0.0558 0.0207 0.0215 0.0955 0.0995 0.0636 0.0651 0.1186 0.0557 0.0217 0.025 0.2276 0.2323 0.0635 0.0644
281 0.0516 0.0449 0.0137 0.0151 0.2303 0.236 0.0628 0.0671 0.0517 0.0451 0.0283 0.0294 0.1963 0.2012 0.063 0.0672 0.0517 0.0445 0.0436 0.0445 0.3711 0.3796 0.0626 0.0674
478 0.0971 0.1266 0.0083 0.0146 0.1508 0.1488 0.0589 0.0682 0.0969 0.1266 0.0168 0.0173 0.1142 0.1112 0.0589 0.0682 0.0974 0.1271 0.0438 0.0444 0.2185 0.2202 0.0585 0.0682
246 0.119 0.0685 0.0792 0.0797 0.1138 0.1109 0.0576 0.0677 0.119 0.0683 0.1082 0.1103 0.0859 0.0821 0.0583 0.0688 0.1193 0.0685 0.2299 0.2264 0.3802 0.384 0.0568 0.0673
214 0.0781 0.0529 0.0333 0.0361 0.084 0.084 0.0603 0.067 0.0777 0.0527 0.0563 0.0607 0.0733 0.0732 0.0605 0.0668 0.078 0.0528 0.3437 0.3263 0.1457 0.1451 0.0603 0.0663
545 0.1522 0.1747 0.1814 0.1962 0.0115 0.0196 0.0675 0.0671 0.1523 0.1743 0.1324 0.1421 0.0193 0.0252 0.0682 0.0673 0.1525 0.1742 0.3848 0.4298 0.1288 0.1288 0.0678 0.0662
69 0.0934 0.1761 0.073 0.0753 0.0912 0.0936 0.0617 0.0636 0.0933 0.1759 0.079 0.0818 0.071 0.073 0.0618 0.0635 0.0929 0.1762 0.1002 0.1044 0.1487 0.1519 0.0614 0.0633
424 0.0278 0.2529 0.1285 0.1365 0.1301 0.1319 0.0623 0.064 0.0274 0.2528 0.1262 0.1341 0.1075 0.1084 0.0616 0.0641 0.0271 0.2516 0.1366 0.1453 0.1766 0.1794 0.0603 0.0639
159 0.0538 0.1381 0.0551 0.0615 0.12 0.12 0.0602 0.0633 0.0537 0.1384 0.0621 0.069 0.0704 0.0696 0.0607 0.0634 0.0534 0.1384 0.0526 0.0582 0.4075 0.4117 0.0613 0.0632
303 0.056 0.1383 0.1599 0.1735 0.1169 0.1183 0.0588 0.0643 0.0556 0.1382 0.1111 0.12 0.1193 0.1209 0.0589 0.0645 0.0556 0.1388 0.5884 0.6765 0.1001 0.1012 0.0588 0.0646
335 0.1415 0.0787 0.0521 0.0531 0.063 0.063 0.0595 0.0687 0.1415 0.0787 0.0548 0.0555 0.0573 0.0572 0.0595 0.0686 0.1415 0.0787 0.0551 0.0558 0.0565 0.0564 0.0595 0.0686
16 0.2306 0.0759 0.031 0.0312 0.1518 0.1485 0.0628 0.0643 0.2307 0.076 0.0342 0.0351 0.1032 0.0988 0.0628 0.0646 0.2307 0.076 0.0707 0.0751 0.2809 0.2807 0.062 0.0639
522 0.0754 0.0786 0.0786 0.0838 0.0804 0.0792 0.0651 0.0666 0.0751 0.0785 0.0376 0.04 0.0636 0.0617 0.065 0.0667 0.0752 0.0782 0.354 0.3929 0.1029 0.1024 0.0652 0.0666
225 0.0771 0.0416 0.0352 0.0373 0.2564 0.2628 0.0655 0.0736 0.0769 0.0418 0.0333 0.0353 0.2034 0.2085 0.0645 0.073 0.0768 0.0416 0.0439 0.0473 0.405 0.4133 0.0658 0.0737
357 0.1304 0.0406 0.0113 0.0169 0.0114 0.0133 0.0693 0.0629 0.1305 0.0409 0.0153 0.0215 0.011 0.014 0.0698 0.0631 0.1299 0.0408 0.1226 0.1268 0.0197 0.02 0.0687 0.0634
456 0.1366 0.0902 0.1445 0.1448 0.0974 0.0959 0.062 0.0664 0.1364 0.0902 0.134 0.1345 0.0947 0.0932 0.0618 0.0661 0.1364 0.0904 0.1654 0.165 0.1024 0.1004 0.0619 0.0663
434 0.0512 0.0387 0.1412 0.1402 0.0442 0.0463 0.0594 0.0665 0.0511 0.0387 0.1036 0.1034 0.0131 0.0178 0.0595 0.0673 0.0513 0.0399 0.3021 0.289 0.1952 0.2018 0.0599 0.0674
370 0.0904 0.208 0.0321 0.0349 0.0107 0.0156 0.0641 0.0604 0.0905 0.2082 0.0163 0.0216 0.0097 0.0143 0.0641 0.0601 0.0903 0.2077 0.083 0.0842 0.0708 0.0712 0.0638 0.0599
180 0.089 0.0654 0.086 0.0883 0.1335 0.138 0.0623 0.061 0.0892 0.0654 0.0873 0.0895 0.1335 0.1381 0.0623 0.061 0.0892 0.0653 0.0896 0.0923 0.1329 0.1375 0.0621 0.0611
149 0.1194 0.2276 0.035 0.0345 0.0162 0.0233 0.0662 0.0615 0.1194 0.2276 0.0231 0.0145 0.0138 0.0214 0.0663 0.0614 0.1195 0.2278 0.0679 0.0727 0.0228 0.0258 0.0668 0.0612
313 0.051 0.0906 0.0186 0.0172 0.1028 0.1026 0.0657 0.0735 0.0508 0.0907 0.024 0.0265 0.055 0.0528 0.0656 0.0733 0.0511 0.0904 0.2273 0.222 0.3502 0.3561 0.0658 0.0732
84 0.1907 0.116 0.0148 0.0223 0.1536 0.1545 0.0645 0.0653 0.1907 0.116 0.0143 0.0217 0.1379 0.1385 0.0645 0.0651 0.1911 0.1162 0.0202 0.0278 0.2085 0.2105 0.0645 0.0651
501 0.1046 0.0271 0.0236 0.0263 0.0292 0.029 0.0683 0.0659 0.1046 0.027 0.0398 0.041 0.0206 0.0226 0.0681 0.0658 0.1047 0.0272 0.0336 0.0402 0.1062 0.1033 0.0681 0.0661
282 0.0282 0.0783 0.0228 0.0247 0.026 0.0256 0.0696 0.0725 0.0282 0.0779 0.0196 0.021 0.0175 0.0187 0.0699 0.073 0.0278 0.0799 0.0428 0.0473 0.1836 0.186 0.069 0.0738
402 0.1102 0.0804 0.0274 0.029 0.1607 0.1609 0.0655 0.0657 0.11 0.0802 0.039 0.043 0.1425 0.1423 0.0673 0.0663 0.1097 0.0802 0.0219 0.0303 0.2141 0.2146 0.0664 0.0655
258 0.019 0.0979 0.1588 0.1684 0.022 0.0301 0.0598 0.0653 0.0187 0.0978 0.1146 0.1198 0.0276 0.0337 0.0594 0.0651 0.0189 0.0964 0.3204 0.3513 0.0105 0.0252 0.0597 0.0651
247 0.1285 0.0664 0.0995 0.1056 0.0475 0.0482 0.0665 0.0627 0.1284 0.0669 0.0714 0.0754 0.0284 0.0303 0.0663 0.064 0.1284 0.0661 0.1488 0.1596 0.0922 0.0924 0.0667 0.0635
94 0.0174 0.1672 0.0125 0.0109 0.1439 0.1405 0.0631 0.0674 0.0172 0.1669 0.0183 0.0166 0.1001 0.0959 0.0629 0.067 0.0175 0.1668 0.0313 0.0362 0.3088 0.3111 0.0632 0.0675
115 0.0794 0.16 0.055 0.0585 0.2543 0.2551 0.0605 0.0653 0.0796 0.1601 0.0392 0.0411 0.1996 0.2 0.0603 0.0656 0.0798 0.1603 0.0813 0.0873 0.3516 0.3528 0.0603 0.0652
192 0.0324 0.173 0.0686 0.0665 0.0543 0.0556 0.068 0.0641 0.0324 0.1726 0.0436 0.0409 0.0191 0.0251 0.0685 0.0639 0.032 0.1734 0.2106 0.2061 0.3405 0.3452 0.0676 0.0652
39 0.1297 0.0194 0.0202 0.0218 0.1191 0.1164 0.0608 0.0674 0.1297 0.0187 0.0306 0.0324 0.1034 0.1002 0.0609 0.0669 0.13 0.0191 0.0959 0.0982 0.1567 0.1565 0.0605 0.0679
61 0.1078 0.0728 0.0222 0.0225 0.0193 0.0186 0.0609 0.0692 0.1078 0.0725 0.0189 0.0197 0.0188 0.0176 0.0611 0.0693 0.1076 0.0728 0.0121 0.0134 0.0435 0.0409 0.0609 0.069
413 0.1408 0.0504 0.1148 0.1204 0.073 0.0764 0.0617 0.0636 0.1408 0.0504 0.0855 0.0887 0.0633 0.0667 0.0616 0.0634 0.1418 0.0497 0.2103 0.2258 0.1462 0.1493 0.0621 0.0632
445 0.0669 0.1573 0.079 0.0855 0.1039 0.1036 0.0632 0.0683 0.0675 0.1574 0.0538 0.0583 0.0938 0.0932 0.0633 0.0687 0.0668 0.1569 0.231 0.2541 0.2689 0.2715 0.0651 0.0681
104 0.0977 0.0993 0.0781 0.0836 0.0879 0.0874 0.0654 0.0629 0.0976 0.0993 0.0787 0.0843 0.0835 0.0829 0.0654 0.063 0.0978 0.0993 0.0876 0.0942 0.1154 0.1156 0.0654 0.0631
380 0.1281 0.0747 0.1281 0.1365 0.0312 0.0322 0.0592 0.0605 0.1279 0.0749 0.1379 0.147 0.0312 0.0315 0.0589 0.0606 0.1279 0.0747 0.1441 0.1538 0.0304 0.0316 0.0593 0.0606
270 0.1054 0.1633 0.0386 0.0411 0.1008 0.1018 0.0574 0.0589 0.1053 0.1632 0.0383 0.0405 0.0449 0.0449 0.0573 0.0593 0.1052 0.1632 0.029 0.0334 0.2789 0.2834 0.0574 0.0584
150 0.0333 0.0839 0.0448 0.0478 0.0432 0.05 0.0735 0.0624 0.0331 0.0839 0.0215 0.0234 0.0385 0.046 0.0735 0.0623 0.0336 0.0834 0.3527 0.3914 0.0604 0.0663 0.0729 0.0624
324 0.0624 0.0365 0.0534 0.0548 0.01 0.0099 0.0732 0.0638 0.0624 0.0365 0.0235 0.0244 0.0097 0.0104 0.0733 0.0638 0.0623 0.0378 0.1816 0.1805 0.0111 0.0094 0.0733 0.0643
346 0.1749 0.1326 0.096 0.0984 0.0141 0.02 0.0578 0.0644 0.1749 0.1329 0.0816 0.0841 0.023 0.0238 0.0581 0.0645 0.1754 0.1328 0.1388 0.1402 0.0156 0.0217 0.0578 0.0644
555 0.1037 0.108 0.0081 0.0135 0.1029 0.1028 0.0669 0.0694 0.1031 0.1081 0.0089 0.014 0.0943 0.0944 0.0671 0.0695 0.1045 0.1083 0.1321 0.1391 0.1815 0.1819 0.0678 0.0686
512 0.0981 0.0671 0.0397 0.0409 0.0581 0.0586 0.0621 0.07 0.0983 0.0673 0.0439 0.0451 0.0717 0.0727 0.0623 0.0699 0.0985 0.0675 0.019 0.0192 0.0323 0.0346 0.062 0.0703
479 0.0925 0.1738 0.0971 0.1006 0.0919 0.0929 0.0647 0.0614 0.0925 0.1737 0.0763 0.0798 0.0466 0.0461 0.0642 0.0634 0.0923 0.1746 0.1738 0.175 0.3422 0.3487 0.0651 0.0612
489 0.1305 0.2669 0.0924 0.0984 0.1124 0.113 0.069 0.0639 0.1304 0.2674 0.0741 0.0787 0.0955 0.0968 0.0698 0.0643 0.1303 0.2674 0.5181 0.5889 0.2874 0.2879 0.0688 0.0627
392 0.193 0.0919 0.0728 0.0728 0.0733 0.0803 0.0652 0.0642 0.1925 0.0917 0.0371 0.0379 0.0647 0.0719 0.0651 0.0646 0.1932 0.0926 0.1762 0.1753 0.1238 0.1308 0.0657 0.0637
171 0.1894 0.0619 0.1024 0.1078 0.0278 0.0296 0.0617 0.0687 0.1893 0.0616 0.0712 0.0742 0.0245 0.0274 0.0618 0.0687 0.1897 0.0613 0.2798 0.307 0.0242 0.026 0.0612 0.0682
435 0.0828 0.2339 0.0878 0.0954 0.0598 0.0636 0.0701 0.0678 0.0829 0.2339 0.0804 0.0877 0.0575 0.0611 0.0697 0.068 0.0829 0.234 0.1207 0.1309 0.0742 0.0785 0.0699 0.068
215 0.1053 0.037 0.0764 0.0824 0.0123 0.0193 0.0666 0.0647 0.1055 0.0372 0.0435 0.0473 0.0094 0.0175 0.0672 0.0647 0.1069 0.0379 0.3996 0.4491 0.142 0.1406 0.0672 0.0645
160 0.0543 0.132 0.0614 0.0631 0.2411 0.2464 0.0588 0.0672 0.0547 0.1317 0.0572 0.0588 0.1966 0.2015 0.0588 0.0677 0.0545 0.1316 0.1011 0.1036 0.4881 0.4947 0.0587 0.0677
181 0.0798 0.0622 0.1589 0.156 0.1714 0.1675 0.0647 0.0646 0.0794 0.0623 0.1274 0.1248 0.0886 0.0836 0.0649 0.0644 0.0798 0.062 0.2204 0.2154 0.3441 0.3449 0.0645 0.0652
523 0.0728 0.0773 0.0726 0.0756 0.0093 0.0141 0.0632 0.0711 0.0726 0.0772 0.0847 0.0883 0.0308 0.0293 0.0631 0.0712 0.0729 0.0771 0.0593 0.0612 0.1713 0.1768 0.0633 0.0711
28 0.1347 0.0722 0.0358 0.0374 0.053 0.049 0.0632 0.0664 0.1348 0.0722 0.025 0.0261 0.0457 0.0422 0.0634 0.0666 0.1351 0.0718 0.1163 0.124 0.2496 0.2498 0.063 0.0662
128 0.1598 0.156 0.0324 0.0329 0.0991 0.0994 0.0618 0.0674 0.1599 0.156 0.0383 0.0385 0.0746 0.0745 0.0619 0.0673 0.1603 0.1563 0.0087 0.0212 0.2847 0.289 0.0618 0.0675
546 0.0248 0.0995 0.0095 0.0125 0.1156 0.117 0.0676 0.0696 0.0243 0.0992 0.0105 0.0143 0.114 0.1154 0.0677 0.0692 0.0242 0.0991 0.0145 0.0167 0.1152 0.1165 0.0679 0.0692
201 0.0713 0.1023 0.0744 0.0824 0.0906 0.0926 0.0642 0.0626 0.0715 0.1021 0.0752 0.0832 0.0929 0.0947 0.064 0.0626 0.0716 0.102 0.0819 0.0892 0.0969 0.0982 0.0639 0.063
304 0.1009 0.1421 0.0507 0.0543 0.1087 0.1156 0.0652 0.0667 0.101 0.1424 0.0367 0.0398 0.0935 0.1003 0.0651 0.0667 0.1009 0.1422 0.0767 0.0804 0.1263 0.1333 0.0653 0.0668
238 0.1389 0.1745 0.1916 0.2076 0.0355 0.0378 0.0687 0.0657 0.1388 0.1743 0.1341 0.1438 0.0378 0.04 0.0687 0.0658 0.1392 0.1744 0.3572 0.3975 0.0157 0.0196 0.0683 0.0656
358 0.0393 0.0505 0.0198 0.0284 0.1283 0.1255 0.0597 0.0665 0.0394 0.0505 0.012 0.0255 0.1398 0.1372 0.0597 0.0667 0.0394 0.0503 0.0116 0.0254 0.1456 0.143 0.0595 0.0666
226 0.1399 0.166 0.0719 0.077 0.0886 0.0842 0.0622 0.0589 0.14 0.1651 0.0679 0.0724 0.0743 0.0699 0.0618 0.0583 0.1402 0.1666 0.1158 0.1236 0.1786 0.1746 0.062 0.0591
457 0.1365 0.1027 0.0067 0.0151 0.0292 0.0306 0.0624 0.0622 0.1365 0.1027 0.0145 0.0195 0.0284 0.0295 0.0623 0.0622 0.1364 0.1028 0.018 0.0226 0.0282 0.029 0.0624 0.0622
414 0.1397 0.2659 0.0602 0.0598 0.0895 0.0893 0.0653 0.0611 0.1393 0.2667 0.0743 0.0749 0.0859 0.0856 0.0653 0.0614 0.1391 0.2663 0.0553 0.0594 0.111 0.1107 0.0652 0.0611
425 0.1866 0.1461 0.0336 0.038 0.2321 0.2349 0.0583 0.0685 0.1863 0.1459 0.02 0.0255 0.2091 0.2115 0.0585 0.0683 0.1868 0.1458 0.293 0.3246 0.3744 0.3781 0.0577 0.0685
193 0.0308 0.0798 0.0487 0.0538 0.0222 0.0225 0.065 0.0647 0.0307 0.0797 0.0499 0.0552 0.0238 0.0239 0.065 0.0647 0.0306 0.0797 0.0505 0.0559 0.0243 0.0243 0.065 0.0646
292 0.0538 0.1202 0.121 0.1244 0.1322 0.1326 0.0636 0.0651 0.0538 0.1202 0.1072 0.1106 0.0995 0.099 0.0634 0.0651 0.0543 0.1205 0.1511 0.1541 0.221 0.2238 0.0635 0.0651
336 0.0523 0.135 0.0159 0.0172 0.017 0.0245 0.0664 0.0628 0.0524 0.1352 0.0029 0.0075 0.0171 0.0241 0.0665 0.063 0.0523 0.1351 0.0631 0.0647 0.0177 0.0272 0.0662 0.0628
314 0.0932 0.032 0.032 0.0369 0.0215 0.0279 0.0687 0.0672 0.0929 0.0319 0.0594 0.0627 0.0184 0.0242 0.0691 0.0671 0.0927 0.0322 0.1413 0.1416 0.0401 0.045 0.0684 0.067
17 0.0365 0.0283 0.1348 0.1377 0.0837 0.0845 0.0637 0.0687 0.0363 0.0283 0.1057 0.1089 0.0852 0.0855 0.0639 0.0688 0.0363 0.0285 0.1734 0.1751 0.0858 0.0867 0.0639 0.0689
469 0.2019 0.0463 0.1516 0.1637 0.0139 0.0108 0.0642 0.07 0.202 0.0465 0.1546 0.1666 0.0154 0.0144 0.0643 0.0702 0.2021 0.0469 0.2056 0.2239 0.0159 0.0165 0.064 0.0699
116 0.075 0.1266 0.1218 0.1214 0.1562 0.1626 0.0677 0.0603 0.0748 0.1274 0.0938 0.0936 0.1262 0.1314 0.0677 0.0601 0.0748 0.1272 0.1548 0.1535 0.2012 0.2085 0.0679 0.0601
248 0.0422 0.1182 0.1227 0.132 0.0562 0.0545 0.0623 0.0615 0.0418 0.1182 0.0958 0.1024 0.0468 0.0453 0.0621 0.0623 0.0422 0.1186 0.2873 0.3188 0.1504 0.1512 0.0639 0.0608
182 0.0956 0.0609 0.0502 0.0497 0.0162 0.0159 0.0695 0.0617 0.0956 0.0609 0.0495 0.0488 0.0161 0.016 0.0698 0.0617 0.0955 0.0609 0.0489 0.0482 0.0163 0.0161 0.0697 0.0616
70 0.1245 0.1477 0.1061 0.1127 0.0768 0.0766 0.0636 0.0633 0.1244 0.1477 0.1015 0.1078 0.0589 0.058 0.0636 0.0634 0.1243 0.1478 0.1019 0.1082 0.1242 0.1256 0.0636 0.0638
137 0.0975 0.1525 0.0099 0.0141 0.0949 0.0972 0.0665 0.0668 0.0975 0.1525 0.0101 0.0143 0.0936 0.0958 0.0665 0.0668 0.0976 0.1525 0.0083 0.014 0.1025 0.1044 0.0666 0.0669
172 0.0995 0.0759 0.0628 0.0617 0.0162 0.0207 0.0577 0.0599 0.0996 0.0759 0.064 0.0627 0.015 0.0201 0.0577 0.0599 0.0996 0.0759 0.0645 0.0632 0.0146 0.0199 0.0577 0.0599
105 0.1079 0.1209 0.0106 0.0199 0.0103 0.0212 0.0737 0.0669 0.1081 0.121 0.0087 0.0202 0.0106 0.0207 0.0739 0.0669 0.1078 0.1212 0.0482 0.0514 0.011 0.0206 0.0736 0.067
480 0.0381 0.0857 0.096 0.0963 0.0796 0.0819 0.0603 0.0603 0.0382 0.0861 0.0866 0.087 0.087 0.0896 0.0602 0.0603 0.0381 0.0861 0.0849 0.0853 0.0884 0.0911 0.0599 0.0602
403 0.0968 0.1625 0.1463 0.1556 0.1751 0.177 0.0618 0.0708 0.0966 0.1621 0.1203 0.1273 0.1688 0.1709 0.0615 0.0702 0.0967 0.1626 0.2855 0.3118 0.2613 0.2656 0.0617 0.0704
325 0.0364 0.1898 0.0574 0.0597 0.0975 0.0941 0.0608 0.0676 0.0366 0.1905 0.0424 0.0435 0.0567 0.0519 0.0612 0.0664 0.0365 0.1905 0.101 0.1044 0.2525 0.2547 0.0606 0.0671
513 0.0914 0.2459 0.0556 0.06 0.1582 0.1633 0.0612 0.0629 0.091 0.2459 0.0376 0.041 0.1263 0.1315 0.0613 0.0631 0.0915 0.2462 0.1143 0.1228 0.2144 0.2195 0.0612 0.063
556 0.1251 0.1688 0.1018 0.1087 0.0119 0.0205 0.0639 0.0698 0.1251 0.1688 0.1026 0.1096 0.0117 0.0205 0.0639 0.0698 0.1251 0.1688 0.1027 0.1097 0.0114 0.0205 0.0639 0.0698
271 0.0428 0.057 0.138 0.1485 0.0151 0.0205 0.0685 0.0636 0.0426 0.0567 0.1025 0.1094 0.0137 0.0177 0.0684 0.0632 0.0435 0.0567 0.3388 0.3766 0.0114 0.0161 0.069 0.0632
40 0.1537 0.1076 0.0947 0.0962 0.0295 0.0357 0.057 0.0681 0.1538 0.107 0.0629 0.0642 0.0095 0.027 0.0573 0.0672 0.1536 0.1073 0.2203 0.2171 0.2173 0.2178 0.057 0.0688
62 0.1433 0.1182 0.1214 0.1281 0.0866 0.0899 0.0634 0.0706 0.1433 0.1182 0.0654 0.0677 0.0712 0.0741 0.0635 0.0706 0.1433 0.118 0.2185 0.2344 0.113 0.1175 0.0647 0.0706
458 0.0639 0.0991 0.1753 0.1863 0.0191 0.0229 0.0612 0.0641 0.0636 0.0991 0.1816 0.1932 0.0187 0.0223 0.0612 0.0641 0.0634 0.099 0.19 0.2028 0.0183 0.0219 0.0611 0.0641
18 0.054 0.0672 0.0763 0.0733 0.0774 0.0799 0.0653 0.0645 0.0541 0.0672 0.0826 0.0795 0.0731 0.0756 0.0653 0.0645 0.0541 0.0672 0.084 0.081 0.0729 0.0754 0.0653 0.0645
502 0.081 0.1524 0.1004 0.1047 0.0064 0.0101 0.0691 0.0693 0.081 0.1523 0.0504 0.0519 0.0233 0.0249 0.0688 0.0697 0.0813 0.1524 0.446 0.5026 0.1256 0.1282 0.0683 0.0692
29 0.0282 0.0588 0.0291 0.0266 0.0156 0.0211 0.0641 0.0656 0.0281 0.0587 0.0312 0.0286 0.0176 0.0224 0.064 0.0656 0.0281 0.0587 0.0316 0.0289 0.0197 0.0233 0.064 0.0656
161 0.1218 0.1743 0.1423 0.1518 0.0383 0.037 0.0639 0.066 0.1229 0.1744 0.1194 0.127 0.0108 0.0159 0.0641 0.0663 0.1215 0.1733 0.2684 0.2919 0.2796 0.2808 0.0637 0.0653
95 0.0891 0.1742 0.0966 0.1 0.0157 0.0229 0.0572 0.0644 0.089 0.1742 0.092 0.0951 0.0241 0.0288 0.0572 0.0646 0.0892 0.1742 0.1033 0.1073 0.0094 0.0157 0.0572 0.0643
446 0.0599 0.2118 0.0482 0.0523 0.1951 0.1987 0.0653 0.0655 0.0599 0.2116 0.0335 0.0376 0.1355 0.138 0.0657 0.0675 0.0602 0.2118 0.0585 0.0637 0.3485 0.3537 0.0657 0.0662
381 0.1217 0.0585 0.0298 0.0305 0.0093 0.0142 0.0593 0.0661 0.1226 0.058 0.0176 0.0205 0.0087 0.0123 0.0594 0.0661 0.1209 0.0579 0.1496 0.158 0.0225 0.0238 0.0593 0.0661
202 0.1368 0.1559 0.009 0.0227 0.1959 0.2024 0.0633 0.0661 0.1367 0.1558 0.0113 0.0254 0.1563 0.1621 0.0634 0.0661 0.137 0.156 0.0173 0.0244 0.352 0.3601 0.063 0.0659
216 0.0429 0.1448 0.0858 0.0878 0.0268 0.0279 0.0627 0.064 0.0429 0.1446 0.084 0.086 0.0192 0.0219 0.0626 0.0639 0.0429 0.1446 0.0839 0.0857 0.0162 0.0201 0.0627 0.064
337 0.107 0.133 0.144 0.1446 0.1149 0.1166 0.0646 0.0632 0.1071 0.1329 0.1463 0.1472 0.1194 0.1213 0.0639 0.0632 0.1071 0.133 0.149 0.1494 0.124 0.1261 0.0646 0.0631
259 0.0671 0.0966 0.0789 0.0843 0.0094 0.0208 0.0608 0.0689 0.0671 0.0973 0.0469 0.0508 0.0238 0.0261 0.0612 0.0688 0.0675 0.0976 0.3453 0.3826 0.204 0.2134 0.0613 0.0684
359 0.1409 0.1523 0.168 0.1676 0.0182 0.02 0.0618 0.0702 0.1411 0.1525 0.111 0.1121 0.0117 0.0176 0.0622 0.0699 0.1405 0.153 0.3357 0.3198 0.096 0.0959 0.0629 0.0715
490 0.1124 0.0628 0.0853 0.0923 0.0362 0.0375 0.0618 0.0658 0.1122 0.0627 0.0649 0.0702 0.0341 0.0361 0.0617 0.0658 0.1124 0.0627 0.1549 0.1681 0.0533 0.0518 0.0619 0.0657
557 0.1061 0.0419 0.325 0.3553 0.0219 0.0235 0.0691 0.068 0.1062 0.0419 0.2129 0.2275 0.0398 0.0388 0.0691 0.068 0.1065 0.042 0.4992 0.5622 0.0119 0.0174 0.0691 0.068
194 0.0848 0.1398 0.0133 0.0178 0.0115 0.0145 0.0596 0.0609 0.0849 0.1399 0.0267 0.0286 0.0186 0.0212 0.06 0.0609 0.0846 0.1402 0.1369 0.1446 0.0613 0.0617 0.0599 0.061
117 0.1382 0.0666 0.0087 0.0211 0.0429 0.0426 0.0588 0.066 0.1383 0.0669 0.0405 0.0408 0.0416 0.0413 0.0587 0.0661 0.1384 0.0669 0.1541 0.1663 0.0352 0.0353 0.0583 0.0661
138 0.1378 0.1572 0.1863 0.1857 0.0678 0.0671 0.0623 0.0643 0.1378 0.157 0.1779 0.1777 0.0667 0.066 0.0622 0.0642 0.1378 0.1572 0.2047 0.2026 0.0695 0.0687 0.0622 0.0643
315 0.0568 0.1474 0.0074 0.016 0.0539 0.0568 0.0647 0.0642 0.0567 0.1471 0.0045 0.0159 0.0468 0.0494 0.0647 0.0642 0.0568 0.1471 0.0147 0.02 0.0415 0.0439 0.0647 0.0641
293 0.0485 0.0952 0.0428 0.0451 0.1266 0.1294 0.0673 0.063 0.0487 0.0953 0.0498 0.0526 0.1264 0.1293 0.0672 0.0629 0.0487 0.0953 0.0559 0.0593 0.1287 0.1318 0.0673 0.063
347 0.0833 0.0892 0.2128 0.2097 0.1018 0.0985 0.0653 0.0668 0.0836 0.0892 0.1539 0.1536 0.0651 0.0612 0.0652 0.0671 0.0833 0.0894 0.34 0.3235 0.1789 0.1778 0.0646 0.067
249 0.183 0.0579 0.1215 0.1297 0.1678 0.1695 0.0622 0.0681 0.183 0.058 0.1353 0.1449 0.179 0.181 0.0626 0.068 0.183 0.058 0.141 0.1511 0.1838 0.1859 0.0625 0.068
71 0.2679 0.3649 0.0268 0.0279 0.1217 0.1268 0.061 0.0637 0.2681 0.3652 0.0172 0.0213 0.0825 0.087 0.0616 0.0636 0.2679 0.3655 0.1939 0.1948 0.4033 0.4129 0.0608 0.0637
436 0.117 0.0748 0.0067 0.0066 0.1358 0.1403 0.0649 0.0567 0.1168 0.0745 0.0105 0.0121 0.104 0.1082 0.0649 0.0569 0.1168 0.0743 0.3846 0.3586 0.3944 0.4006 0.0666 0.0564
326 0.1397 0.187 0.2231 0.217 0.0333 0.0318 0.0636 0.068 0.1397 0.187 0.171 0.1679 0.0307 0.029 0.0633 0.0678 0.1403 0.187 0.3736 0.3498 0.0569 0.0552 0.0632 0.0681
524 0.1308 0.0721 0.0667 0.0704 0.0941 0.0902 0.0639 0.0615 0.1308 0.0719 0.0627 0.0662 0.0527 0.0508 0.0638 0.0616 0.1309 0.0721 0.075 0.0795 0.2116 0.2098 0.0637 0.0617
106 0.1041 0.1302 0.0552 0.0557 0.1181 0.1193 0.0599 0.0668 0.1041 0.1303 0.0741 0.0749 0.0847 0.0849 0.0598 0.0668 0.1044 0.1302 0.0145 0.0133 0.1847 0.1874 0.0599 0.0666
183 0.1137 0.1153 0.0231 0.0242 0.0343 0.0363 0.0719 0.0647 0.1138 0.1155 0.0295 0.031 0.0133 0.0156 0.0719 0.0651 0.1142 0.1149 0.1314 0.137 0.1906 0.1952 0.0714 0.0641
260 0.1232 0.075 0.0182 0.0301 0.0902 0.0914 0.0611 0.0615 0.1231 0.0749 0.0186 0.0304 0.0899 0.0912 0.061 0.0615 0.1231 0.0749 0.0187 0.0305 0.0899 0.0912 0.061 0.0615
447 0.1364 0.0604 0.0973 0.1009 0.0583 0.0573 0.0655 0.0713 0.1367 0.0601 0.069 0.071 0.0589 0.0582 0.0648 0.0713 0.1366 0.0602 0.1805 0.1928 0.0145 0.0126 0.0647 0.071
139 0.1204 0.1865 0.0148 0.014 0.0553 0.0559 0.0608 0.0629 0.1207 0.1865 0.0069 0.0155 0.0318 0.034 0.0609 0.0629 0.1205 0.187 0.1941 0.1918 0.1494 0.1506 0.0602 0.0629
227 0.0444 0.0439 0.0547 0.0578 0.2281 0.229 0.0603 0.0627 0.0442 0.0438 0.0353 0.0379 0.1809 0.1807 0.0605 0.0635 0.0438 0.0441 0.4338 0.4008 0.4914 0.4945 0.0598 0.0631
491 0.2329 0.1211 0.0404 0.0433 0.1666 0.1695 0.0655 0.0693 0.2329 0.1212 0.045 0.0482 0.1203 0.1221 0.0655 0.0704 0.2326 0.1213 0.0379 0.0403 0.2953 0.3017 0.0655 0.0695
348 0.1485 0.1251 0.0582 0.0592 0.2081 0.2102 0.0635 0.0681 0.1486 0.1251 0.0611 0.0624 0.1488 0.1502 0.0633 0.0684 0.1486 0.1253 0.0424 0.0424 0.3157 0.3193 0.0632 0.068
203 0.0645 0.1069 0.0369 0.0365 0.1086 0.1138 0.0588 0.0611 0.0645 0.1071 0.0256 0.0264 0.0777 0.0829 0.0588 0.061 0.0647 0.1073 0.0614 0.061 0.2634 0.2699 0.0589 0.0611
72 0.0642 0.2479 0.2641 0.2573 0.0107 0.0188 0.0676 0.0685 0.0642 0.2475 0.1865 0.1862 0.0103 0.0185 0.0689 0.0688 0.0643 0.2474 0.3878 0.3631 0.0147 0.0213 0.0677 0.0685
204 0.193 0.0939 0.0183 0.0182 0.1891 0.1896 0.0657 0.0699 0.1929 0.0936 0.0172 0.0175 0.1006 0.0993 0.0657 0.071 0.1929 0.0939 0.0164 0.0163 0.3533 0.3584 0.0658 0.0697
73 0.0613 0.1554 0.1893 0.1865 0.0166 0.0247 0.0647 0.0707 0.0614 0.1552 0.1549 0.1537 0.0174 0.0254 0.0647 0.0708 0.0618 0.1549 0.3145 0.3002 0.0337 0.0378 0.0649 0.071
205 0.093 0.0494 0.0782 0.0818 0.1144 0.1177 0.0673 0.0632 0.0931 0.0501 0.0497 0.0517 0.1036 0.1068 0.0677 0.0635 0.0936 0.0491 0.2234 0.2216 0.17 0.1752 0.0666 0.0629
"Mean1" "Mean2" "YPC1" "YPC2" "ZPC1" "ZPC2" "IND1" "IND2"
"t" 102.21 117 84.38 88.21 76.39 78.75 63.91 65.84
"slash" 102.17 116.98 69.8 73.1 64.34 66.68 63.96 65.9
"norm" 102.24 117.02 184.24 189.46 143.31 146.34 63.82 65.74
