"x"
"1" "Generate from s distribution. Repeat 530 times. The variance of residual is 0.25"
"x"
"1" "== degree of freedom:  1 =="
8 2.2316 1.8788 1.8777 1.9543 1.6023 1.6011 1.9542 1.6023 1.6012
521 2.0921 1.7366 1.7373 1.8353 1.4827 1.4848 1.8354 1.4827 1.4845
406 2.3178 1.9975 2.0017 2.0425 1.7257 1.7283 2.042 1.7258 1.7292
323 2.9716 2.5319 2.5315 2.4419 2.0089 2.0088 2.4421 2.0087 2.0081
339 2.1927 1.8335 1.8327 1.9429 1.5809 1.5805 1.9424 1.5808 1.5804
273 2.056 1.806 1.8056 1.7522 1.5003 1.4989 1.7522 1.5004 1.4999
41 2.5506 2.2122 2.2132 2.2183 1.8879 1.8886 2.218 1.8879 1.888
25 2.0884 1.7934 1.7936 1.8257 1.5324 1.5322 1.8256 1.5321 1.5322
124 2.0389 1.7674 1.7676 1.8047 1.533 1.5334 1.8049 1.533 1.5315
389 2.1293 1.9013 1.9013 1.9077 1.6773 1.6767 1.9074 1.6773 1.677
190 2.2309 1.9236 1.9225 1.9348 1.6317 1.6312 1.9348 1.6311 1.6308
422 2.3561 1.9411 1.9415 2.0381 1.6243 1.6233 2.0384 1.6246 1.6233
439 2.3089 1.91 1.9099 2.0302 1.6296 1.6341 2.0309 1.6296 1.6299
58 2.0881 1.7796 1.7796 1.8586 1.5481 1.5482 1.8586 1.5483 1.5483
455 2.7254 2.149 2.1503 2.5259 1.9512 1.9508 2.5251 1.9515 1.9505
324 2.4615 2.0302 2.0297 2.1868 1.7551 1.7558 2.1866 1.7551 1.7552
290 2.55 2.2952 2.2945 2.2644 2.005 2.0034 2.2642 2.005 2.0024
174 2.6814 2.2919 2.2929 2.3286 1.9441 1.9447 2.3283 1.9442 1.9412
207 2.0713 1.8003 1.8012 1.7835 1.5079 1.5083 1.7835 1.508 1.5088
274 2.2797 1.9047 1.9054 2.0451 1.6686 1.6678 2.045 1.6682 1.6667
407 2.5031 2.0024 2.0023 2.2082 1.7133 1.7132 2.2082 1.7132 1.7131
125 2.4131 2.0185 2.0188 2.1448 1.7479 1.7482 2.1446 1.7479 1.7479
372 2.103 1.842 1.8402 1.7701 1.5081 1.5098 1.7702 1.509 1.508
107 2.3038 1.9993 1.9988 1.9957 1.6937 1.6934 1.9957 1.6937 1.6917
26 2.4312 2.0836 2.0838 2.0899 1.7416 1.7415 2.09 1.7416 1.741
240 2.3216 2.0352 2.0356 2.0207 1.7358 1.7353 2.0207 1.7357 1.7367
74 2.0771 1.7508 1.7524 1.7934 1.4655 1.4665 1.7933 1.4653 1.4658
522 2.4412 2.0746 2.0737 2.1519 1.7856 1.7842 2.1519 1.7838 1.7848
440 2.5529 2.1908 2.1915 2.2063 1.8448 1.846 2.2063 1.8452 1.8449
42 2.3645 2.0893 2.0894 1.877 1.6028 1.6029 1.8769 1.6021 1.604
256 2.3287 1.9209 1.921 2.075 1.6676 1.6691 2.075 1.6676 1.6666
91 2.642 2.2998 2.2999 2.3406 1.9954 1.9957 2.3406 1.992 1.9932
456 2.3441 2.1062 2.1074 2.0504 1.8141 1.8147 2.0503 1.8141 1.8148
390 2.48 2.0561 2.0567 2.2147 1.7913 1.7927 2.2144 1.7914 1.7923
423 2.2209 1.9267 1.9269 1.9012 1.607 1.6074 1.9011 1.6071 1.6075
291 3.0181 2.7809 2.7836 2.6545 2.421 2.4204 2.6543 2.421 2.4212
340 2.091 1.8067 1.8111 1.8596 1.5797 1.5816 1.8596 1.5798 1.5791
488 2.5361 2.1996 2.1986 2.3152 1.9814 1.9783 2.3151 1.9814 1.9814
9 2.4936 2.0442 2.0444 2.077 1.6332 1.6331 2.0768 1.6329 1.6321
191 2.0709 1.6983 1.6984 1.889 1.516 1.5153 1.8891 1.5158 1.5154
306 2.0992 1.8014 1.8017 1.869 1.5748 1.5746 1.8692 1.5714 1.5724
126 2.1281 1.8463 1.8474 1.8718 1.5912 1.5918 1.8716 1.5912 1.5913
408 2.1041 1.8132 1.8126 1.8358 1.5454 1.5475 1.8358 1.5453 1.5462
75 2.2216 1.9165 1.9165 1.9142 1.6085 1.6084 1.9142 1.6091 1.6086
108 2.1155 1.7625 1.7613 1.8632 1.5061 1.5055 1.8631 1.5061 1.5041
92 2.2566 1.9154 1.9156 2.0324 1.6901 1.6897 2.0325 1.6898 1.6903
457 2.6685 2.4092 2.4088 2.2054 1.945 1.9449 2.2055 1.9452 1.9444
325 2.2368 1.8025 1.8025 2.0133 1.581 1.5811 2.0124 1.5814 1.5812
472 2.5901 2.1525 2.1528 2.2629 1.8232 1.8224 2.2625 1.8215 1.8207
441 2.4551 2.0894 2.0885 2.1133 1.7535 1.7547 2.1131 1.7529 1.7549
391 2.0416 1.7784 1.7796 1.7605 1.4999 1.5003 1.7605 1.4996 1.4984
356 3.0301 2.596 2.596 2.6097 2.1807 2.1838 2.6085 2.181 2.1794
275 2.2296 1.868 1.8693 2.0102 1.649 1.6487 2.0101 1.6485 1.6484
59 2.6075 2.2491 2.2503 2.2904 1.9296 1.9339 2.289 1.9301 1.9296
292 2.4683 2.1468 2.1508 2.0978 1.7792 1.7801 2.0972 1.779 1.7814
223 2.3378 2.0211 2.023 2.0582 1.7388 1.7318 2.0587 1.7349 1.7368
505 2.3622 1.9647 1.9627 2.183 1.7817 1.7794 2.1828 1.7787 1.7778
392 2.2074 1.8748 1.8749 1.9731 1.6459 1.6462 1.9737 1.646 1.6461
307 2.1264 1.8383 1.8372 1.8436 1.5557 1.5549 1.8445 1.5557 1.556
140 2.3504 2.0756 2.0768 2.054 1.7815 1.7797 2.0539 1.7814 1.7797
473 2.1263 1.8087 1.809 1.9615 1.646 1.6462 1.9615 1.6458 1.6461
257 2.0566 1.807 1.8068 1.786 1.5379 1.5377 1.786 1.538 1.5378
76 1.965 1.6807 1.6806 1.762 1.4783 1.478 1.762 1.4786 1.4763
175 2.3358 2.0091 2.0039 2.0014 1.6682 1.6715 2.001 1.669 1.6699
60 2.4591 2.0443 2.0443 2.2367 1.8212 1.8211 2.2366 1.8212 1.8222
93 2.67 2.2045 2.2038 2.206 1.7417 1.7419 2.2059 1.7418 1.7421
373 2.0072 1.6201 1.6196 1.8505 1.4639 1.4625 1.8505 1.464 1.4627
442 2.2095 1.873 1.873 2.0383 1.7036 1.7038 2.0382 1.7039 1.7014
208 3.0255 2.3831 2.3836 2.6196 1.983 1.9837 2.6197 1.983 1.9799
127 2.4929 2.0253 2.0275 2.2274 1.7586 1.7587 2.2274 1.7576 1.7581
109 3.1571 2.7269 2.7269 2.6738 2.2388 2.2382 2.6741 2.2387 2.2367
43 2.3619 2.0401 2.0438 2.0468 1.7228 1.7262 2.0468 1.7228 1.7246
276 2.0817 1.7716 1.7717 1.868 1.5632 1.5641 1.8653 1.5633 1.5634
192 2.2967 1.9903 1.9914 2.0433 1.7317 1.7322 2.0437 1.7316 1.7342
293 2.6808 2.2858 2.2855 2.3025 1.9093 1.9122 2.3023 1.9094 1.9095
341 2.3242 1.9834 1.9854 1.9973 1.6581 1.6571 1.9974 1.6582 1.6595
94 2.3756 1.9965 1.9967 2.0868 1.712 1.7122 2.0869 1.7123 1.7121
241 2.0857 1.7881 1.7906 1.7546 1.4553 1.4554 1.7546 1.4553 1.4544
176 2.1411 1.8638 1.8637 1.9197 1.6414 1.6416 1.9194 1.6415 1.6415
141 2.1055 1.8535 1.8545 1.892 1.6417 1.6415 1.892 1.6416 1.6419
157 2.9885 2.6507 2.6513 2.7435 2.3996 2.3996 2.7434 2.3971 2.3898
10 1.9815 1.7393 1.7382 1.7382 1.4907 1.4916 1.7382 1.4908 1.4907
393 1.9767 1.7004 1.7 1.738 1.4544 1.4536 1.7381 1.4544 1.4548
326 2.58 2.1502 2.1517 2.3435 1.9186 1.9194 2.3436 1.9182 1.9197
209 2.4632 2.1481 2.149 2.1581 1.8472 1.8472 2.1585 1.8472 1.8471
308 2.496 2.1556 2.157 2.1744 1.8326 1.8351 2.1745 1.8326 1.8348
277 2.6538 2.2451 2.2447 2.2829 1.8753 1.8739 2.2827 1.8754 1.8748
374 2.431 1.9668 1.9673 2.1793 1.7148 1.7146 2.1792 1.712 1.7126
242 1.9042 1.671 1.6705 1.6899 1.4552 1.455 1.6902 1.4552 1.4556
357 2.0889 1.8004 1.7999 1.8714 1.5807 1.5787 1.8709 1.5831 1.5818
443 2.3193 1.9188 1.9177 2.1325 1.7264 1.7235 2.1325 1.7263 1.7234
474 2.1171 1.7677 1.7685 1.8795 1.5325 1.5329 1.8794 1.5328 1.5318
110 2.0976 1.7263 1.7261 1.8839 1.5123 1.5087 1.8834 1.5133 1.5091
424 2.3389 1.9756 1.9764 2.0712 1.7056 1.7072 2.0671 1.7042 1.7074
95 2.4884 2.1763 2.1769 2.1908 1.8798 1.8807 2.1908 1.88 1.8791
409 2.3344 1.9476 1.9506 1.9916 1.6058 1.6065 1.9925 1.6057 1.6101
193 2.2303 1.8448 1.845 2.0135 1.6305 1.6307 2.0136 1.6305 1.6308
258 2.1936 1.8924 1.8923 1.9336 1.6314 1.6331 1.9339 1.6315 1.6322
11 2.0806 1.7482 1.7483 1.8626 1.533 1.5329 1.8626 1.5328 1.5323
523 1.9425 1.7207 1.7213 1.682 1.4611 1.458 1.6822 1.46 1.4582
342 2.1333 1.7663 1.7642 1.9121 1.5455 1.5457 1.9119 1.5454 1.5451
294 2.0811 1.7803 1.7802 1.7969 1.4961 1.4971 1.7952 1.4962 1.4982
394 2.1806 1.8545 1.8555 1.9225 1.5963 1.5987 1.9225 1.596 1.5976
278 2.0084 1.749 1.7489 1.737 1.4688 1.4695 1.7373 1.4688 1.4688
243 2.5649 2.1471 2.1483 2.2675 1.8577 1.8606 2.2675 1.8575 1.8585
158 2.3108 2.0417 2.0434 1.9387 1.6707 1.6689 1.9385 1.6703 1.6706
177 2.1975 1.8643 1.8643 1.97 1.6366 1.6367 1.9695 1.6359 1.6363
27 2.5565 2.2385 2.2382 2.1589 1.8454 1.8454 2.1589 1.842 1.8425
425 2.2085 1.8232 1.8225 1.9771 1.589 1.589 1.9762 1.589 1.5893
77 2.5034 2.1798 2.1796 2.1497 1.8265 1.8274 2.1509 1.8253 1.8298
309 2.8031 2.2666 2.2639 2.4204 1.8982 1.8977 2.4207 1.8982 1.8978
524 2.2352 1.8593 1.8594 1.9313 1.557 1.5582 1.9309 1.5553 1.5572
224 3.1004 2.3903 2.3915 2.6777 1.9711 1.9734 2.6775 1.9712 1.9732
96 2.6387 2.2679 2.2684 2.2446 1.8757 1.8758 2.2444 1.8755 1.876
506 2.162 1.8497 1.8554 1.8396 1.5267 1.5275 1.8397 1.5267 1.5284
475 2.2156 1.922 1.9218 1.9878 1.6938 1.6939 1.9875 1.694 1.6926
61 2.0707 1.817 1.8131 1.796 1.5425 1.5365 1.7964 1.543 1.5364
343 1.9905 1.7461 1.7464 1.7107 1.4639 1.4641 1.7105 1.4639 1.4644
444 2.202 1.8804 1.881 1.9846 1.6631 1.6625 1.9845 1.663 1.6631
358 2.3162 1.9814 1.982 2.0632 1.7243 1.7266 2.0624 1.7226 1.7257
111 2.4612 2.0442 2.0433 2.176 1.7565 1.7563 2.1762 1.7565 1.758
259 2.4391 1.8581 1.8588 2.1696 1.59 1.5901 2.17 1.5903 1.5897
426 2.4422 2.0802 2.0797 2.1459 1.7848 1.7834 2.146 1.7845 1.7854
295 2.2564 1.9939 1.9919 1.9776 1.7148 1.7147 1.9776 1.7148 1.7145
194 2.4676 2.1034 2.1036 2.1769 1.8107 1.8088 2.1769 1.8105 1.8097
28 2.2907 2.019 2.0191 1.9856 1.7059 1.7057 1.9856 1.7058 1.7061
395 2.1442 1.8851 1.8852 1.8534 1.5892 1.5904 1.8534 1.5888 1.5897
78 2.2051 1.8871 1.8864 1.9415 1.6242 1.6241 1.9415 1.6241 1.6242
44 2.6774 2.2767 2.279 2.2931 1.8919 1.8951 2.2931 1.8888 1.8894
97 2.1722 1.8295 1.8298 1.932 1.5912 1.5912 1.9321 1.591 1.5902
244 2.5134 2.1888 2.1885 2.2271 1.8997 1.9036 2.2271 1.8996 1.9029
178 2.5582 2.2075 2.2078 2.2012 1.8498 1.8494 2.2011 1.8496 1.8473
225 2.9205 2.4828 2.4836 2.5576 2.116 2.1165 2.559 2.1165 2.1148
12 2.0695 1.7099 1.71 1.89 1.5309 1.5334 1.8893 1.5316 1.5334
112 2.4655 2.1802 2.1807 2.1978 1.9091 1.9095 2.1974 1.9091 1.9093
210 2.6688 2.2583 2.2623 2.3989 1.9935 1.9998 2.3988 1.9935 1.9967
310 2.3369 2.0738 2.0739 1.9253 1.6633 1.6616 1.9196 1.6634 1.6625
29 2.1143 1.8243 1.8253 1.9176 1.6273 1.6277 1.9178 1.6274 1.6289
410 2.1293 1.8136 1.813 1.8601 1.5489 1.5495 1.86 1.5489 1.5483
327 2.4375 2.0265 2.0249 2.1905 1.7797 1.7838 2.1902 1.776 1.7807
458 2.6666 2.1642 2.1648 2.4423 1.9527 1.9458 2.4439 1.9518 1.945
507 2.2657 1.955 1.9562 1.9744 1.6653 1.6674 1.9743 1.6652 1.6685
375 2.5303 2.0491 2.0497 2.2344 1.7618 1.7615 2.2342 1.7627 1.7575
98 2.0564 1.7361 1.735 1.8427 1.5177 1.5179 1.8429 1.5178 1.5176
211 2.5211 2.1662 2.1665 2.2067 1.8526 1.8536 2.2071 1.8526 1.8531
128 2.7119 2.3299 2.3302 2.3244 1.925 1.9217 2.3243 1.9222 1.9232
159 1.9141 1.6487 1.648 1.6781 1.4156 1.4148 1.6781 1.4156 1.4177
396 2.3775 1.9949 1.9963 2.1016 1.7126 1.7133 2.1013 1.7123 1.7126
62 2.798 2.3774 2.3767 2.5091 2.0812 2.0804 2.5092 2.0812 2.0795
359 2.4458 2.1105 2.1105 2.179 1.848 1.8483 2.1791 1.848 1.8469
79 2.2508 1.9019 1.9027 2.0122 1.6655 1.666 2.0114 1.6654 1.6652
445 2.2563 1.8584 1.8576 1.9126 1.5102 1.5097 1.9107 1.5099 1.5097
279 2.3832 2.0932 2.0942 2.1443 1.8552 1.8551 2.1443 1.8554 1.8545
411 2.1519 1.9133 1.9133 1.9064 1.6689 1.669 1.9063 1.669 1.6689
113 2.4692 2.0878 2.0903 2.1604 1.7815 1.7834 2.1606 1.7815 1.7844
525 3.9207 3.3898 3.391 3.013 2.4748 2.477 3.0133 2.487 2.4848
160 2.4735 2.2426 2.2425 2.1801 1.9488 1.9485 2.1801 1.9488 1.9487
99 1.9494 1.6011 1.6029 1.7448 1.3967 1.3963 1.7448 1.3968 1.3963
296 2.3595 1.9646 1.9648 2.1976 1.8045 1.804 2.198 1.8045 1.8034
260 2.7979 2.3271 2.3276 2.514 2.0305 2.0307 2.514 2.0288 2.0315
344 3.5281 2.9354 2.935 3.1547 2.5641 2.565 3.1546 2.5641 2.5636
427 2.6417 2.2721 2.269 2.2563 1.8863 1.8866 2.2598 1.8865 1.8859
195 2.2885 1.9825 1.9824 1.9758 1.6732 1.6723 1.9757 1.6732 1.6717
328 3.0906 2.6662 2.6687 2.7912 2.3693 2.3693 2.791 2.3682 2.3709
280 2.0495 1.6981 1.6983 1.8213 1.4694 1.4684 1.8215 1.4694 1.4696
142 3.4906 3.1423 3.1429 2.9839 2.6363 2.6366 2.985 2.6426 2.6405
100 2.3621 1.9546 1.9525 2.1162 1.7096 1.7079 2.1162 1.7097 1.7082
63 2.0231 1.78 1.78 1.7302 1.4864 1.4869 1.7303 1.4868 1.4868
297 2.3336 2.0084 2.0086 2.1026 1.775 1.7761 2.1026 1.775 1.7772
397 1.9504 1.6452 1.6455 1.7248 1.4185 1.4189 1.7249 1.4186 1.4187
360 2.6657 2.1944 2.1958 2.3584 1.8838 1.8842 2.3573 1.884 1.8882
114 2.5026 2.2003 2.2011 2.0829 1.7776 1.7779 2.083 1.7755 1.7775
30 2.2824 1.9585 1.9589 2.0364 1.714 1.7148 2.0364 1.7139 1.7135
446 2.0102 1.7149 1.7147 1.749 1.4554 1.4547 1.7493 1.4545 1.4556
212 2.0992 1.8011 1.8018 1.8133 1.5161 1.5166 1.8132 1.516 1.5151
526 2.2828 1.9967 1.9963 1.9642 1.6824 1.6831 1.9643 1.6824 1.681
311 2.1493 1.8097 1.8061 1.9113 1.5709 1.5695 1.9113 1.5687 1.568
196 2.7112 2.4353 2.4351 2.3521 2.0711 2.071 2.3519 2.0711 2.0712
476 2.4347 1.9653 1.9639 2.1941 1.7275 1.7257 2.194 1.7265 1.724
13 2.1318 1.8696 1.8695 1.7921 1.5308 1.5298 1.7911 1.5313 1.5307
376 2.435 2.1001 2.1018 2.167 1.8308 1.8324 2.167 1.83 1.8286
508 2.2932 1.8968 1.897 2.0366 1.6395 1.6405 2.0366 1.6395 1.6396
345 2.4865 2.0026 2.0032 2.2065 1.7244 1.7258 2.2062 1.7242 1.7268
129 2.0589 1.8236 1.8246 1.8249 1.5875 1.5888 1.8247 1.5867 1.5879
245 2.5057 2.2528 2.2507 2.1145 1.8643 1.8571 2.1123 1.8649 1.8583
412 2.3602 1.9968 1.9976 2.0735 1.7108 1.7134 2.0734 1.711 1.7117
101 2.1875 1.866 1.866 1.8351 1.5183 1.5202 1.835 1.5178 1.5193
428 2.4088 2.0157 2.0174 2.1527 1.7619 1.7658 2.1526 1.7621 1.7627
477 2.6607 2.2929 2.2926 2.2181 1.8542 1.8543 2.218 1.8542 1.8542
143 2.538 2.0882 2.0888 2.2992 1.8524 1.854 2.2997 1.8525 1.854
261 2.1164 1.8536 1.8535 1.7489 1.4904 1.4907 1.7488 1.4885 1.4908
226 2.1462 1.7668 1.7676 1.9099 1.5314 1.5322 1.9075 1.5303 1.5305
14 2.1441 1.7883 1.788 1.9189 1.5648 1.5653 1.9189 1.5657 1.5659
213 2.2295 1.9044 1.9058 1.9449 1.621 1.6221 1.9445 1.621 1.6219
329 2.16 1.8741 1.8746 1.8536 1.5675 1.5682 1.8536 1.5676 1.5679
429 2.393 2.0448 2.0448 2.146 1.8016 1.8016 2.1457 1.8016 1.8018
161 2.275 1.9574 1.9558 2.0215 1.7055 1.7033 2.0214 1.7039 1.7031
31 2.2594 1.9231 1.9232 2.0213 1.6859 1.6858 2.0224 1.6858 1.6878
115 2.4817 2.0898 2.0901 2.234 1.8432 1.8418 2.2339 1.843 1.8428
398 2.2758 1.9443 1.9456 1.9859 1.6569 1.6576 1.986 1.657 1.6568
312 2.8154 2.3205 2.3209 2.4802 1.99 1.9903 2.4832 1.99 1.9875
346 2.5336 2.1896 2.1899 2.2043 1.8615 1.8616 2.2043 1.8611 1.8614
179 3.0251 2.5246 2.5244 2.7813 2.2519 2.2536 2.7812 2.2519 2.2509
197 2.5501 2.2394 2.2421 2.1291 1.8216 1.822 2.1293 1.8211 1.8176
447 2.2406 1.9547 1.9546 2.0014 1.7176 1.7177 2.0014 1.7176 1.7164
413 2.159 1.8182 1.8193 1.9162 1.5755 1.576 1.9144 1.5756 1.5749
361 2.4844 2.1481 2.1462 2.2002 1.8645 1.8586 2.2019 1.8645 1.8602
281 3.1908 2.748 2.7484 2.6761 2.23 2.2303 2.6761 2.2293 2.2311
102 3.19 2.7475 2.7474 2.5412 2.1006 2.1011 2.5412 2.0985 2.0988
80 2.9319 2.435 2.4345 2.6315 2.1351 2.1351 2.6355 2.1353 2.1371
32 2.0192 1.649 1.6504 1.7716 1.3989 1.4013 1.7718 1.3989 1.4004
489 4.4347 4.0478 3.9839 3.3793 2.9291 2.9448 3.3488 2.9555 2.9442
399 2.2928 1.9939 1.9926 2.0081 1.702 1.7026 2.0082 1.7021 1.7024
116 2.3336 1.9968 1.9969 2.0729 1.7344 1.734 2.0728 1.7344 1.734
298 2.9766 2.6148 2.6156 2.7167 2.3587 2.3583 2.7167 2.3563 2.362
478 2.2037 1.9241 1.9185 1.9519 1.67 1.67 1.9504 1.6697 1.6701
64 2.519 2.1514 2.159 2.2073 1.8456 1.8486 2.2079 1.8442 1.8476
330 2.2069 1.8697 1.8694 1.9188 1.5793 1.5796 1.9184 1.5794 1.5791
448 2.2552 1.8968 1.8967 1.9735 1.6063 1.6061 1.9734 1.6063 1.606
198 2.127 1.7451 1.744 1.9215 1.5402 1.5396 1.9214 1.5403 1.5394
430 2.271 1.9581 1.9578 1.9662 1.6511 1.6518 1.9655 1.6511 1.6508
313 2.2325 1.9522 1.9529 1.9315 1.6538 1.654 1.9314 1.6537 1.6562
180 2.3626 1.9919 1.9902 2.0486 1.6782 1.677 2.0486 1.6782 1.6771
282 2.3008 1.9055 1.906 2.0626 1.668 1.6683 2.0625 1.668 1.6687
490 2.0424 1.8187 1.8192 1.8025 1.5763 1.5767 1.8025 1.5763 1.5764
214 2.3018 1.9547 1.9551 1.9744 1.623 1.6227 1.9738 1.6233 1.6228
400 2.3752 1.9692 1.9691 2.0932 1.6839 1.6842 2.0932 1.6839 1.6835
81 2.5213 2.1785 2.1772 2.1489 1.8013 1.8 2.1491 1.8015 1.8011
15 2.2926 2.0214 2.0221 2.1371 1.8652 1.8658 2.1369 1.8651 1.8622
103 2.3275 1.9655 1.9657 2.0601 1.6968 1.6984 2.0593 1.6969 1.6976
331 2.392 2.0363 2.0367 2.2 1.8484 1.8484 2.1999 1.8485 1.8482
33 2.5832 2.1954 2.1953 2.1783 1.7966 1.7959 2.1786 1.7967 1.7958
377 2.1114 1.8052 1.8045 1.8616 1.5552 1.5552 1.8626 1.5585 1.5548
262 2.5575 2.2655 2.2659 2.303 2.0089 2.0089 2.3037 2.0086 2.0102
117 2.2939 1.9599 1.9591 2.0824 1.7472 1.7478 2.0826 1.7468 1.7473
181 2.2687 1.9144 1.9154 2.0077 1.6543 1.6548 2.0077 1.6541 1.6542
431 2.2732 1.8654 1.8642 1.9693 1.566 1.5668 1.9693 1.5662 1.566
401 2.1079 1.7585 1.7588 1.8534 1.5038 1.5038 1.8534 1.5038 1.5035
491 1.9821 1.7538 1.7519 1.7125 1.4818 1.4819 1.7129 1.483 1.4811
199 2.2624 1.9488 1.9491 1.9668 1.6539 1.6521 1.9668 1.6541 1.6538
283 2.283 1.9753 1.9763 2.0362 1.7263 1.728 2.0356 1.7266 1.7277
347 1.9059 1.6432 1.6427 1.6713 1.4109 1.4123 1.6713 1.4104 1.4122
314 2.1231 1.9056 1.9063 1.826 1.609 1.6088 1.8258 1.609 1.6089
144 2.0144 1.8122 1.8134 1.8221 1.6179 1.6173 1.8222 1.6166 1.6167
34 2.3589 1.9308 1.9321 2.1309 1.6989 1.7007 2.131 1.6987 1.7006
449 2.4588 2.1046 2.1047 2.1786 1.8245 1.8253 2.1763 1.8248 1.824
332 2.1809 1.9021 1.9022 1.898 1.6225 1.6224 1.8981 1.6241 1.624
378 2.3891 2.0813 2.0811 1.9936 1.6888 1.6884 1.9936 1.6893 1.6897
82 2.44 2.141 2.1387 2.1103 1.8134 1.8116 2.1103 1.8137 1.8116
246 2.6894 2.2488 2.2478 2.3162 1.8772 1.8726 2.3163 1.8772 1.87
479 2.3729 1.973 1.971 2.1604 1.758 1.7588 2.1603 1.7591 1.7598
299 2.3434 2.0594 2.0614 2.0925 1.8132 1.8147 2.0925 1.8132 1.8118
162 3.1458 2.6492 2.646 2.8149 2.3107 2.2984 2.8122 2.3094 2.3139
130 3.298 3.0331 3.0332 3.0456 2.767 2.7641 3.0433 2.7636 2.7688
284 2.304 2.0593 2.0593 1.9612 1.7198 1.7201 1.9613 1.7198 1.7198
104 2.3478 1.9525 1.9518 1.9891 1.5956 1.5955 1.9892 1.5955 1.5954
145 2.5265 2.193 2.1933 2.1856 1.8588 1.8589 2.1856 1.8589 1.8597
83 2.5782 2.2239 2.2238 2.2426 1.8886 1.8888 2.2426 1.8886 1.8881
16 2.5071 2.1886 2.1852 2.2123 1.8973 1.8989 2.2112 1.8972 1.9
379 2.0455 1.8098 1.8101 1.7603 1.5234 1.5215 1.7605 1.5234 1.5228
247 2.214 1.878 1.8787 1.9823 1.6491 1.6506 1.9823 1.649 1.6497
35 2.8596 2.5261 2.5262 2.6275 2.2847 2.2853 2.6276 2.2847 2.2838
432 2.12 1.7468 1.7471 1.8847 1.5133 1.5138 1.8865 1.5117 1.5132
118 2.3503 2.0248 2.0259 2.0178 1.6897 1.6905 2.0159 1.69 1.6901
450 1.9348 1.6893 1.6912 1.6489 1.406 1.4063 1.6489 1.406 1.406
362 2.4647 2.0588 2.0659 2.2289 1.8233 1.8235 2.2274 1.8235 1.8189
414 3.0459 2.7862 2.7889 2.7583 2.4983 2.5012 2.7589 2.4944 2.4976
300 2.4795 2.1302 2.1302 2.207 1.8586 1.8596 2.2066 1.8581 1.8589
200 2.4795 2.1102 2.1125 2.2381 1.8721 1.8712 2.2381 1.8702 1.8709
84 2.292 1.9606 1.9608 1.9834 1.6535 1.6533 1.9832 1.6535 1.6532
348 2.3608 1.898 1.896 2.0726 1.6147 1.613 2.0726 1.6149 1.614
263 2.2097 1.7595 1.7598 1.9351 1.4846 1.4846 1.9351 1.4847 1.4837
509 2.2722 1.8527 1.8548 1.9833 1.561 1.5618 1.9833 1.5581 1.5598
285 2.4873 2.0348 2.0346 2.1513 1.7015 1.6997 2.1503 1.7015 1.7001
105 2.2337 1.9262 1.9269 1.8888 1.5775 1.5781 1.8887 1.5767 1.5774
480 1.9545 1.7292 1.7282 1.7476 1.5202 1.5198 1.747 1.5202 1.521
301 2.0256 1.7069 1.7052 1.7981 1.4812 1.4804 1.798 1.481 1.4806
17 2.2449 1.9331 1.933 1.9894 1.6758 1.6769 1.9894 1.6759 1.6781
433 2.3404 1.9668 1.9668 2.0244 1.651 1.6506 2.0245 1.651 1.6509
163 2.3399 1.946 1.9465 2.0333 1.6427 1.6426 2.0334 1.6428 1.6432
182 2.3126 1.9747 1.9725 1.982 1.6395 1.6399 1.9821 1.6396 1.6385
65 2.5552 2.0791 2.08 2.2053 1.7274 1.7296 2.2052 1.7211 1.7268
380 2.0711 1.8125 1.8141 1.847 1.5882 1.5895 1.847 1.5882 1.5884
492 2.5817 2.182 2.1818 2.2461 1.8513 1.8513 2.2458 1.851 1.8502
146 2.0252 1.7329 1.7287 1.8251 1.532 1.532 1.8254 1.5325 1.5318
527 2.4256 2.038 2.0394 2.153 1.7653 1.7653 2.153 1.7657 1.7662
363 2.638 2.3418 2.3418 2.3402 2.0436 2.0445 2.3391 2.0435 2.0436
402 2.3315 1.9862 1.9905 1.9546 1.6103 1.6104 1.9538 1.6103 1.6081
215 2.8026 2.3941 2.3962 2.348 1.9461 1.945 2.348 1.9462 1.9444
302 2.442 2.0909 2.0919 2.1757 1.8267 1.8284 2.1756 1.8261 1.8272
85 1.8951 1.6228 1.624 1.6603 1.3866 1.3873 1.6603 1.3872 1.3857
434 2.0099 1.7531 1.7527 1.7801 1.5253 1.526 1.7801 1.5253 1.5246
131 2.2469 1.9015 1.9013 1.9806 1.6333 1.6328 1.9807 1.6334 1.6326
119 2.1766 1.8979 1.8986 1.9111 1.6334 1.6338 1.9113 1.6335 1.6342
248 2.7746 2.4462 2.4463 2.4992 2.1777 2.1774 2.5043 2.1777 2.1741
315 2.2559 1.8377 1.8375 2.0025 1.5804 1.5801 2.0023 1.5797 1.5798
264 2.1878 1.9339 1.9345 1.9682 1.7162 1.7177 1.968 1.7149 1.7164
45 4.921 4.2699 4.2796 4.1654 3.5276 3.4982 4.1547 3.515 3.5184
349 2.3208 2.0101 2.0109 2.0643 1.7534 1.7551 2.064 1.7534 1.7537
106 2.2383 1.9354 1.9378 1.9718 1.6711 1.674 1.9723 1.6713 1.6738
333 2.1268 1.8024 1.8023 1.9087 1.5811 1.5809 1.9086 1.581 1.5838
183 2.3335 2.019 2.019 2.0394 1.7211 1.7209 2.0394 1.7219 1.7218
528 2.2708 1.9175 1.9191 1.9955 1.6463 1.6489 1.9955 1.646 1.6484
86 2.2332 1.913 1.9129 1.9975 1.6799 1.6796 1.9975 1.6799 1.68
36 2.1985 1.8905 1.8907 1.9228 1.6149 1.6156 1.9226 1.6151 1.6152
249 2.5577 2.1797 2.1806 2.2592 1.8862 1.8866 2.2591 1.8861 1.8859
403 2.5702 2.3091 2.3091 2.2276 1.9686 1.9689 2.2278 1.9684 1.9681
164 2.1748 1.9191 1.9188 1.9496 1.6941 1.695 1.9494 1.6949 1.6948
381 2.2637 1.9575 1.9596 1.9528 1.6494 1.6515 1.9529 1.6485 1.6516
435 2.632 2.2043 2.2048 2.2561 1.8221 1.824 2.2556 1.8226 1.8224
201 2.1666 1.8626 1.8623 1.8688 1.5654 1.5658 1.8691 1.5652 1.5646
493 2.3343 1.9121 1.9125 2.0313 1.6073 1.6077 2.0313 1.607 1.6074
451 2.6913 2.4108 2.414 2.1713 1.8987 1.9024 2.1715 1.8988 1.8974
147 2.4364 2.1312 2.1315 2.1286 1.8185 1.8157 2.1286 1.8186 1.8161
265 2.0181 1.7228 1.7231 1.7858 1.4897 1.4901 1.7856 1.4897 1.4899
529 1.999 1.7665 1.7663 1.8139 1.5796 1.5801 1.8133 1.5795 1.5797
350 2.2585 1.9561 1.9533 2.0422 1.7381 1.7351 2.0423 1.7381 1.7346
303 2.2875 1.8984 1.8982 2.1002 1.7122 1.7121 2.0995 1.7124 1.7121
184 2.3039 1.9531 1.9555 1.9342 1.5882 1.5884 1.9342 1.5878 1.5886
66 2.4645 2.0417 2.0453 2.1577 1.7395 1.7396 2.1577 1.7395 1.74
481 2.4053 2.0798 2.0787 2.0907 1.7668 1.7677 2.0882 1.7668 1.7628
87 2.048 1.8007 1.8023 1.7372 1.4915 1.4934 1.737 1.4916 1.4933
37 2.1604 1.8472 1.8476 1.8764 1.562 1.5638 1.8771 1.5621 1.5642
316 2.0598 1.7763 1.7752 1.8663 1.5824 1.5815 1.8663 1.5824 1.581
132 2.4099 2.0003 1.9995 2.1115 1.7067 1.7074 2.1105 1.7045 1.7065
202 2.4525 2.1063 2.1059 2.2047 1.862 1.8626 2.2046 1.8619 1.8621
120 2.5575 2.2035 2.2033 2.0961 1.7426 1.7421 2.0966 1.7427 1.7425
165 2.5925 2.2015 2.2045 2.2297 1.8413 1.8443 2.2304 1.8413 1.844
482 2.1006 1.8242 1.8242 1.8219 1.549 1.5491 1.8221 1.549 1.5493
510 3.2445 2.7672 2.7857 2.8212 2.3587 2.3644 2.8212 2.358 2.3615
216 3.6506 3.2673 3.2676 3.162 2.7927 2.7913 3.1608 2.7952 2.7966
148 2.6673 2.1535 2.1533 2.2425 1.758 1.7576 2.2427 1.7559 1.7557
38 2.2355 1.8993 1.9 1.9763 1.6399 1.6403 1.9764 1.6399 1.6403
121 2.0093 1.7001 1.7 1.7542 1.4465 1.4466 1.7542 1.4472 1.4465
436 2.2553 1.9452 1.9454 1.9842 1.6754 1.6759 1.9842 1.6754 1.6747
18 2.1762 1.8875 1.8854 1.8952 1.6129 1.6038 1.8952 1.6132 1.6056
67 2.0696 1.7575 1.758 1.8766 1.5594 1.5603 1.8766 1.5594 1.5594
452 2.4167 2.0559 2.0565 2.0564 1.6983 1.6982 2.0565 1.6979 1.6987
317 2.5747 2.1988 2.1994 2.3638 1.9853 1.9864 2.3639 1.9853 1.9861
364 2.6181 2.278 2.2733 2.1903 1.8466 1.8411 2.1909 1.8466 1.8501
511 2.2067 1.8255 1.8247 1.9299 1.5489 1.5485 1.9298 1.5489 1.5472
483 2.0917 1.8029 1.8018 1.7065 1.4182 1.418 1.7066 1.4182 1.4181
459 5.0195 3.3405 3.2597 4.5079 2.8192 2.791 4.5071 3.147 2.7881
530 2.0939 1.8357 1.8367 1.8253 1.5663 1.5655 1.8253 1.5663 1.5664
203 2.5044 2.1579 2.1548 2.14 1.7966 1.7929 2.1399 1.7958 1.7933
404 2.4928 2.1553 2.1564 2.0593 1.725 1.7272 2.0599 1.7248 1.7252
122 2.3985 2.0987 2.0988 2.0384 1.7368 1.7367 2.0384 1.7367 1.7377
494 2.1454 1.7937 1.7938 1.9261 1.5768 1.5777 1.926 1.5768 1.5762
415 2.5982 2.3517 2.3517 2.2979 2.0459 2.0451 2.2979 2.0431 2.0461
382 2.3491 2.0804 2.0792 2.0943 1.825 1.826 2.0964 1.825 1.8231
286 3.0054 2.5639 2.5759 2.5221 2.092 2.09 2.5227 2.0991 2.0944
318 1.9501 1.6932 1.6916 1.6672 1.4115 1.4099 1.6672 1.4115 1.4106
46 2.4142 2.0408 2.0405 2.0878 1.7161 1.7174 2.0878 1.7187 1.7148
365 2.0836 1.7989 1.8023 1.7404 1.4681 1.4679 1.7404 1.4679 1.4675
149 2.4214 2.0317 2.0313 2.1332 1.7384 1.7396 2.1331 1.7385 1.7387
19 2.3331 2.0749 2.075 2.0513 1.7891 1.7901 2.0513 1.7891 1.7917
88 2.3496 2.0006 2.0013 2.0902 1.7437 1.7437 2.0906 1.7409 1.742
453 2.4836 2.1872 2.188 2.0837 1.7926 1.7927 2.0817 1.7923 1.7943
185 2.6307 2.2696 2.2678 2.298 1.9373 1.9381 2.297 1.9373 1.9361
123 2.2379 1.9541 1.9545 2.0041 1.721 1.7217 2.0043 1.721 1.7208
166 2.5766 2.1947 2.1965 2.2721 1.8947 1.8939 2.272 1.8947 1.8941
351 2.3205 1.9767 1.977 1.9629 1.6341 1.6345 1.9629 1.6341 1.6346
495 2.2183 1.9604 1.9606 1.8812 1.6251 1.6272 1.8813 1.6249 1.6255
68 2.2207 1.8765 1.8805 1.9795 1.6365 1.6368 1.9791 1.6369 1.6367
47 2.2687 1.9662 1.9663 2.0103 1.7099 1.7104 2.0102 1.7097 1.71
250 2.3953 2.0188 2.0214 2.0428 1.6757 1.6741 2.0426 1.6757 1.6754
405 2.0847 1.8148 1.8147 1.8424 1.5716 1.5714 1.8424 1.5713 1.5719
39 2.2502 1.9027 1.9027 1.982 1.6301 1.6302 1.9843 1.6312 1.6284
512 2.2818 1.9175 1.9182 2.0479 1.6871 1.6883 2.0479 1.6869 1.6871
133 2.1985 1.9002 1.8996 1.8591 1.5644 1.5647 1.859 1.5666 1.5608
416 2.4412 2.1511 2.1511 2.1151 1.8284 1.8288 2.115 1.8286 1.8282
204 2.0313 1.7476 1.748 1.8515 1.569 1.5739 1.8514 1.5692 1.5681
287 2.2025 1.856 1.8553 1.8891 1.5473 1.5466 1.8891 1.5476 1.548
460 2.2268 1.9672 1.9673 1.9832 1.7226 1.7321 1.9829 1.7226 1.7294
383 2.4726 2.0239 2.028 2.2027 1.749 1.7531 2.2009 1.749 1.7548
437 1.9975 1.6962 1.6946 1.7474 1.4466 1.4455 1.7476 1.4458 1.4471
20 2.22 1.8307 1.8305 1.9995 1.6115 1.6122 1.9992 1.6116 1.6117
531 2.042 1.7226 1.7227 1.758 1.4365 1.4381 1.758 1.4377 1.439
40 2.2901 1.939 1.9406 2.0664 1.7152 1.7191 2.0664 1.7153 1.7169
205 2.1463 1.8008 1.8015 1.8672 1.5201 1.5201 1.8671 1.5202 1.5201
417 2.3324 1.9723 1.9724 2.1559 1.7945 1.7946 2.1561 1.7946 1.794
217 2.2624 1.9531 1.9528 2.0526 1.737 1.7401 2.0525 1.7365 1.735
513 2.7391 2.138 2.1414 2.4912 1.8905 1.899 2.5003 1.8892 1.897
288 2.3137 1.9107 1.9111 2.0858 1.6804 1.6808 2.0859 1.6805 1.6796
69 2.1012 1.7895 1.7899 1.8867 1.5744 1.5747 1.8868 1.5743 1.5769
461 2.0401 1.7588 1.759 1.797 1.5148 1.5149 1.797 1.5149 1.515
134 2.3555 1.9859 1.986 2.1577 1.7842 1.785 2.1577 1.7842 1.7843
438 2.2034 1.9613 1.9612 1.8716 1.6308 1.6309 1.8713 1.6308 1.6308
454 2.4454 1.9634 1.9634 2.1211 1.6417 1.6416 2.1213 1.6416 1.6413
206 2.3738 2.0857 2.092 2.0282 1.746 1.7472 2.0282 1.746 1.748
418 2.2096 1.8884 1.8882 1.9455 1.6212 1.6216 1.9454 1.6212 1.6212
496 2.3553 2.0493 2.0495 1.9857 1.6814 1.6821 1.9858 1.6813 1.68
319 2.8244 2.2484 2.2515 2.4558 1.8681 1.8681 2.4565 1.8676 1.8672
89 2.1567 1.7768 1.7749 1.8337 1.4619 1.4608 1.8337 1.4618 1.4601
21 2.4192 2.0265 2.0266 2.1214 1.7265 1.7264 2.1211 1.7262 1.7263
186 2.2669 1.9974 1.9977 1.9856 1.7167 1.7163 1.9867 1.7168 1.7194
366 2.5291 2.1466 2.1461 2.0761 1.6969 1.697 2.0761 1.6952 1.6961
150 2.5179 2.0707 2.0724 2.2248 1.7704 1.7722 2.2248 1.7704 1.7689
352 2.4941 2.1635 2.1617 2.0895 1.7534 1.7523 2.0899 1.7534 1.7526
419 2.5226 2.1402 2.1425 2.1187 1.7326 1.7331 2.1186 1.7328 1.7326
167 2.071 1.6876 1.6893 1.8144 1.4344 1.4371 1.8134 1.4342 1.4343
289 2.3307 2.0551 2.055 2.0171 1.743 1.7427 2.0173 1.7427 1.743
266 3.6818 3.3718 3.3814 3.3525 3.0481 3.0578 3.351 3.0573 3.0679
70 2.2051 1.8948 1.8947 1.934 1.6235 1.6241 1.9328 1.6238 1.624
384 2.3014 1.9533 1.9575 2.0948 1.7389 1.7404 2.0962 1.7394 1.7404
334 3.4348 2.7935 2.7617 3.1079 2.4398 2.4309 3.1077 2.4397 2.4346
135 2.1751 1.828 1.8274 1.8087 1.4674 1.4633 1.8086 1.4674 1.4665
367 2.2106 1.9827 1.9827 1.8543 1.6266 1.6263 1.8543 1.6267 1.6259
48 2.1633 1.8718 1.8721 1.9553 1.6668 1.6682 1.9553 1.6668 1.6654
497 2.251 1.8725 1.8725 1.9691 1.5941 1.5939 1.9692 1.5943 1.5949
462 2.102 1.7639 1.7633 1.7654 1.4286 1.4287 1.7655 1.4287 1.4273
168 2.7137 2.192 2.1935 2.4703 1.9447 1.9453 2.4702 1.9447 1.9457
320 2.1674 1.8376 1.8374 1.8984 1.5704 1.5705 1.8996 1.5703 1.5702
420 1.9483 1.7064 1.7063 1.7203 1.4747 1.4748 1.7204 1.4747 1.4747
187 2.2234 1.8524 1.8542 1.9724 1.601 1.6012 1.9722 1.6011 1.6012
22 3.0167 2.4622 2.4626 2.8162 2.2612 2.263 2.816 2.2619 2.26
463 1.9317 1.6572 1.6572 1.7483 1.4746 1.4745 1.7481 1.4746 1.4746
498 2.3898 1.9667 1.9675 2.106 1.6808 1.682 2.106 1.6808 1.6824
49 2.2692 2.0039 2.0044 2.0198 1.7544 1.7556 2.0199 1.7546 1.7549
514 3.7395 2.8702 2.875 3.3225 2.4603 2.4588 3.3223 2.46 2.4609
90 2.354 1.9584 1.9593 2.1005 1.7059 1.7079 2.1001 1.7034 1.707
151 2.3225 1.9714 1.9718 2.0576 1.7068 1.7067 2.058 1.7071 1.7108
136 2.4868 2.1033 2.1025 2.093 1.7066 1.7072 2.0931 1.7066 1.7068
169 2.3148 1.9645 1.9648 1.9644 1.6141 1.6138 1.9642 1.6141 1.614
499 2.3014 1.9168 1.9177 2.0752 1.6883 1.6881 2.0756 1.6883 1.6876
251 3.0851 2.6159 2.6147 2.4302 1.9514 1.9512 2.4292 1.9484 1.9487
188 2.4132 2.0065 2.0062 2.1089 1.7022 1.702 2.109 1.702 1.7021
71 2.4764 2.1848 2.1867 2.2185 1.935 1.9374 2.218 1.935 1.9358
50 2.0388 1.8129 1.8132 1.7935 1.5661 1.5661 1.7933 1.5657 1.5661
23 2.205 1.8939 1.894 1.9592 1.646 1.6461 1.9594 1.646 1.6452
218 3.0275 2.3959 2.3922 2.7121 2.0762 2.0753 2.7107 2.0731 2.0817
353 2.0476 1.6816 1.682 1.8038 1.4367 1.4366 1.8038 1.4394 1.436
335 2.6243 2.2194 2.2107 2.3177 1.9155 1.9056 2.3178 1.9154 1.9064
421 2.6894 2.2244 2.2252 2.3377 1.8692 1.8692 2.3377 1.8669 1.8707
464 2.1988 1.8974 1.8981 1.922 1.6207 1.6216 1.9225 1.6209 1.6209
515 2.6986 2.2591 2.2579 2.396 1.9565 1.9559 2.3917 1.9561 1.9562
51 2.2373 1.8959 1.896 1.9449 1.6047 1.6048 1.9451 1.6044 1.6048
24 1.8882 1.6609 1.6614 1.6374 1.4119 1.4119 1.6373 1.4119 1.4123
500 2.22 1.9089 1.9115 1.9262 1.6148 1.6147 1.9262 1.6148 1.6145
321 2.3345 1.9847 1.9845 2.0195 1.6651 1.6621 2.0199 1.6651 1.6663
137 2.2505 1.8878 1.8893 1.9844 1.6236 1.6239 1.9844 1.6219 1.6242
189 2.4203 2.1128 2.1106 2.0592 1.7546 1.7544 2.0588 1.7539 1.754
170 2.3883 1.9931 1.9976 2.0782 1.6823 1.6824 2.0781 1.6823 1.6824
72 2.3686 2.0511 2.0516 2.0435 1.7346 1.7312 2.0435 1.7326 1.7357
368 3.5555 2.6052 2.6031 3.4087 2.4712 2.4617 3.4084 2.4712 2.4663
484 5.2538 4.8409 4.8536 4.3195 3.9627 4.025 4.3683 4.0224 4.0418
227 4.4613 4.0628 4.3852 4.4695 3.3802 4.3262 3.5422 3.1645 3.0069
152 2.2836 1.9691 1.9696 1.9722 1.6616 1.6596 1.9703 1.6618 1.6595
73 2.7412 2.4698 2.4696 2.3785 2.1137 2.1137 2.3785 2.1137 2.1137
385 2.5701 2.2335 2.2361 2.2029 1.8619 1.8632 2.2029 1.8654 1.8671
138 2.5722 2.1418 2.1414 2.2539 1.8328 1.8318 2.2533 1.8328 1.8334
354 2.4516 2.0451 2.0458 2.1539 1.752 1.7519 2.1521 1.7495 1.7541
485 1.9599 1.6449 1.6451 1.7766 1.4586 1.4592 1.777 1.4588 1.4593
336 2.3744 1.9791 1.9803 2.1253 1.7252 1.7283 2.1251 1.7252 1.7285
52 2.1595 1.8168 1.8192 1.9034 1.5561 1.5572 1.9036 1.5562 1.5599
532 3.5944 3.1111 3.1122 3.0942 2.6107 2.6266 3.0945 2.6112 2.6159
369 2.4596 2.0313 2.0319 2.0298 1.6169 1.6181 2.0299 1.6177 1.6184
355 2.7595 2.4138 2.4125 2.5581 2.2155 2.2146 2.5581 2.2155 2.214
219 2.9457 2.4904 2.4879 2.4216 1.9632 1.9707 2.4215 1.9562 1.9655
501 2.7121 2.3978 2.3969 2.3759 2.0644 2.0644 2.3755 2.0645 2.0644
171 2.2746 2.0087 2.0116 1.9812 1.7167 1.7192 1.981 1.7164 1.7182
337 2.1501 1.8725 1.8724 1.8851 1.609 1.6088 1.8851 1.609 1.609
267 3.0484 2.6486 2.6591 2.4848 2.0808 2.0759 2.4848 2.081 2.0747
386 2.3137 1.8157 1.8165 2.093 1.5963 1.5965 2.0917 1.5961 1.5937
139 2.2506 1.8679 1.8679 1.9181 1.5465 1.5465 1.9178 1.5465 1.5463
228 2.3549 2.0472 2.0464 2.0641 1.7601 1.7604 2.0641 1.7601 1.7598
53 2.163 1.8305 1.8306 1.8739 1.5431 1.543 1.874 1.543 1.5432
153 2.4125 1.9313 1.9305 2.1576 1.6772 1.677 2.1572 1.6775 1.6755
465 2.6017 2.1446 2.145 2.2907 1.8369 1.8392 2.2907 1.8351 1.8363
304 4.1584 3.5901 3.6039 3.6489 3.1003 3.1336 3.6395 3.0995 3.1076
502 2.191 1.8529 1.8536 1.945 1.6106 1.6107 1.9448 1.6106 1.6107
516 2.4984 2.2264 2.226 2.0789 1.8091 1.8033 2.0791 1.8092 1.8024
338 2.3204 1.9746 1.975 2.028 1.6802 1.6802 2.0282 1.6802 1.6805
172 2.1001 1.8244 1.8231 1.799 1.5237 1.5241 1.7999 1.5243 1.5253
322 2.3254 1.9185 1.9184 2.0455 1.6406 1.6399 2.0453 1.6397 1.638
268 2.3378 2.0117 2.012 2.1007 1.7725 1.7716 2.1009 1.7725 1.7723
370 2.448 2.0306 2.0317 2.1854 1.7659 1.7677 2.1854 1.7677 1.767
220 2.2327 1.9138 1.9169 1.9506 1.635 1.6396 1.9504 1.6353 1.6351
466 2.1018 1.7909 1.7912 1.9242 1.6112 1.612 1.9243 1.6116 1.612
305 2.1937 1.8713 1.8712 1.959 1.6356 1.6375 1.9589 1.6358 1.6355
154 2.5976 2.069 2.0694 2.3632 1.8317 1.8341 2.3635 1.829 1.8319
467 2.4775 2.0767 2.0815 2.2048 1.8049 1.8096 2.2047 1.8049 1.8113
503 2.7126 2.3291 2.329 2.3426 1.9589 1.9626 2.3423 1.9588 1.9614
54 2.2789 1.9391 1.9392 1.9861 1.6454 1.6449 1.9861 1.646 1.6453
229 2.2459 1.9099 1.9095 1.9619 1.6272 1.6272 1.9619 1.6273 1.6267
252 3.913 3.5995 3.6289 3.1123 2.817 2.8312 3.1102 2.8038 2.8151
517 2.8183 2.3072 2.3068 2.4807 1.967 1.9656 2.4811 1.9665 1.9649
387 2.4143 2.1143 2.1144 2.1912 1.8945 1.8946 2.1913 1.8943 1.8936
221 3.0157 2.4591 2.4583 2.7028 2.1471 2.1487 2.7025 2.1419 2.1407
468 2.2307 1.9415 1.942 1.8682 1.5812 1.5814 1.868 1.5812 1.5819
486 3.5282 3.1881 3.1888 3.1163 2.7837 2.7832 3.1165 2.7745 2.7784
504 2.441 2.1573 2.1575 2.1873 1.9027 1.903 2.1872 1.9033 1.9039
533 2.9294 2.5649 2.5668 2.5153 2.1494 2.1483 2.51 2.1377 2.1606
55 2.1512 1.8707 1.8711 1.8681 1.585 1.5862 1.8681 1.5849 1.5859
155 2.4198 2.0366 2.0372 2.1699 1.7884 1.7897 2.17 1.7882 1.7886
371 2.2281 1.9075 1.9064 1.9691 1.6463 1.6467 1.9721 1.6464 1.6453
173 2.5172 2.2626 2.2632 2.1762 1.9207 1.9221 2.1761 1.9197 1.9213
269 1.91 1.585 1.5847 1.6896 1.3629 1.3618 1.6896 1.3615 1.3621
56 2.168 1.801 1.801 1.9698 1.6033 1.6034 1.9699 1.6033 1.6032
469 3.1224 2.7525 2.7522 2.4775 2.1057 2.1066 2.4773 2.1061 2.1061
222 2.0442 1.7545 1.7546 1.8697 1.5804 1.5814 1.8688 1.5804 1.5805
156 2.0628 1.8045 1.8046 1.8039 1.5467 1.547 1.8035 1.5468 1.5466
57 2.4867 2.1317 2.1323 2.239 1.8909 1.8908 2.2394 1.8909 1.8909
270 2.0989 1.8044 1.8039 1.8217 1.5282 1.5289 1.8219 1.5285 1.5277
230 2.2066 1.8492 1.8494 1.8586 1.5071 1.5078 1.8556 1.5071 1.5057
518 1.9193 1.6328 1.6355 1.7404 1.4553 1.4538 1.7405 1.4553 1.4555
487 2.1362 1.8274 1.8271 1.8756 1.5624 1.5623 1.8735 1.5626 1.562
470 2.1466 1.8077 1.8084 1.9386 1.6024 1.6044 1.9388 1.6024 1.604
519 2.2458 1.9679 1.9673 1.9502 1.669 1.6697 1.9501 1.669 1.6694
271 2.2578 1.8836 1.8842 2.0288 1.6574 1.6554 2.0318 1.6556 1.6561
253 3.195 2.4466 2.4466 2.5286 1.7786 1.7733 2.5332 1.7659 1.77
388 2.9332 2.3781 2.3763 2.501 1.9561 1.9575 2.4919 1.9559 1.9468
231 2.2837 1.9214 1.9235 1.9844 1.6303 1.6305 1.9819 1.6302 1.6313
534 2.4728 2.0628 2.0597 2.1608 1.7524 1.7514 2.1588 1.7548 1.7518
471 1.882 1.6385 1.6376 1.6763 1.4316 1.4293 1.6763 1.4316 1.4326
254 2.5411 2.1213 2.1218 2.242 1.8201 1.8194 2.2421 1.8202 1.8198
520 2.5813 2.0218 2.0213 2.3011 1.7447 1.7446 2.3001 1.7446 1.7439
232 2.5887 2.3346 2.3366 2.3089 2.0431 2.0446 2.3084 2.0432 2.0436
272 2.5208 2.1682 2.1667 2.2086 1.856 1.8559 2.2087 1.855 1.8593
535 2.3669 2.0121 2.0119 2.0396 1.6789 1.6791 2.039 1.6788 1.6795
233 2.2576 1.9823 1.9811 1.9734 1.6944 1.6951 1.9734 1.6945 1.6943
255 2.1749 1.7788 1.7785 1.8936 1.4979 1.4983 1.8933 1.4979 1.5
536 2.0861 1.8158 1.8156 1.7625 1.4943 1.4936 1.7625 1.4942 1.4927
234 2.0726 1.7536 1.7526 1.871 1.5508 1.55 1.8704 1.5508 1.5492
537 2.3566 2.001 2.0017 2.1072 1.7525 1.7527 2.107 1.7524 1.7529
235 2.305 1.951 1.9516 1.9481 1.5996 1.6018 1.948 1.5996 1.6002
236 2.1035 1.8488 1.8487 1.8249 1.5719 1.5719 1.8248 1.572 1.5721
237 2.1468 1.8095 1.81 1.895 1.5482 1.5498 1.8975 1.5469 1.5482
238 2.3004 1.9408 1.9367 2.0098 1.6512 1.6508 2.0101 1.651 1.6508
239 3.0242 2.5783 2.5803 2.7242 2.2818 2.2864 2.7242 2.2823 2.2819
"x"
"1" "== degree of freedom:  2 =="
207 1.6226 1.4211 1.4207 1.4213 1.2178 1.2178 1.4213 1.2178 1.2179
422 1.5393 1.2981 1.2996 1.3075 1.0674 1.0692 1.3075 1.0674 1.0693
240 1.5215 1.2832 1.2842 1.3939 1.1557 1.1563 1.3939 1.1557 1.1561
157 1.673 1.4504 1.4509 1.4872 1.2615 1.2614 1.4872 1.2615 1.2612
372 1.5586 1.3555 1.3563 1.3337 1.1311 1.131 1.3337 1.1312 1.1314
107 1.5237 1.2943 1.2947 1.3268 1.0987 1.0989 1.3268 1.0987 1.0992
190 1.6529 1.402 1.4016 1.4378 1.1859 1.1857 1.4378 1.1859 1.1861
273 1.5657 1.3131 1.3134 1.3734 1.1209 1.1209 1.3734 1.1208 1.1216
124 1.5576 1.3678 1.3684 1.3134 1.1248 1.1253 1.3135 1.1249 1.1249
58 1.465 1.3029 1.3034 1.3157 1.155 1.1552 1.3157 1.1548 1.1553
256 1.5922 1.336 1.3361 1.4136 1.1567 1.1573 1.4135 1.158 1.1585
290 1.3829 1.1802 1.1803 1.2073 1.0048 1.0053 1.2073 1.0048 1.0051
521 1.554 1.3296 1.3299 1.3954 1.171 1.171 1.3952 1.1712 1.1712
41 1.4773 1.2698 1.2696 1.2931 1.0843 1.0841 1.2931 1.0843 1.0842
339 1.7998 1.5147 1.5163 1.6087 1.3194 1.321 1.6083 1.3193 1.3204
455 1.5028 1.2576 1.2587 1.3656 1.121 1.1231 1.3656 1.121 1.1213
25 1.6993 1.4294 1.43 1.4609 1.1888 1.1902 1.4609 1.1888 1.1897
488 1.4891 1.3217 1.3221 1.2974 1.1298 1.1304 1.2974 1.1297 1.1299
356 1.5505 1.3281 1.3282 1.3529 1.1306 1.1309 1.3529 1.1306 1.1312
505 1.5587 1.3328 1.3322 1.3934 1.1668 1.1665 1.3932 1.1668 1.1667
406 1.6714 1.4444 1.4446 1.4391 1.2117 1.212 1.4392 1.2117 1.2119
91 1.7197 1.5003 1.5007 1.4704 1.2463 1.2464 1.4702 1.2462 1.2466
8 1.699 1.4498 1.4482 1.4793 1.2297 1.2293 1.4784 1.2297 1.2293
439 1.5667 1.3458 1.343 1.3593 1.1388 1.1376 1.3593 1.1378 1.1373
74 1.5612 1.373 1.3732 1.3503 1.1606 1.1614 1.3503 1.1606 1.1601
108 1.5188 1.3038 1.3035 1.3444 1.1298 1.1299 1.3439 1.1298 1.1296
423 1.5963 1.3646 1.3637 1.429 1.1971 1.1969 1.429 1.1967 1.1966
59 1.6417 1.3697 1.3697 1.4435 1.1702 1.1703 1.4435 1.1703 1.1704
140 1.4987 1.2841 1.2856 1.3301 1.1153 1.1171 1.3301 1.1153 1.117
389 1.6406 1.3933 1.3932 1.3745 1.1303 1.1302 1.3748 1.1303 1.1308
42 1.5369 1.3482 1.3484 1.3357 1.1477 1.1477 1.3357 1.1476 1.1477
9 1.6726 1.3822 1.382 1.4505 1.1583 1.1585 1.4505 1.1585 1.1583
373 1.6425 1.4105 1.4105 1.4379 1.2043 1.2043 1.4379 1.2044 1.2042
323 1.5972 1.3491 1.3489 1.4118 1.1648 1.1642 1.4118 1.168 1.165
26 1.5433 1.3165 1.3172 1.3407 1.1151 1.1158 1.3407 1.1152 1.1156
257 1.6004 1.4071 1.4075 1.4077 1.2132 1.2138 1.4078 1.2131 1.2131
158 1.6743 1.4395 1.4391 1.4934 1.2563 1.2563 1.4935 1.2566 1.2559
489 1.6712 1.3942 1.3942 1.4822 1.2036 1.2037 1.4822 1.2036 1.2036
125 1.489 1.2421 1.2422 1.3314 1.085 1.0853 1.3314 1.0842 1.086
357 1.6503 1.4171 1.4171 1.435 1.204 1.2043 1.435 1.2044 1.2041
456 1.7869 1.5267 1.5264 1.5178 1.2569 1.2569 1.5178 1.2569 1.2561
191 1.5896 1.3815 1.3813 1.3652 1.1574 1.1574 1.3653 1.1574 1.1576
440 1.6308 1.4137 1.414 1.3885 1.1713 1.1715 1.3887 1.1713 1.1713
241 1.4702 1.2866 1.2867 1.2766 1.0939 1.0942 1.2766 1.0939 1.0939
472 1.5371 1.2899 1.2901 1.3726 1.1245 1.1244 1.373 1.1245 1.124
92 1.6524 1.3643 1.3648 1.4638 1.1761 1.1773 1.4637 1.1761 1.1766
10 1.6442 1.4458 1.4458 1.3957 1.1968 1.1969 1.3957 1.1969 1.1967
522 1.5451 1.2586 1.2596 1.3948 1.1101 1.11 1.394 1.1103 1.1104
374 1.4615 1.2915 1.2915 1.2844 1.1153 1.1154 1.2846 1.1153 1.1155
506 1.6866 1.4059 1.4059 1.4515 1.1732 1.1737 1.4515 1.1732 1.1733
223 1.6378 1.363 1.3633 1.4543 1.1793 1.1792 1.4541 1.1793 1.1804
291 1.7581 1.505 1.5057 1.5147 1.263 1.2644 1.5147 1.2623 1.2636
340 1.5277 1.3588 1.3591 1.3245 1.1552 1.1559 1.3245 1.1552 1.1548
208 1.642 1.3793 1.3793 1.4084 1.1455 1.145 1.4084 1.1456 1.1448
490 1.6173 1.4139 1.4131 1.3957 1.1946 1.1943 1.3957 1.1945 1.1945
174 1.603 1.379 1.3791 1.3754 1.1522 1.1524 1.3753 1.1528 1.1522
306 1.5867 1.3511 1.3513 1.4297 1.1942 1.1958 1.4295 1.1961 1.1942
159 1.6777 1.3517 1.3537 1.5356 1.2109 1.2117 1.5357 1.2109 1.2104
60 1.5141 1.3263 1.3262 1.3028 1.1139 1.1142 1.3028 1.1141 1.1148
27 1.5024 1.2975 1.2981 1.3788 1.1742 1.1748 1.3788 1.1742 1.1747
258 1.4119 1.2297 1.2276 1.307 1.1236 1.1233 1.3074 1.1236 1.1236
141 1.5616 1.2863 1.2884 1.42 1.144 1.1452 1.42 1.1439 1.1448
324 1.6619 1.3745 1.3745 1.4775 1.1894 1.1896 1.4777 1.1893 1.1893
341 1.5642 1.3842 1.3842 1.3353 1.1537 1.154 1.3353 1.1537 1.1537
242 1.6823 1.4017 1.4024 1.5131 1.2318 1.2322 1.5132 1.2318 1.2321
75 1.6305 1.4031 1.4029 1.4402 1.2121 1.2118 1.4421 1.2139 1.2123
375 1.5028 1.2788 1.2778 1.3388 1.1146 1.1148 1.3387 1.1148 1.1151
11 1.6142 1.3931 1.3928 1.4246 1.2027 1.2022 1.4246 1.2028 1.2028
358 1.5254 1.3432 1.3431 1.2863 1.1057 1.1054 1.2862 1.1068 1.1074
523 1.6641 1.3861 1.3867 1.4446 1.1649 1.1654 1.4446 1.1649 1.166
224 1.5627 1.3849 1.385 1.3847 1.2081 1.2082 1.3848 1.2081 1.2081
93 1.6244 1.3474 1.3472 1.398 1.1216 1.1214 1.3984 1.1214 1.1216
160 1.4227 1.2432 1.2432 1.2718 1.0928 1.0928 1.2717 1.0928 1.093
424 1.646 1.3925 1.3929 1.4624 1.2101 1.2104 1.4628 1.2086 1.2103
507 1.5221 1.3136 1.3133 1.3573 1.1479 1.1479 1.3575 1.1479 1.148
28 1.7262 1.4516 1.4528 1.5094 1.2334 1.2357 1.5094 1.2336 1.2346
109 1.6338 1.3833 1.383 1.389 1.136 1.1363 1.3892 1.136 1.1355
43 1.623 1.3339 1.3344 1.4199 1.1328 1.1332 1.4199 1.1329 1.1332
209 1.4746 1.2432 1.2444 1.3394 1.1107 1.111 1.3395 1.1107 1.1107
259 1.6359 1.3795 1.3796 1.4587 1.2034 1.2033 1.4589 1.2034 1.2037
307 1.6181 1.3928 1.394 1.4117 1.1884 1.1899 1.4118 1.1884 1.1893
192 1.5233 1.2517 1.2509 1.3953 1.1236 1.1242 1.3952 1.1236 1.1224
274 1.6233 1.3942 1.3942 1.4117 1.1843 1.1849 1.4117 1.1845 1.1832
376 1.6133 1.3839 1.3838 1.407 1.1747 1.1763 1.4071 1.1748 1.1745
457 1.6276 1.3708 1.3701 1.4348 1.1797 1.18 1.4348 1.1797 1.1786
142 1.6246 1.4107 1.4107 1.4206 1.2061 1.2066 1.4206 1.2061 1.2062
243 1.5629 1.3073 1.3073 1.392 1.135 1.1354 1.3922 1.135 1.1349
342 1.6012 1.3843 1.3856 1.3821 1.1671 1.1682 1.3821 1.1675 1.1687
94 1.5146 1.3109 1.3109 1.3123 1.1095 1.1096 1.3123 1.1095 1.1096
325 1.6172 1.3534 1.3527 1.4206 1.16 1.1601 1.4197 1.16 1.16
524 1.5904 1.3938 1.3939 1.4071 1.211 1.211 1.4072 1.211 1.2111
359 1.5522 1.3222 1.3222 1.3828 1.1531 1.1535 1.3834 1.1532 1.1537
390 1.6446 1.3724 1.3732 1.4979 1.228 1.2278 1.4979 1.2279 1.2273
12 1.6218 1.3572 1.357 1.4415 1.1804 1.1794 1.4415 1.1804 1.1794
175 1.5611 1.3354 1.3362 1.4083 1.1816 1.1813 1.4082 1.1817 1.1815
225 1.6242 1.3388 1.3389 1.4174 1.1334 1.1339 1.4174 1.1334 1.1336
441 1.5999 1.3698 1.37 1.37 1.1396 1.1399 1.3701 1.1396 1.1402
143 1.5938 1.3065 1.3064 1.4195 1.132 1.132 1.4195 1.1319 1.1317
76 1.5781 1.3683 1.3695 1.4053 1.1932 1.1952 1.4053 1.1931 1.1931
161 1.5781 1.3564 1.3562 1.3865 1.1645 1.165 1.3865 1.1643 1.1657
491 1.6335 1.3723 1.3722 1.4143 1.1536 1.1533 1.4143 1.1536 1.153
61 1.7732 1.4523 1.4522 1.574 1.2533 1.2533 1.5741 1.2534 1.2547
343 1.7133 1.4383 1.4384 1.5252 1.2516 1.2515 1.5252 1.2515 1.2515
44 1.6255 1.4153 1.415 1.4513 1.2378 1.2378 1.4512 1.2384 1.2378
508 1.6454 1.3718 1.373 1.448 1.1761 1.1762 1.448 1.1762 1.1756
407 1.7738 1.5081 1.5082 1.5216 1.2564 1.2546 1.5217 1.2568 1.2563
425 1.6088 1.3545 1.3543 1.4192 1.1666 1.1666 1.4192 1.1668 1.1672
458 1.7423 1.4038 1.403 1.5311 1.1924 1.1919 1.5311 1.1922 1.1915
193 1.6212 1.3601 1.3609 1.4205 1.1609 1.1608 1.4205 1.1609 1.161
275 1.6538 1.385 1.385 1.4766 1.2056 1.2057 1.4768 1.2056 1.2054
110 1.7114 1.4017 1.4018 1.4855 1.1759 1.1761 1.4856 1.1758 1.1758
176 1.5112 1.3504 1.3502 1.3154 1.1547 1.1551 1.3155 1.1547 1.1548
308 1.5014 1.274 1.2745 1.3212 1.0937 1.0945 1.3212 1.0937 1.0935
13 1.6128 1.3324 1.3321 1.4238 1.1436 1.1438 1.4238 1.1436 1.1435
292 1.6299 1.3481 1.3455 1.385 1.102 1.1017 1.3851 1.1019 1.1012
377 1.5545 1.3866 1.3872 1.3047 1.1347 1.1348 1.3047 1.1347 1.1352
29 1.7156 1.4777 1.4793 1.4944 1.2548 1.2558 1.4949 1.2546 1.2547
344 1.7086 1.4285 1.428 1.4835 1.202 1.1977 1.4845 1.2019 1.199
459 1.6287 1.3203 1.3204 1.4549 1.1442 1.1443 1.4547 1.1443 1.144
95 1.5886 1.391 1.3906 1.3846 1.1875 1.1871 1.3846 1.1874 1.1866
244 1.6871 1.4575 1.458 1.4898 1.2606 1.2619 1.4901 1.2605 1.2616
162 1.7862 1.5051 1.5049 1.5029 1.2206 1.2207 1.5029 1.2206 1.2208
426 1.5863 1.3382 1.338 1.3749 1.1266 1.1268 1.3749 1.1264 1.1267
45 1.6669 1.4023 1.4023 1.4103 1.1468 1.1471 1.4115 1.1468 1.1474
260 1.5365 1.3019 1.3026 1.3635 1.1295 1.1314 1.3635 1.1295 1.1291
360 1.5757 1.3243 1.3244 1.3601 1.1088 1.1087 1.3601 1.1099 1.109
276 1.6225 1.3973 1.3973 1.3947 1.1694 1.1695 1.3946 1.1694 1.1696
492 1.7337 1.4938 1.4938 1.4835 1.245 1.2455 1.4834 1.2448 1.245
62 1.5571 1.36 1.3599 1.3408 1.1432 1.1431 1.3408 1.1432 1.1432
473 1.7445 1.4888 1.4878 1.472 1.2173 1.2176 1.472 1.2159 1.2158
111 1.548 1.3281 1.3278 1.3219 1.1018 1.1016 1.3223 1.1018 1.1018
509 1.5833 1.3847 1.3847 1.4102 1.2124 1.2125 1.4103 1.2124 1.2124
309 1.6939 1.4234 1.4248 1.4922 1.2211 1.2211 1.4926 1.2212 1.2211
210 1.6112 1.3261 1.3269 1.4445 1.1597 1.1613 1.4448 1.1595 1.1603
460 1.5352 1.2815 1.2816 1.3846 1.1319 1.1319 1.3847 1.1319 1.1318
525 1.7191 1.3952 1.395 1.5165 1.1894 1.1894 1.5165 1.1894 1.1885
194 1.6203 1.4057 1.4055 1.4004 1.1858 1.1844 1.4004 1.1852 1.1865
126 1.6311 1.3682 1.3682 1.4275 1.1668 1.1669 1.4275 1.1663 1.1664
77 1.5313 1.3301 1.3301 1.3739 1.1732 1.1726 1.3738 1.1733 1.1723
293 1.4616 1.2616 1.2622 1.319 1.121 1.122 1.319 1.1211 1.1218
144 1.6897 1.4324 1.4319 1.4701 1.2083 1.2081 1.4701 1.2083 1.2072
378 1.6147 1.3341 1.3342 1.4288 1.1466 1.1472 1.4289 1.1467 1.147
310 1.5213 1.3334 1.3333 1.3411 1.1538 1.1536 1.3411 1.1538 1.1535
442 1.5368 1.3153 1.3156 1.374 1.1533 1.154 1.374 1.1531 1.1537
391 1.6081 1.3642 1.3635 1.4257 1.1802 1.1797 1.4256 1.1802 1.1767
14 1.5068 1.3258 1.3256 1.3234 1.1423 1.1432 1.3233 1.1423 1.1419
63 1.593 1.4309 1.4308 1.3571 1.1965 1.1963 1.357 1.1964 1.1993
46 1.5283 1.3277 1.3267 1.3141 1.1141 1.1143 1.3141 1.1141 1.1142
461 1.4995 1.2988 1.2988 1.3453 1.1439 1.1441 1.3453 1.1439 1.1438
245 1.5089 1.3318 1.3319 1.3371 1.1611 1.1612 1.337 1.1611 1.1611
474 1.6165 1.3472 1.3466 1.3926 1.1253 1.1248 1.3925 1.1247 1.1249
163 1.6793 1.439 1.4397 1.4705 1.225 1.2253 1.4705 1.225 1.225
408 1.5117 1.2645 1.2643 1.3803 1.1346 1.1346 1.3803 1.1345 1.134
112 1.5979 1.3706 1.3705 1.3776 1.1492 1.1494 1.3776 1.1492 1.1491
177 1.5866 1.376 1.3762 1.3627 1.1526 1.1528 1.3628 1.1528 1.1528
493 1.6645 1.4174 1.4172 1.4476 1.1992 1.1992 1.4474 1.1985 1.1993
277 1.6974 1.3834 1.3835 1.4885 1.1786 1.1787 1.4885 1.1789 1.1784
361 1.7174 1.4456 1.4472 1.4895 1.2201 1.2204 1.4893 1.2202 1.2207
211 1.6328 1.4057 1.4057 1.4164 1.1887 1.1889 1.4157 1.1889 1.1894
195 1.5531 1.3599 1.3596 1.3701 1.1766 1.176 1.3701 1.1765 1.1764
145 1.5629 1.3379 1.3385 1.3414 1.115 1.1154 1.3414 1.115 1.115
345 1.678 1.4721 1.4711 1.4383 1.2297 1.2303 1.4382 1.2304 1.2307
510 1.6688 1.4242 1.4241 1.418 1.1739 1.1732 1.4185 1.1747 1.1746
47 1.599 1.3363 1.3362 1.4199 1.1574 1.1573 1.4199 1.1574 1.1573
261 1.6341 1.4147 1.415 1.4107 1.1927 1.1936 1.4106 1.193 1.1921
526 1.5494 1.2828 1.2831 1.3904 1.1252 1.1258 1.3904 1.1261 1.125
326 1.5715 1.3393 1.3394 1.3697 1.1412 1.1403 1.3698 1.1411 1.1411
64 1.6162 1.3602 1.3601 1.4114 1.1571 1.1571 1.4117 1.1572 1.1579
78 1.6691 1.4338 1.4337 1.4301 1.194 1.1941 1.43 1.1942 1.194
15 1.5422 1.2925 1.293 1.3728 1.1216 1.1218 1.373 1.1214 1.1216
226 1.7117 1.4517 1.4513 1.4509 1.1882 1.1879 1.451 1.1882 1.1878
462 1.536 1.3493 1.3493 1.3463 1.1596 1.1595 1.3463 1.1596 1.1597
311 1.6451 1.3931 1.3939 1.4156 1.1643 1.1647 1.4156 1.1642 1.164
379 1.645 1.4358 1.4361 1.4163 1.2071 1.2074 1.4161 1.207 1.207
392 1.6479 1.4142 1.4149 1.4139 1.1795 1.18 1.4136 1.1793 1.1801
178 1.5991 1.2784 1.2787 1.4262 1.1068 1.1069 1.4262 1.1068 1.1069
30 1.7864 1.4891 1.4883 1.5425 1.2406 1.2416 1.5425 1.2405 1.2408
409 1.5745 1.3364 1.3363 1.3969 1.1605 1.1605 1.3968 1.1606 1.1606
278 1.6546 1.3729 1.373 1.4415 1.1613 1.1614 1.4415 1.1613 1.1618
127 1.7097 1.4587 1.4589 1.4752 1.224 1.2247 1.4753 1.2234 1.2236
362 1.6607 1.4517 1.4518 1.3846 1.1752 1.1758 1.3844 1.1753 1.1755
146 1.7278 1.5225 1.5225 1.47 1.2642 1.2645 1.47 1.2641 1.2659
443 1.6643 1.4071 1.4079 1.4579 1.2018 1.2017 1.4576 1.2017 1.2025
494 1.7479 1.4217 1.4211 1.51 1.1825 1.1816 1.51 1.1824 1.1825
475 1.5398 1.2962 1.2961 1.3561 1.1128 1.1129 1.3561 1.1131 1.1132
511 1.4589 1.2196 1.2196 1.3412 1.1027 1.1027 1.3414 1.1022 1.1027
164 1.6161 1.3908 1.3909 1.4031 1.1774 1.1796 1.4029 1.1774 1.179
212 1.5918 1.3184 1.3185 1.4193 1.1471 1.1469 1.4193 1.1479 1.148
346 1.5987 1.3147 1.3148 1.4302 1.1463 1.1463 1.4301 1.1463 1.1465
527 1.6749 1.3882 1.3874 1.4635 1.1775 1.1767 1.4636 1.1772 1.1775
262 1.6129 1.3389 1.3389 1.4055 1.1335 1.1333 1.4055 1.1335 1.1334
48 1.515 1.27 1.27 1.3735 1.1289 1.1287 1.3735 1.1288 1.1288
79 1.8221 1.5069 1.5067 1.6389 1.3246 1.3236 1.6386 1.3246 1.3245
444 1.6397 1.3927 1.3924 1.4065 1.1612 1.1618 1.4061 1.1612 1.162
463 1.5605 1.3475 1.3483 1.3882 1.1759 1.1774 1.3882 1.1759 1.1763
294 1.7411 1.493 1.493 1.4813 1.2307 1.231 1.4812 1.2334 1.2308
246 1.5764 1.393 1.3946 1.3577 1.1757 1.1767 1.3576 1.1757 1.1749
380 1.5502 1.3753 1.376 1.3478 1.1726 1.1724 1.3478 1.1733 1.1726
279 1.6031 1.3806 1.3807 1.4156 1.1924 1.1925 1.4156 1.1926 1.1931
227 1.7736 1.4189 1.4189 1.5704 1.2151 1.2153 1.571 1.2149 1.215
147 1.4715 1.3206 1.3203 1.2715 1.1212 1.1209 1.2715 1.1201 1.1199
476 1.5383 1.3077 1.3074 1.3758 1.1457 1.1454 1.3757 1.1456 1.1455
327 1.6034 1.4139 1.4135 1.3502 1.1628 1.1649 1.3504 1.1628 1.1633
410 1.5081 1.2824 1.2825 1.3304 1.107 1.1072 1.3303 1.1071 1.1073
65 1.6264 1.3503 1.3504 1.425 1.1485 1.1484 1.4248 1.1487 1.1492
427 1.6124 1.3464 1.3466 1.4064 1.1411 1.142 1.4064 1.1422 1.14
347 1.6392 1.3249 1.325 1.4544 1.1389 1.1398 1.4544 1.139 1.1392
179 1.5963 1.3669 1.3668 1.3772 1.147 1.1469 1.3772 1.1478 1.1468
128 1.4776 1.3032 1.3027 1.2763 1.1012 1.1017 1.2763 1.1012 1.101
96 1.5801 1.3309 1.3279 1.3941 1.1454 1.1433 1.393 1.147 1.1447
31 1.579 1.3549 1.3556 1.4013 1.1776 1.1788 1.4012 1.1776 1.1773
363 1.5911 1.3833 1.3833 1.3135 1.1048 1.1051 1.3135 1.1047 1.1045
512 1.5373 1.3262 1.3259 1.3745 1.1648 1.1646 1.3745 1.1648 1.1642
295 1.6019 1.3691 1.3693 1.3844 1.1511 1.1514 1.384 1.1511 1.1511
263 1.5442 1.3862 1.3862 1.3355 1.1765 1.1761 1.3355 1.1762 1.1764
165 1.5484 1.342 1.3418 1.3939 1.1869 1.1862 1.3935 1.1869 1.187
213 1.6271 1.3265 1.3267 1.4685 1.1699 1.1698 1.4685 1.1698 1.1697
196 1.5453 1.3506 1.3514 1.3767 1.1804 1.1809 1.3765 1.1803 1.1805
312 1.5355 1.2978 1.2977 1.3381 1.0999 1.1002 1.3378 1.0999 1.0995
16 1.5001 1.2912 1.2922 1.3317 1.1232 1.1239 1.3321 1.1218 1.122
148 1.5265 1.3364 1.3365 1.3287 1.1396 1.1394 1.3288 1.1395 1.1395
113 1.524 1.3133 1.3119 1.3632 1.1546 1.1536 1.3632 1.154 1.1534
477 1.5494 1.3405 1.3405 1.3402 1.1312 1.1313 1.3402 1.1314 1.1317
528 1.617 1.3862 1.3854 1.3838 1.1536 1.1535 1.3845 1.1538 1.1533
32 1.6494 1.3754 1.3754 1.4529 1.1805 1.1805 1.4528 1.1811 1.18
381 1.6025 1.4061 1.4063 1.3669 1.1698 1.17 1.3669 1.1697 1.17
49 1.6114 1.3638 1.3635 1.3999 1.151 1.151 1.4003 1.1511 1.1509
280 1.6347 1.3964 1.3966 1.4056 1.1675 1.1687 1.4056 1.1676 1.17
364 1.5802 1.3449 1.3455 1.4043 1.1719 1.1721 1.4044 1.1719 1.1722
428 1.513 1.3068 1.3064 1.3544 1.1489 1.1486 1.3544 1.1486 1.149
313 1.5568 1.3614 1.362 1.3438 1.1471 1.1481 1.3438 1.1471 1.1474
149 1.5365 1.3147 1.3143 1.3803 1.1572 1.1573 1.3802 1.1572 1.1572
180 1.5778 1.3223 1.3222 1.3606 1.1065 1.1069 1.3606 1.1065 1.1065
214 1.5045 1.3293 1.3297 1.2955 1.1221 1.1222 1.2956 1.1221 1.1221
66 1.5615 1.3703 1.3701 1.3445 1.1545 1.1545 1.3444 1.1545 1.1563
114 1.6447 1.4589 1.459 1.3627 1.1755 1.1756 1.3627 1.1755 1.1758
80 1.6055 1.3319 1.332 1.4217 1.1476 1.1502 1.4218 1.1476 1.1493
247 1.5317 1.3241 1.3248 1.3533 1.1442 1.1442 1.3532 1.1442 1.1448
129 1.6991 1.4741 1.4741 1.4734 1.2491 1.2503 1.4735 1.2491 1.249
166 1.6568 1.4161 1.4158 1.4466 1.2056 1.2058 1.4468 1.2058 1.2056
264 1.6395 1.3752 1.3755 1.4411 1.1778 1.1777 1.4411 1.1778 1.1777
513 1.6213 1.4367 1.4368 1.3487 1.1644 1.1635 1.3487 1.1644 1.1635
33 1.5767 1.3487 1.3488 1.3945 1.1655 1.1655 1.3946 1.1655 1.1655
393 1.6506 1.381 1.3813 1.483 1.2134 1.2134 1.4831 1.2154 1.2134
296 1.5207 1.3028 1.3028 1.3542 1.1329 1.133 1.3538 1.1332 1.1329
348 1.5714 1.3193 1.3198 1.3777 1.1245 1.1248 1.3781 1.1244 1.1248
445 1.7141 1.4837 1.4834 1.4745 1.2436 1.2452 1.4747 1.2431 1.244
17 1.6028 1.3639 1.3637 1.3974 1.16 1.1598 1.3974 1.1602 1.1599
478 1.6394 1.3717 1.3716 1.4314 1.1626 1.1628 1.4313 1.1626 1.1624
115 1.5964 1.4119 1.4119 1.3527 1.1693 1.1695 1.3529 1.1702 1.1693
228 1.7067 1.4145 1.4144 1.4977 1.2056 1.2065 1.4979 1.2058 1.2065
382 1.6598 1.4228 1.4229 1.453 1.2136 1.2138 1.4532 1.2136 1.2136
281 1.5407 1.314 1.3135 1.4152 1.1888 1.188 1.4153 1.1886 1.1888
529 1.559 1.3416 1.3414 1.3616 1.1433 1.1434 1.3613 1.1432 1.1432
67 1.5869 1.4053 1.4053 1.3586 1.1811 1.1811 1.3586 1.1811 1.1811
215 1.5973 1.3729 1.3731 1.401 1.1759 1.176 1.4009 1.1759 1.1757
429 1.6784 1.3667 1.3681 1.5011 1.1862 1.1858 1.5011 1.1862 1.186
197 1.7535 1.4064 1.4064 1.5237 1.1808 1.1811 1.5235 1.1809 1.1805
181 1.551 1.314 1.314 1.3885 1.1511 1.1514 1.3885 1.1511 1.1511
495 1.6193 1.4155 1.4158 1.3971 1.194 1.1943 1.397 1.1935 1.1934
314 1.6818 1.4323 1.4321 1.4938 1.2458 1.2456 1.4938 1.2458 1.2454
464 1.4879 1.2609 1.2611 1.3281 1.1005 1.1006 1.3286 1.1007 1.1034
265 1.5722 1.3797 1.3807 1.3601 1.1683 1.1689 1.3603 1.1678 1.1683
411 1.6015 1.4337 1.4335 1.3536 1.1843 1.1843 1.3536 1.1884 1.1843
97 1.5939 1.3832 1.3833 1.3868 1.1762 1.1765 1.3869 1.1762 1.1768
116 1.5966 1.36 1.3586 1.4117 1.1762 1.1758 1.4117 1.1762 1.1755
297 1.6952 1.4406 1.4409 1.4801 1.2232 1.2232 1.48 1.223 1.2232
34 1.692 1.4179 1.4182 1.4351 1.1616 1.1619 1.4352 1.1616 1.1618
514 1.5682 1.3833 1.3836 1.354 1.1701 1.17 1.3541 1.1701 1.1705
394 1.7428 1.4152 1.415 1.499 1.1704 1.1717 1.4989 1.1704 1.1715
248 1.6701 1.3865 1.3902 1.4557 1.1737 1.1738 1.4559 1.1737 1.1737
198 1.5374 1.3159 1.3161 1.375 1.1496 1.1497 1.3748 1.1493 1.1498
216 1.5908 1.3235 1.3233 1.3826 1.1155 1.1166 1.3826 1.1155 1.1164
130 1.6218 1.373 1.373 1.4027 1.1548 1.1549 1.4029 1.1548 1.1546
479 1.6038 1.4018 1.4024 1.4064 1.2023 1.2022 1.4064 1.2023 1.2018
530 1.579 1.3373 1.3374 1.4031 1.1629 1.1629 1.4031 1.1629 1.163
229 1.6825 1.3759 1.3758 1.4876 1.1798 1.1799 1.4868 1.1801 1.18
446 1.6817 1.4904 1.4905 1.5202 1.3274 1.3282 1.52 1.3274 1.3273
349 1.5172 1.2676 1.2664 1.3888 1.1386 1.1372 1.389 1.1382 1.1373
182 1.5174 1.3012 1.3012 1.3536 1.1376 1.1377 1.3536 1.1375 1.1376
81 1.5782 1.3437 1.3436 1.3353 1.1009 1.1011 1.3353 1.1009 1.0993
68 1.5009 1.2451 1.2451 1.3355 1.0778 1.0784 1.3353 1.0778 1.0796
365 1.7964 1.475 1.475 1.5536 1.2345 1.2344 1.5535 1.2345 1.2347
383 1.6489 1.4084 1.408 1.4649 1.2311 1.2313 1.4649 1.2311 1.2311
150 1.6027 1.3503 1.351 1.4322 1.1802 1.1811 1.4322 1.18 1.1804
18 1.5984 1.3985 1.3985 1.4094 1.2105 1.2106 1.4094 1.2087 1.2107
50 1.5715 1.3633 1.3636 1.3735 1.1646 1.1652 1.3736 1.1645 1.1643
298 1.5817 1.3422 1.3418 1.406 1.165 1.1651 1.4061 1.166 1.1653
515 1.5979 1.356 1.356 1.4042 1.1633 1.1636 1.4042 1.1635 1.1634
430 1.546 1.2972 1.2967 1.3673 1.1189 1.119 1.368 1.1191 1.119
249 1.6218 1.3438 1.3438 1.4519 1.1783 1.1788 1.4519 1.1781 1.1782
167 1.6905 1.3849 1.385 1.4481 1.1427 1.1421 1.4481 1.1424 1.1425
98 1.5484 1.325 1.3251 1.33 1.1066 1.1067 1.33 1.1069 1.1075
131 1.6573 1.4233 1.4237 1.5114 1.2799 1.281 1.5111 1.2799 1.28
217 1.5615 1.3601 1.3608 1.3722 1.1696 1.1679 1.3722 1.1697 1.1698
183 1.5967 1.3426 1.3428 1.4074 1.1547 1.1554 1.4074 1.1549 1.1546
531 1.6617 1.3787 1.3788 1.4515 1.1687 1.169 1.4519 1.1687 1.1686
350 1.5791 1.3521 1.352 1.4104 1.1817 1.1818 1.4103 1.1817 1.1818
395 1.6234 1.3964 1.3965 1.4221 1.1918 1.1915 1.4221 1.1918 1.1918
328 1.6372 1.4011 1.4013 1.4185 1.1817 1.1817 1.4184 1.1816 1.1811
117 1.6073 1.3555 1.356 1.4191 1.1702 1.1707 1.4191 1.1704 1.1703
266 1.61 1.3511 1.3511 1.4126 1.1538 1.1538 1.4127 1.1537 1.1537
230 1.6478 1.3826 1.3827 1.4016 1.1353 1.1349 1.4016 1.1365 1.1351
35 1.5356 1.2559 1.2567 1.3729 1.0953 1.0966 1.3727 1.0948 1.0971
447 1.5738 1.3201 1.3201 1.3822 1.1296 1.1295 1.3822 1.1296 1.1292
51 1.7677 1.4665 1.4664 1.5205 1.2178 1.2176 1.5205 1.2178 1.2173
199 1.5144 1.3045 1.3044 1.3409 1.1314 1.1325 1.3411 1.1312 1.1313
19 1.5975 1.3454 1.346 1.3944 1.1442 1.1448 1.3944 1.1466 1.1442
384 1.6214 1.3238 1.3235 1.439 1.1432 1.1431 1.4388 1.1433 1.1433
184 1.5498 1.3361 1.3361 1.3365 1.1214 1.1217 1.3365 1.1214 1.1225
69 1.5867 1.3907 1.3907 1.3639 1.1672 1.1672 1.364 1.1671 1.1664
250 1.5858 1.3324 1.3326 1.3545 1.1025 1.1026 1.3546 1.1025 1.1027
465 1.5905 1.394 1.3938 1.3485 1.1522 1.1506 1.3484 1.1527 1.1524
82 1.6457 1.3959 1.3957 1.4274 1.1773 1.1772 1.4264 1.177 1.1764
351 1.5724 1.3501 1.3506 1.3499 1.1289 1.1297 1.3498 1.1289 1.1287
480 1.5095 1.3194 1.3194 1.2728 1.0836 1.0837 1.273 1.0817 1.0838
168 1.4835 1.2737 1.2737 1.2905 1.0819 1.0819 1.2904 1.0819 1.0819
516 1.6507 1.3536 1.3532 1.4157 1.1186 1.1185 1.4154 1.1184 1.1184
412 1.5716 1.3029 1.3033 1.4058 1.1355 1.1364 1.4058 1.1355 1.1348
299 1.6188 1.3788 1.3787 1.4171 1.1767 1.1757 1.4169 1.1768 1.1766
431 1.6226 1.3544 1.3548 1.4419 1.1743 1.1747 1.4418 1.1743 1.1744
151 1.5855 1.364 1.364 1.4056 1.1828 1.1827 1.4055 1.1828 1.1837
20 1.5731 1.3303 1.3304 1.3897 1.1418 1.1423 1.3897 1.1418 1.142
70 1.7268 1.4466 1.4468 1.5114 1.2348 1.2349 1.5114 1.2348 1.2346
496 1.62 1.3312 1.3313 1.3996 1.1109 1.1117 1.3998 1.1113 1.1107
132 1.5858 1.3761 1.3755 1.3685 1.1584 1.158 1.3684 1.1572 1.1579
200 1.6361 1.3683 1.3686 1.4349 1.1666 1.1667 1.4349 1.1666 1.1666
448 1.5783 1.3616 1.3616 1.3907 1.1727 1.1727 1.3906 1.1727 1.1725
118 1.6017 1.41 1.4108 1.367 1.1746 1.1748 1.3669 1.1749 1.1751
36 1.7378 1.4468 1.4473 1.5212 1.2288 1.2293 1.521 1.2286 1.2292
251 1.6153 1.3041 1.3039 1.4094 1.0987 1.0999 1.4089 1.0987 1.0986
282 1.6296 1.3713 1.3713 1.4238 1.1671 1.1674 1.4237 1.1661 1.1671
185 1.4687 1.226 1.226 1.3324 1.0909 1.0908 1.3324 1.0909 1.0907
83 1.5383 1.2887 1.2893 1.3571 1.1073 1.107 1.3572 1.1073 1.1083
99 1.6136 1.3265 1.327 1.4342 1.1483 1.1483 1.434 1.1482 1.148
169 1.5044 1.3332 1.3332 1.3344 1.1632 1.1631 1.3342 1.1633 1.163
366 1.6612 1.4416 1.4446 1.4081 1.1915 1.1913 1.4081 1.1915 1.191
449 1.5542 1.3429 1.3425 1.3502 1.1381 1.1374 1.3502 1.1381 1.1378
119 1.5814 1.3371 1.3371 1.3871 1.1431 1.1432 1.3871 1.1431 1.1431
481 1.5739 1.3893 1.389 1.391 1.2073 1.2072 1.391 1.2074 1.2065
517 1.7097 1.4007 1.4008 1.5016 1.1924 1.1926 1.5015 1.1922 1.1921
532 1.5583 1.3181 1.3182 1.4085 1.1679 1.168 1.4086 1.168 1.1672
218 1.5619 1.3511 1.351 1.35 1.139 1.1394 1.3491 1.138 1.1388
385 1.6164 1.3556 1.3551 1.4604 1.201 1.2008 1.4604 1.2008 1.2004
186 1.4714 1.2544 1.253 1.2998 1.0832 1.0824 1.2998 1.0836 1.0823
37 1.6638 1.4068 1.4068 1.4766 1.2234 1.2242 1.4766 1.2234 1.2241
71 1.6255 1.3785 1.3784 1.4475 1.2009 1.2011 1.4475 1.2009 1.2009
52 1.6484 1.4065 1.4098 1.4481 1.2106 1.2107 1.449 1.2107 1.2109
352 1.5797 1.3483 1.3493 1.3955 1.1652 1.1657 1.3954 1.1652 1.1648
329 1.5188 1.3334 1.3348 1.3367 1.1544 1.156 1.3368 1.1543 1.1563
252 1.4713 1.255 1.2549 1.3272 1.1102 1.1102 1.3272 1.1102 1.1103
497 1.5049 1.3142 1.3138 1.2763 1.0859 1.0858 1.2765 1.086 1.086
84 1.4783 1.2661 1.2658 1.3153 1.1032 1.1035 1.3156 1.1032 1.1033
201 1.5765 1.3655 1.3658 1.3704 1.1628 1.1625 1.3703 1.1628 1.162
231 1.6816 1.4201 1.4205 1.4317 1.1706 1.1709 1.4315 1.1711 1.1691
518 1.7372 1.4805 1.4805 1.4883 1.2329 1.2328 1.4883 1.2329 1.2329
100 1.6403 1.376 1.3766 1.3846 1.1211 1.1204 1.3852 1.1211 1.121
413 1.6673 1.3959 1.3958 1.4417 1.1717 1.1703 1.4409 1.1739 1.1716
21 1.5787 1.3497 1.3497 1.3527 1.1228 1.1223 1.3524 1.1229 1.1232
267 1.6202 1.3411 1.3414 1.3867 1.1083 1.1077 1.3866 1.1077 1.107
450 1.7965 1.5326 1.5327 1.5668 1.3032 1.3033 1.567 1.3032 1.3025
152 1.6124 1.3279 1.3291 1.434 1.1511 1.1511 1.4334 1.1511 1.15
315 1.5809 1.3958 1.396 1.3773 1.1921 1.1908 1.3763 1.1915 1.1886
330 1.5376 1.3703 1.3702 1.3155 1.1473 1.1473 1.3154 1.1472 1.1472
353 1.6223 1.4395 1.4409 1.3899 1.2087 1.2096 1.3898 1.2087 1.2092
72 1.7293 1.472 1.4722 1.508 1.2509 1.2513 1.5079 1.251 1.251
170 1.552 1.3056 1.3058 1.3768 1.1337 1.1338 1.3761 1.1338 1.1345
187 1.5578 1.3097 1.3086 1.3818 1.135 1.1345 1.3818 1.1354 1.1346
283 1.5696 1.356 1.3561 1.3725 1.1575 1.1576 1.3724 1.1575 1.1575
133 1.637 1.3655 1.3656 1.4474 1.1758 1.1763 1.4472 1.1741 1.1762
386 1.7919 1.4698 1.4696 1.6099 1.2871 1.288 1.61 1.2871 1.2874
38 1.622 1.4045 1.4038 1.4229 1.2058 1.2051 1.4229 1.2058 1.2059
432 1.6344 1.4005 1.3997 1.4656 1.229 1.2286 1.4651 1.2291 1.2284
482 1.4448 1.2353 1.2351 1.294 1.0831 1.0831 1.2941 1.0831 1.083
53 1.6709 1.3861 1.3851 1.4545 1.1661 1.1651 1.4543 1.1661 1.1654
498 1.7277 1.4736 1.472 1.5241 1.2705 1.2706 1.5241 1.2705 1.2695
202 1.6447 1.3799 1.3812 1.4131 1.1475 1.1482 1.4119 1.1475 1.1478
22 1.6869 1.4227 1.4237 1.4707 1.2052 1.2068 1.4706 1.2053 1.206
232 1.7501 1.4665 1.4689 1.4983 1.2139 1.2144 1.4982 1.2139 1.2151
414 1.6072 1.3896 1.3883 1.3752 1.1569 1.1559 1.3751 1.157 1.1574
451 1.4644 1.2997 1.2997 1.2482 1.0838 1.0837 1.2481 1.0839 1.0837
85 1.7835 1.503 1.5031 1.5281 1.2478 1.2481 1.5282 1.2479 1.248
268 1.7592 1.5302 1.5301 1.5157 1.2875 1.2873 1.5157 1.2875 1.2872
120 1.6451 1.374 1.3738 1.4898 1.2174 1.2177 1.4897 1.2174 1.217
153 1.6028 1.3939 1.3933 1.4405 1.2324 1.2319 1.4404 1.2322 1.2339
396 1.626 1.366 1.3655 1.4929 1.2358 1.2381 1.4927 1.2346 1.2367
367 1.6648 1.3736 1.3736 1.5206 1.2306 1.2307 1.5208 1.2306 1.2339
134 1.7486 1.4962 1.4966 1.5291 1.2753 1.2754 1.5291 1.2753 1.2757
171 1.502 1.2815 1.2815 1.3605 1.1405 1.1407 1.3605 1.1402 1.1404
300 1.4855 1.2661 1.2655 1.2982 1.0795 1.0799 1.298 1.0795 1.0773
188 1.5614 1.3364 1.3364 1.385 1.1598 1.1599 1.3849 1.1598 1.1598
284 1.5279 1.3123 1.3123 1.3665 1.1521 1.1521 1.3665 1.1521 1.1513
73 1.4817 1.2902 1.29 1.327 1.1349 1.1348 1.3269 1.1349 1.1345
39 1.6478 1.3779 1.3778 1.4417 1.1706 1.171 1.442 1.1704 1.1715
331 1.6604 1.4035 1.4049 1.4483 1.1907 1.1919 1.4482 1.1894 1.1909
433 1.5636 1.2917 1.2921 1.4142 1.1424 1.1428 1.4142 1.1424 1.1426
269 1.5433 1.3166 1.3164 1.3549 1.1271 1.1268 1.3549 1.1272 1.1272
519 1.647 1.3631 1.3629 1.4191 1.1356 1.1353 1.4193 1.1357 1.1356
499 1.591 1.3511 1.3531 1.408 1.169 1.1663 1.408 1.1682 1.1667
253 1.5912 1.385 1.3848 1.3376 1.1315 1.1301 1.3374 1.1315 1.1309
387 1.5086 1.2861 1.2867 1.2913 1.0703 1.0709 1.2913 1.0702 1.071
533 1.656 1.3936 1.396 1.4171 1.1532 1.1546 1.4169 1.154 1.1532
203 1.6203 1.3918 1.3917 1.4004 1.1738 1.1738 1.4003 1.1737 1.1732
101 1.6874 1.3735 1.3737 1.4709 1.1558 1.1562 1.4708 1.1557 1.1554
368 1.5579 1.3297 1.3294 1.3368 1.1073 1.1071 1.3369 1.1074 1.1076
233 1.499 1.3013 1.3012 1.3098 1.1131 1.1128 1.3091 1.1131 1.1129
397 1.5588 1.3475 1.3477 1.3746 1.1628 1.1629 1.3745 1.1628 1.1629
86 1.5811 1.332 1.3322 1.3897 1.1393 1.1397 1.3897 1.1393 1.1392
54 1.6052 1.3854 1.3855 1.4104 1.191 1.1915 1.4103 1.1906 1.1915
23 1.6299 1.3735 1.3747 1.427 1.1722 1.1722 1.427 1.1722 1.172
466 1.5937 1.2788 1.2791 1.44 1.1268 1.1267 1.4388 1.1265 1.1264
483 1.6552 1.4685 1.462 1.4277 1.24 1.236 1.4277 1.24 1.2318
415 1.6185 1.4202 1.4201 1.3924 1.196 1.1956 1.3925 1.196 1.1953
520 1.6517 1.4134 1.413 1.3928 1.1493 1.1492 1.3928 1.1492 1.1491
219 1.6106 1.3074 1.3081 1.4479 1.1459 1.1498 1.4483 1.1463 1.1461
121 1.5368 1.2938 1.294 1.3709 1.129 1.1295 1.3707 1.1296 1.129
40 1.5315 1.3001 1.3003 1.3728 1.1399 1.1395 1.3728 1.1398 1.1399
301 1.5636 1.3554 1.3563 1.3749 1.1663 1.1667 1.3747 1.1655 1.1661
434 1.6632 1.4153 1.4152 1.4374 1.1903 1.1905 1.4373 1.1903 1.1898
398 1.6483 1.3903 1.3905 1.4239 1.1663 1.1662 1.4239 1.1663 1.1661
189 1.5624 1.325 1.3253 1.3634 1.1256 1.1257 1.3634 1.1255 1.1257
285 1.5346 1.3026 1.3022 1.3703 1.1368 1.1368 1.3704 1.1366 1.1368
102 1.611 1.3567 1.3567 1.4012 1.1487 1.1487 1.4012 1.1486 1.1487
534 1.6501 1.3734 1.3737 1.44 1.1656 1.1658 1.44 1.1659 1.1647
500 1.7314 1.4184 1.4185 1.5594 1.2475 1.2475 1.5596 1.2474 1.2476
332 1.5457 1.3411 1.3412 1.3509 1.146 1.1459 1.3509 1.146 1.1462
87 1.4967 1.3283 1.33 1.3051 1.1366 1.137 1.3052 1.1364 1.137
204 1.6411 1.3888 1.3888 1.4726 1.2207 1.2206 1.4725 1.22 1.2217
220 1.5954 1.3855 1.3856 1.423 1.2101 1.2106 1.4229 1.2101 1.2101
416 1.4492 1.2821 1.2821 1.3213 1.1552 1.1553 1.3213 1.1553 1.1553
484 1.5425 1.3174 1.3176 1.3897 1.1648 1.1659 1.3897 1.1649 1.1659
399 1.5327 1.3007 1.3007 1.3857 1.1524 1.1524 1.3857 1.1524 1.1525
369 1.7209 1.4796 1.4773 1.4597 1.2227 1.2185 1.4597 1.223 1.2179
172 1.5316 1.3396 1.3394 1.3175 1.125 1.1265 1.3175 1.125 1.1241
103 1.5774 1.3764 1.3762 1.3887 1.186 1.1848 1.3889 1.186 1.186
388 1.6129 1.3776 1.3774 1.4149 1.1795 1.1796 1.4148 1.1794 1.1794
234 1.5744 1.3669 1.3677 1.4049 1.1963 1.1987 1.4048 1.196 1.1967
24 1.6017 1.3823 1.3821 1.423 1.2046 1.205 1.423 1.2046 1.2046
316 1.6131 1.4114 1.4117 1.369 1.1661 1.1664 1.3691 1.1654 1.1662
535 1.6838 1.4801 1.4803 1.4504 1.2466 1.2473 1.4504 1.2465 1.2467
154 1.4448 1.2127 1.2134 1.3254 1.0935 1.0944 1.3254 1.0949 1.0938
104 1.538 1.2973 1.2975 1.3377 1.1009 1.1008 1.3378 1.1009 1.1009
333 1.6456 1.4318 1.4317 1.4237 1.2077 1.2082 1.4243 1.2077 1.2075
302 1.656 1.3882 1.3882 1.4236 1.158 1.1581 1.4238 1.1582 1.1579
270 1.6709 1.3664 1.3668 1.5016 1.1982 1.1982 1.5017 1.198 1.1977
452 1.6596 1.3938 1.3944 1.4852 1.2211 1.2211 1.4844 1.2211 1.2211
122 1.5485 1.308 1.3088 1.3574 1.1167 1.117 1.3582 1.1164 1.1166
135 1.4764 1.2637 1.2639 1.3156 1.1015 1.1023 1.3156 1.1014 1.103
88 1.7285 1.3808 1.3806 1.5186 1.1704 1.1704 1.5184 1.1703 1.1705
417 1.5675 1.3211 1.3217 1.3846 1.1388 1.1389 1.3843 1.1388 1.1388
173 1.403 1.2808 1.2798 1.2266 1.1056 1.1044 1.2267 1.1056 1.104
354 1.7039 1.353 1.355 1.5588 1.21 1.2091 1.5589 1.2113 1.2081
370 1.5129 1.308 1.3088 1.2981 1.0935 1.094 1.2981 1.0933 1.094
485 1.8659 1.5606 1.5603 1.5815 1.2745 1.2742 1.5809 1.2745 1.2742
254 1.695 1.4387 1.4388 1.4162 1.1611 1.1612 1.416 1.1612 1.1606
435 1.5943 1.3467 1.3469 1.3685 1.1206 1.1206 1.3685 1.1207 1.1201
55 1.6049 1.3681 1.368 1.3643 1.1286 1.1282 1.365 1.1286 1.128
303 1.6025 1.3788 1.3786 1.4279 1.2038 1.2038 1.428 1.2038 1.2038
105 1.6415 1.399 1.3991 1.4209 1.1779 1.1777 1.4209 1.1779 1.1779
334 1.801 1.5065 1.5057 1.5942 1.3014 1.3015 1.5942 1.3015 1.3017
286 1.5611 1.3096 1.3095 1.403 1.1513 1.1508 1.403 1.1512 1.1507
317 1.6593 1.3597 1.3595 1.4596 1.1581 1.1584 1.4594 1.1581 1.1583
89 1.6384 1.3817 1.3817 1.4693 1.2135 1.2138 1.4688 1.2113 1.2136
136 1.6695 1.4155 1.417 1.4518 1.2 1.2011 1.4517 1.2 1.201
155 1.6986 1.4319 1.4326 1.5328 1.2665 1.2678 1.5329 1.2663 1.2668
221 1.6278 1.429 1.429 1.3919 1.1933 1.1933 1.3919 1.1933 1.1925
56 1.5788 1.338 1.338 1.3563 1.1141 1.1142 1.3563 1.1141 1.114
355 1.5339 1.3646 1.3647 1.307 1.1354 1.1354 1.3069 1.1354 1.1354
536 1.6695 1.451 1.4512 1.4166 1.1996 1.2002 1.4166 1.1993 1.2
271 1.6304 1.3959 1.3958 1.4237 1.1882 1.1885 1.4238 1.1884 1.1885
436 1.6595 1.403 1.4029 1.4047 1.1507 1.1508 1.4047 1.1507 1.1507
400 1.6445 1.3744 1.3743 1.4465 1.1768 1.1782 1.4462 1.1767 1.1761
453 1.6581 1.409 1.4093 1.4232 1.1723 1.1725 1.4224 1.172 1.1724
205 1.5341 1.2813 1.2792 1.3678 1.1148 1.1146 1.3678 1.1146 1.112
235 1.506 1.3027 1.303 1.2936 1.0916 1.0928 1.2936 1.0917 1.0919
501 1.4931 1.2503 1.25 1.3659 1.1218 1.1218 1.3657 1.1219 1.1218
304 1.5943 1.3386 1.3387 1.3917 1.1342 1.1341 1.3918 1.1341 1.1338
123 1.608 1.3516 1.3519 1.3954 1.1418 1.1419 1.3931 1.1417 1.1422
486 1.4085 1.2383 1.2384 1.2493 1.0792 1.0791 1.2491 1.0792 1.0792
106 1.5595 1.3221 1.3227 1.3641 1.1299 1.1305 1.3641 1.1299 1.1303
371 1.6298 1.4007 1.4007 1.3896 1.162 1.162 1.3897 1.162 1.1622
287 1.7144 1.5063 1.5066 1.4612 1.2546 1.2544 1.4612 1.2546 1.2545
222 1.6292 1.3644 1.3646 1.3548 1.0897 1.0902 1.3547 1.0898 1.0894
467 1.5903 1.3155 1.3156 1.4094 1.1354 1.1352 1.4094 1.1372 1.1353
156 1.634 1.3973 1.397 1.3986 1.1596 1.1598 1.3986 1.1595 1.1597
418 1.6807 1.4085 1.4087 1.4096 1.1362 1.1366 1.4091 1.1362 1.1361
401 1.6543 1.4458 1.4456 1.4204 1.2153 1.216 1.4205 1.2153 1.2159
454 1.618 1.3477 1.3497 1.3718 1.1029 1.1046 1.3718 1.1029 1.1047
255 1.629 1.3808 1.3809 1.4001 1.1529 1.1537 1.4002 1.1528 1.1535
502 1.5238 1.2685 1.2694 1.3877 1.1317 1.1316 1.3876 1.1316 1.1316
236 1.5087 1.2292 1.2283 1.3791 1.0984 1.0984 1.3792 1.0984 1.0981
206 1.5251 1.3168 1.3169 1.3407 1.1314 1.1324 1.3407 1.1313 1.1321
419 1.7752 1.4619 1.4626 1.5596 1.248 1.2478 1.5596 1.248 1.248
487 1.4711 1.2895 1.2895 1.3013 1.1177 1.1174 1.3004 1.1177 1.1174
402 1.4998 1.298 1.298 1.3103 1.1076 1.1077 1.3103 1.1076 1.1082
305 1.5618 1.3631 1.3651 1.3553 1.1598 1.1598 1.3549 1.1598 1.1606
288 1.5711 1.3665 1.3665 1.3767 1.1699 1.1702 1.3766 1.1699 1.1701
237 1.5211 1.267 1.2672 1.3801 1.1269 1.1279 1.3803 1.1269 1.1275
468 1.524 1.2822 1.282 1.3661 1.1221 1.1221 1.366 1.1222 1.1219
335 1.7119 1.4345 1.4344 1.5255 1.2468 1.2471 1.5255 1.2469 1.2472
90 1.7272 1.4814 1.4809 1.5053 1.2601 1.2598 1.5054 1.2601 1.2593
318 1.5411 1.3307 1.3305 1.3834 1.1728 1.1731 1.3833 1.1734 1.1717
437 1.6136 1.3725 1.3724 1.4445 1.2037 1.2036 1.4445 1.2018 1.2027
137 1.5916 1.3552 1.3553 1.4238 1.1876 1.1876 1.4231 1.1869 1.1908
57 1.5781 1.3454 1.3455 1.3828 1.1489 1.1494 1.3825 1.1492 1.1486
272 1.8619 1.4942 1.4947 1.5999 1.2319 1.232 1.5999 1.231 1.2323
537 1.5688 1.2751 1.2754 1.3909 1.0975 1.0979 1.3911 1.0962 1.0979
503 1.6523 1.3892 1.3893 1.4542 1.1884 1.1883 1.4538 1.1891 1.1881
420 1.7243 1.467 1.4669 1.5466 1.292 1.2917 1.5488 1.2917 1.2919
238 1.5135 1.2832 1.2835 1.3271 1.0962 1.0966 1.3272 1.0976 1.0968
469 1.5322 1.3086 1.3086 1.3493 1.1266 1.1275 1.3493 1.1265 1.1271
438 1.5676 1.36 1.3603 1.3995 1.193 1.193 1.3995 1.193 1.193
138 1.5579 1.3745 1.3746 1.3605 1.1771 1.1774 1.3604 1.1759 1.1761
403 1.5911 1.3782 1.3782 1.3733 1.1626 1.1627 1.3733 1.1625 1.1624
319 1.5708 1.3279 1.328 1.3803 1.1403 1.1403 1.3803 1.1402 1.1394
470 1.6222 1.3804 1.3801 1.4452 1.2033 1.2043 1.4452 1.2031 1.2036
289 1.6192 1.3522 1.3522 1.4252 1.1584 1.1575 1.4251 1.1585 1.156
421 1.5204 1.3384 1.3381 1.3278 1.1439 1.1445 1.3278 1.1439 1.1441
404 1.5785 1.3429 1.3434 1.4097 1.1727 1.1739 1.4097 1.1727 1.1733
504 1.5998 1.3604 1.3607 1.4333 1.1948 1.1941 1.4331 1.1929 1.1949
239 1.6531 1.3898 1.3898 1.4561 1.1926 1.1928 1.4576 1.1927 1.1923
320 1.6951 1.3938 1.3938 1.4865 1.1856 1.1854 1.4866 1.1856 1.1856
471 1.5813 1.3968 1.3973 1.3456 1.1617 1.1585 1.3429 1.1608 1.1595
405 1.6552 1.3973 1.3975 1.4271 1.1695 1.1695 1.4272 1.1695 1.1696
321 1.6072 1.3637 1.3636 1.4193 1.1758 1.1766 1.4193 1.176 1.1765
336 1.5234 1.3213 1.3223 1.3173 1.1182 1.1183 1.3172 1.1177 1.1176
139 1.6808 1.4266 1.4278 1.5 1.2469 1.2468 1.5 1.2468 1.2497
337 1.5857 1.3628 1.3632 1.3957 1.1725 1.1724 1.3956 1.1725 1.1726
338 1.4857 1.303 1.3026 1.2788 1.0962 1.0968 1.2788 1.0962 1.0964
322 1.6753 1.3929 1.3933 1.4893 1.2064 1.2082 1.4896 1.2063 1.2065
