"x"
"1" "Generate from s distribution. Repeat 530 times. The variance of residual is 0.04"
"x"
"1" "== degree of freedom:  1 =="
339 1.6652 1.0699 1.0696 1.235 0.6361 0.6358 1.2349 0.6362 0.6358
25 1.5374 1.0608 1.0603 1.095 0.6161 0.6161 1.095 0.6161 0.617
157 1.9979 1.416 1.4164 1.5436 0.96 0.9602 1.545 0.9626 0.9582
8 1.637 1.0681 1.0689 1.1933 0.6469 0.6461 1.1933 0.6469 0.6462
91 1.8436 1.316 1.3161 1.3366 0.8029 0.8029 1.3367 0.8018 0.8031
223 1.6884 1.1702 1.1693 1.231 0.7006 0.6985 1.2311 0.6983 0.6993
422 1.7832 1.1799 1.1802 1.2611 0.6535 0.6535 1.261 0.6545 0.6535
521 1.5444 1.0125 1.0125 1.1261 0.5961 0.5965 1.1261 0.5966 0.5961
190 1.6875 1.1665 1.1659 1.1669 0.6569 0.6577 1.1668 0.6569 0.6574
240 1.7017 1.2082 1.2082 1.1862 0.6969 0.697 1.1864 0.6969 0.7024
207 1.5565 1.069 1.0691 1.0936 0.6076 0.6072 1.0936 0.6077 0.6076
174 2.0265 1.3474 1.3491 1.4529 0.7809 0.7801 1.4531 0.7803 0.7808
58 1.4812 1.0092 1.0092 1.0924 0.6236 0.6246 1.0924 0.6243 0.6241
256 1.7425 1.1227 1.1242 1.2962 0.674 0.6747 1.2972 0.674 0.6741
107 1.6816 1.1991 1.1988 1.164 0.6809 0.6815 1.164 0.6808 0.6821
423 1.6549 1.148 1.1481 1.1546 0.6458 0.6455 1.1546 0.6458 0.6463
26 1.8372 1.2638 1.2637 1.2733 0.6992 0.6994 1.2732 0.6986 0.6991
92 1.6621 1.0997 1.1002 1.246 0.6807 0.6807 1.246 0.6807 0.6808
124 1.4914 1.0383 1.0384 1.0685 0.6185 0.6186 1.0686 0.6192 0.6185
406 1.6997 1.1639 1.1639 1.2269 0.6939 0.6952 1.2269 0.6941 0.6951
9 1.8956 1.2774 1.2777 1.2608 0.6554 0.6552 1.261 0.6552 0.6552
389 1.517 1.0951 1.0951 1.0996 0.6788 0.679 1.0994 0.6781 0.6804
372 1.5782 1.129 1.1289 1.0605 0.6082 0.608 1.0605 0.6081 0.6108
158 1.7097 1.2509 1.2542 1.1333 0.6693 0.6745 1.1332 0.6693 0.669
74 1.5762 1.0451 1.0463 1.1203 0.5884 0.5885 1.1203 0.5883 0.5881
505 1.6816 1.0853 1.0836 1.3153 0.718 0.7171 1.3152 0.7173 0.7179
41 1.9157 1.3198 1.3198 1.3488 0.7584 0.7579 1.3487 0.7587 0.7578
455 2.0173 1.1785 1.1784 1.622 0.7823 0.782 1.6226 0.7821 0.7828
306 1.5434 1.0301 1.031 1.1388 0.6326 0.6322 1.1387 0.6324 0.6318
340 1.531 1.0633 1.0633 1.0974 0.6352 0.6353 1.0974 0.6365 0.6351
140 1.7099 1.2226 1.2231 1.205 0.7174 0.7173 1.2049 0.7194 0.7171
125 1.7805 1.1445 1.1449 1.3434 0.6995 0.6995 1.3434 0.6995 0.7
472 1.9554 1.2667 1.2668 1.4244 0.735 0.7372 1.4245 0.7333 0.7362
439 1.7332 1.116 1.1161 1.2727 0.6587 0.6584 1.2719 0.6571 0.6565
273 1.5071 1.0818 1.0821 1.0266 0.6014 0.6012 1.0265 0.6015 0.6015
522 1.7783 1.2299 1.2295 1.2735 0.7175 0.7176 1.2726 0.7178 0.7181
10 1.4382 1.0281 1.0282 1.0148 0.6005 0.6007 1.0148 0.6005 0.6003
373 1.4712 0.8923 0.8931 1.168 0.5897 0.5893 1.1679 0.5899 0.5893
224 2.3372 1.3657 1.3662 1.7644 0.793 0.7935 1.7641 0.7932 0.793
488 1.7962 1.2573 1.2578 1.3156 0.796 0.7939 1.3156 0.796 0.7948
191 1.5211 0.9587 0.9587 1.1754 0.6109 0.6114 1.1754 0.6128 0.6103
456 1.6739 1.2428 1.2428 1.1594 0.728 0.7281 1.1593 0.7277 0.7282
323 2.1931 1.5332 1.5329 1.4686 0.8106 0.8087 1.4678 0.8088 0.8083
257 1.4843 1.0589 1.0593 1.0455 0.6188 0.6188 1.0454 0.619 0.6181
159 1.4062 0.9699 0.9698 1.0006 0.5706 0.5704 1.0006 0.5706 0.57
27 1.9063 1.3757 1.3757 1.2743 0.7413 0.741 1.2744 0.7413 0.7427
108 1.5532 1.0342 1.0334 1.1292 0.6059 0.6053 1.1293 0.6059 0.6062
241 1.5918 1.1038 1.1044 1.0762 0.5843 0.5843 1.0761 0.5842 0.5835
307 1.5909 1.1012 1.1014 1.1165 0.6273 0.6269 1.1165 0.6277 0.6266
75 1.6996 1.1852 1.1851 1.1596 0.6457 0.6456 1.1596 0.6461 0.6462
290 1.7693 1.3239 1.3235 1.2683 0.8085 0.8072 1.2682 0.8085 0.8069
374 1.7973 1.1306 1.1306 1.354 0.6877 0.6877 1.354 0.6878 0.6875
11 1.5424 1.0013 1.0013 1.1534 0.6162 0.617 1.1533 0.6161 0.6166
208 2.3314 1.3908 1.3916 1.7394 0.7967 0.7979 1.7394 0.7959 0.7973
457 1.9758 1.484 1.4832 1.28 0.7841 0.7845 1.28 0.7848 0.7819
407 1.933 1.1798 1.1795 1.4315 0.6908 0.6897 1.4315 0.6905 0.6897
59 1.8869 1.26 1.2612 1.4054 0.7784 0.7798 1.4055 0.7783 0.7777
473 1.5092 1.023 1.0228 1.1516 0.6628 0.6647 1.1517 0.6629 0.6635
225 2.2413 1.5044 1.5049 1.5879 0.8518 0.8518 1.5872 0.8515 0.8518
76 1.4012 0.9609 0.961 1.0398 0.5952 0.595 1.0398 0.5952 0.5944
274 1.6641 1.0835 1.0836 1.2535 0.6722 0.6722 1.2535 0.6721 0.6722
141 1.518 1.0344 1.036 1.1374 0.6628 0.6631 1.1373 0.6628 0.6649
242 1.34 0.954 0.9531 0.9721 0.586 0.5855 0.9722 0.5868 0.586
160 1.7301 1.2898 1.2899 1.228 0.7832 0.7831 1.2282 0.7839 0.7828
258 1.6347 1.1094 1.1101 1.1868 0.6582 0.6585 1.1879 0.6583 0.6592
356 2.239 1.5907 1.6172 1.5144 0.877 0.877 1.5154 0.877 0.8856
28 1.6979 1.2148 1.2148 1.1698 0.688 0.6882 1.1697 0.688 0.688
506 1.5955 1.1218 1.1225 1.0883 0.6132 0.613 1.0883 0.6132 0.6164
390 1.8178 1.1896 1.1898 1.347 0.721 0.7206 1.3467 0.7208 0.7235
42 1.8435 1.3645 1.3644 1.1211 0.6466 0.649 1.12 0.6482 0.6466
341 1.7764 1.2088 1.2143 1.2192 0.668 0.6678 1.2189 0.6675 0.6669
126 1.5389 1.0747 1.0749 1.1009 0.639 0.6388 1.1007 0.6391 0.641
474 1.5805 1.0212 1.0213 1.1721 0.6187 0.619 1.1721 0.619 0.6203
93 2.0667 1.3889 1.3886 1.3721 0.6994 0.6986 1.3722 0.6985 0.6982
209 1.7723 1.2439 1.2441 1.2681 0.7417 0.741 1.2682 0.7407 0.7417
60 1.784 1.1517 1.1519 1.3642 0.733 0.7332 1.3643 0.733 0.7328
77 1.8542 1.3181 1.318 1.2605 0.7351 0.735 1.2605 0.7348 0.7351
408 1.5309 1.0841 1.0842 1.0711 0.6228 0.6228 1.0711 0.623 0.6231
324 1.8294 1.1518 1.1516 1.374 0.7035 0.7036 1.3732 0.7033 0.7027
192 1.6729 1.1319 1.1338 1.2429 0.6999 0.7002 1.2444 0.7 0.6998
175 1.7511 1.2022 1.2012 1.2267 0.671 0.6712 1.2271 0.6729 0.6713
29 1.5297 1.0458 1.0461 1.137 0.6568 0.6572 1.1361 0.6568 0.657
523 1.3968 1.0088 1.0084 0.9757 0.5882 0.5895 0.9755 0.588 0.5862
342 1.6285 1.0278 1.0278 1.2195 0.6226 0.6231 1.2195 0.6226 0.6225
507 1.6847 1.1649 1.164 1.1834 0.6713 0.6719 1.1834 0.6713 0.6711
308 1.8112 1.2628 1.2615 1.2832 0.7358 0.736 1.2832 0.7359 0.7368
94 1.7564 1.177 1.1772 1.2609 0.6894 0.6894 1.2609 0.6889 0.6895
78 1.6335 1.1164 1.1163 1.1652 0.6543 0.6542 1.1652 0.6551 0.6551
440 1.835 1.2548 1.2581 1.3199 0.7449 0.7446 1.3199 0.7448 0.7447
127 1.87 1.1723 1.1767 1.404 0.7055 0.7053 1.404 0.7055 0.7056
161 1.6922 1.1761 1.1761 1.2003 0.6877 0.6877 1.1989 0.6873 0.6879
475 1.6289 1.1228 1.1227 1.1888 0.6816 0.6813 1.1888 0.6816 0.6808
12 1.5166 0.9466 0.947 1.1882 0.6158 0.6157 1.1873 0.6159 0.616
243 1.8796 1.251 1.2507 1.3634 0.7451 0.7463 1.3634 0.7452 0.7457
43 1.7612 1.248 1.2502 1.2081 0.6935 0.6944 1.2079 0.6936 0.6951
193 1.6766 1.0428 1.0428 1.2857 0.6566 0.6569 1.2857 0.6566 0.6557
226 1.6354 1.0413 1.0436 1.2005 0.614 0.6161 1.1999 0.6164 0.6141
95 1.863 1.3073 1.307 1.3128 0.756 0.756 1.313 0.7559 0.7559
259 1.8939 1.0899 1.0898 1.4495 0.6389 0.6391 1.4498 0.6418 0.6386
109 2.3772 1.6565 1.6567 1.6276 0.902 0.902 1.6272 0.9013 0.9017
458 2.0783 1.2675 1.2675 1.5704 0.7892 0.7897 1.5726 0.7897 0.794
275 1.58 1.0479 1.0503 1.1932 0.6626 0.6623 1.1932 0.6626 0.6625
424 1.7041 1.162 1.1622 1.2269 0.6873 0.6877 1.2269 0.6902 0.6899
375 1.9218 1.1968 1.1963 1.4241 0.7077 0.7081 1.4241 0.7077 0.7069
343 1.4671 1.0442 1.0445 1.0123 0.5878 0.5878 1.0117 0.588 0.5875
176 1.5034 1.0621 1.0622 1.0998 0.6609 0.6609 1.0998 0.6608 0.6606
61 1.4975 1.0567 1.0556 1.0588 0.6202 0.6182 1.0611 0.6203 0.6188
409 1.7791 1.1804 1.1813 1.2356 0.6429 0.6438 1.2356 0.6429 0.6438
425 1.6179 1.0478 1.0476 1.2112 0.6383 0.6383 1.2111 0.6383 0.6384
291 2.1615 1.6398 1.6389 1.4902 0.9713 0.9668 1.4911 0.9667 0.9684
30 1.6873 1.1458 1.146 1.2289 0.6924 0.6924 1.2287 0.6924 0.6925
391 1.509 1.067 1.0671 1.0421 0.6032 0.6023 1.0422 0.6035 0.6031
508 1.6809 1.0974 1.0975 1.2457 0.6607 0.66 1.2457 0.6607 0.6604
476 1.8271 1.1392 1.1386 1.3874 0.6936 0.6927 1.3874 0.6927 0.6926
79 1.644 1.0715 1.0713 1.2317 0.6686 0.6689 1.2318 0.6686 0.668
260 2.0499 1.3358 1.3357 1.5459 0.8137 0.8136 1.5459 0.8138 0.8123
357 1.5115 1.0439 1.043 1.1052 0.6373 0.6378 1.1053 0.6381 0.6378
524 1.7614 1.1287 1.1292 1.253 0.6243 0.6245 1.2532 0.6241 0.6243
194 1.8154 1.275 1.2746 1.2973 0.7284 0.7271 1.2973 0.7284 0.727
210 1.9428 1.2971 1.296 1.4498 0.8035 0.804 1.4498 0.8021 0.8039
110 1.5923 1.0105 1.014 1.1919 0.6094 0.608 1.1926 0.6096 0.608
62 2.0023 1.372 1.3725 1.4796 0.8314 0.8312 1.4794 0.8314 0.8313
309 2.2038 1.3693 1.3691 1.5714 0.7618 0.7618 1.5715 0.7618 0.7608
128 2.0766 1.4358 1.4523 1.4252 0.7732 0.7718 1.4252 0.7732 0.7767
162 2.4061 1.5547 1.5514 1.7784 0.926 0.9232 1.7805 0.9285 0.9231
410 1.5771 1.0672 1.0681 1.1257 0.6222 0.6221 1.1257 0.6221 0.6215
441 1.8411 1.2696 1.2699 1.2709 0.7047 0.7049 1.2711 0.705 0.7047
177 1.6082 1.069 1.0738 1.1914 0.658 0.6579 1.1915 0.6582 0.6582
13 1.5708 1.1398 1.1393 1.0434 0.6152 0.6159 1.0434 0.615 0.6146
426 1.7775 1.2222 1.2208 1.2817 0.7169 0.7171 1.2814 0.7169 0.7177
96 1.9386 1.3645 1.365 1.329 0.7547 0.7545 1.3303 0.7558 0.7561
261 1.633 1.1517 1.1516 1.0654 0.5983 0.5981 1.0654 0.5984 0.5985
477 2.0757 1.456 1.4555 1.3696 0.7465 0.7468 1.3695 0.747 0.7472
376 1.7344 1.2081 1.2089 1.2734 0.7373 0.7385 1.2733 0.7367 0.7376
525 3.1409 2.2787 2.2787 1.8732 1.0032 0.9979 1.8735 1.0029 0.9974
358 1.6499 1.1434 1.1422 1.2021 0.6935 0.695 1.2021 0.6929 0.6945
411 1.5601 1.1044 1.1064 1.1212 0.6725 0.6725 1.1212 0.6718 0.6724
325 1.6855 1.0618 1.0622 1.2543 0.6367 0.6362 1.2538 0.6363 0.6364
489 3.6429 2.7677 2.5427 2.0634 1.1968 1.2159 2.0442 1.197 1.183
97 1.6054 1.0592 1.0595 1.1833 0.6397 0.6397 1.1833 0.6397 0.64
244 1.7845 1.2615 1.2619 1.2892 0.7652 0.7665 1.2892 0.7644 0.7645
310 1.7768 1.3043 1.3037 1.1457 0.6704 0.6695 1.144 0.6705 0.6699
392 1.6307 1.055 1.055 1.2236 0.6643 0.6646 1.2261 0.6645 0.6638
142 2.6142 2.0048 2.0033 1.6479 1.0589 1.0565 1.6566 1.071 1.0708
276 1.501 0.9997 0.9995 1.1273 0.6292 0.6293 1.1298 0.6286 0.6288
459 4.1367 1.8936 2.2839 3.2706 1.1387 1.3096 3.2726 1.4888 1.3063
44 2.0194 1.3675 1.4445 1.4014 0.762 0.7634 1.4025 0.7578 0.7596
163 1.8062 1.1993 1.1994 1.2602 0.6609 0.6609 1.2601 0.6609 0.6606
344 2.6038 1.7673 1.7813 1.8645 1.0343 1.0359 1.8677 1.0343 1.0311
31 1.6256 1.0885 1.0913 1.2201 0.6794 0.6804 1.219 0.6804 0.6848
195 1.6478 1.1547 1.1542 1.1598 0.6722 0.6724 1.1598 0.6722 0.6767
509 1.705 1.0979 1.0978 1.2402 0.6274 0.6263 1.2403 0.6268 0.6262
111 1.8081 1.2055 1.2056 1.3018 0.7083 0.7083 1.3018 0.7083 0.708
80 2.2332 1.3676 1.3694 1.7547 0.8623 0.8589 1.751 0.8622 0.8657
14 1.5811 1.0369 1.0366 1.1695 0.63 0.6294 1.1694 0.6288 0.6295
164 1.5577 1.0777 1.0781 1.1581 0.6826 0.6833 1.1581 0.6826 0.6816
227 4.0037 2.9009 4.2757 4.3488 4.0481 4.3966 3.0211 2.5432 2.3779
98 1.5136 0.9823 0.9838 1.1376 0.6124 0.6124 1.1377 0.6124 0.6124
63 1.4673 1.0639 1.0639 1.0036 0.5995 0.6004 1.0035 0.602 0.5987
178 1.889 1.3143 1.3144 1.3136 0.7406 0.7404 1.3137 0.7409 0.7411
490 1.469 1.0593 1.0596 1.0477 0.6333 0.6332 1.0477 0.6334 0.6336
129 1.4833 1.0609 1.0612 1.0571 0.6405 0.6405 1.0592 0.64 0.6442
359 1.7539 1.1704 1.1711 1.3128 0.7428 0.7427 1.3124 0.7427 0.7414
478 1.6312 1.1435 1.1435 1.1617 0.6714 0.6714 1.1645 0.672 0.6705
311 1.5928 1.0508 1.0503 1.1738 0.6324 0.6318 1.1738 0.6319 0.6317
377 1.5381 1.047 1.0471 1.1126 0.6261 0.6264 1.1133 0.626 0.626
277 2.0306 1.3685 1.3712 1.4145 0.7532 0.7527 1.4147 0.7532 0.7527
393 1.4384 0.9909 0.9908 1.0403 0.5858 0.588 1.0404 0.5857 0.5851
262 1.8183 1.2475 1.248 1.4049 0.8092 0.8134 1.4063 0.8067 0.8103
143 1.8757 1.195 1.1948 1.4259 0.7455 0.7471 1.4256 0.7458 0.7476
526 1.6747 1.2055 1.2059 1.144 0.6778 0.6772 1.144 0.6778 0.6774
32 1.5285 0.9592 0.9592 1.1306 0.5615 0.5621 1.1307 0.5615 0.5625
112 1.7622 1.2293 1.2294 1.3064 0.7686 0.7691 1.3064 0.7686 0.7702
491 1.4527 1.0561 1.056 0.9919 0.5955 0.5959 0.9917 0.5946 0.5952
211 1.8439 1.2733 1.2752 1.314 0.7434 0.7442 1.314 0.7437 0.7434
412 1.745 1.1589 1.1592 1.2694 0.6882 0.6913 1.2695 0.6882 0.6905
460 1.5506 1.1297 1.1293 1.1296 0.6968 0.6973 1.1289 0.6968 0.6979
427 2.0565 1.3785 1.3805 1.4113 0.7575 0.7563 1.4108 0.7582 0.7571
292 1.803 1.2575 1.2684 1.2557 0.7134 0.7153 1.2552 0.7152 0.714
196 1.8866 1.3858 1.3863 1.3326 0.833 0.8335 1.3326 0.833 0.833
15 1.571 1.0685 1.0718 1.2573 0.7532 0.7536 1.2573 0.7532 0.7536
245 1.8552 1.3942 1.3936 1.2085 0.7508 0.7566 1.2086 0.751 0.7573
64 1.8806 1.2873 1.2879 1.3319 0.7431 0.747 1.332 0.7433 0.7422
527 1.8244 1.1878 1.1883 1.3439 0.7088 0.7097 1.3439 0.7088 0.7088
326 1.9042 1.166 1.1667 1.4952 0.7706 0.7703 1.4954 0.7704 0.7706
378 1.7781 1.2572 1.2573 1.1894 0.6793 0.6795 1.1894 0.6793 0.6795
81 1.877 1.317 1.3177 1.2945 0.7248 0.724 1.2948 0.7247 0.7233
165 1.9989 1.3295 1.3367 1.4072 0.7393 0.7397 1.4056 0.741 0.7429
99 1.4429 0.9387 0.94 1.0636 0.5617 0.5614 1.0635 0.5615 0.5607
113 1.8172 1.2461 1.2468 1.2739 0.7168 0.7175 1.2739 0.7165 0.7172
179 2.1715 1.4367 1.4307 1.7129 0.914 0.9142 1.7128 0.9134 0.9183
263 1.6684 1.0586 1.0586 1.2147 0.5977 0.5976 1.2147 0.5985 0.5979
461 1.4863 1.0286 1.0287 1.0683 0.6101 0.6102 1.0683 0.6101 0.6102
246 2.1489 1.4318 1.4315 1.4729 0.751 0.7509 1.4728 0.75 0.7499
528 1.7049 1.1228 1.1234 1.24 0.6608 0.6607 1.2399 0.6607 0.6628
33 1.9975 1.3692 1.3677 1.3381 0.7222 0.723 1.3381 0.7243 0.7225
442 1.593 1.0698 1.0705 1.2074 0.6865 0.6887 1.2065 0.6857 0.6863
278 1.4634 1.0258 1.0257 1.0384 0.5915 0.5914 1.0384 0.593 0.5918
247 1.5999 1.0634 1.0639 1.2001 0.6626 0.6631 1.2001 0.6626 0.6641
529 1.4113 0.9993 0.9991 1.0466 0.6365 0.6366 1.0466 0.6364 0.6363
114 1.8514 1.3515 1.3514 1.2147 0.7154 0.7162 1.2147 0.7148 0.7153
492 1.9181 1.3059 1.3059 1.3613 0.747 0.7467 1.3614 0.7469 0.7493
100 1.7778 1.143 1.1432 1.3249 0.6903 0.6896 1.3249 0.6909 0.6903
228 1.7344 1.1949 1.1948 1.2402 0.7072 0.7069 1.2391 0.709 0.7062
82 1.7512 1.2356 1.2351 1.2296 0.7302 0.7295 1.2297 0.7302 0.7292
345 1.9044 1.1522 1.1523 1.443 0.6919 0.6924 1.4409 0.6923 0.6924
144 1.4031 1.0273 1.0264 1.0317 0.6516 0.6504 1.0318 0.6517 0.6499
394 1.6223 1.0924 1.093 1.1714 0.6431 0.644 1.1715 0.6435 0.6429
360 1.9934 1.2821 1.2847 1.4723 0.7615 0.7631 1.4723 0.7614 0.766
327 1.787 1.1469 1.1466 1.3564 0.7151 0.7151 1.3564 0.7148 0.7189
510 2.4412 1.6134 1.6107 1.7589 0.9534 0.9564 1.7589 0.9527 0.9652
180 1.7298 1.1632 1.1634 1.2374 0.6734 0.6737 1.2375 0.6736 0.6749
428 1.7604 1.1394 1.1399 1.3261 0.708 0.7101 1.3261 0.7073 0.7107
462 1.6209 1.0923 1.0918 1.106 0.576 0.576 1.106 0.5761 0.5755
379 1.5511 1.1202 1.1205 1.04 0.6119 0.6111 1.0399 0.6119 0.6109
115 1.7798 1.1812 1.1811 1.3378 0.7407 0.7403 1.3379 0.7407 0.7416
511 1.6518 1.0722 1.0712 1.1962 0.6211 0.6207 1.1962 0.6211 0.6211
101 1.638 1.137 1.1377 1.1046 0.6108 0.612 1.1046 0.6109 0.6114
312 2.1235 1.3641 1.3637 1.5485 0.7972 0.7975 1.546 0.7972 0.7946
229 1.6774 1.1337 1.1328 1.1984 0.6541 0.654 1.1984 0.6545 0.6545
293 2.0334 1.3918 1.3916 1.4077 0.7701 0.7702 1.4077 0.772 0.7703
264 1.5331 1.1065 1.1062 1.113 0.6911 0.6914 1.1129 0.6911 0.6904
181 1.6867 1.1107 1.1111 1.236 0.6646 0.6646 1.2359 0.6646 0.6644
413 1.5775 1.0557 1.0559 1.1538 0.6346 0.6346 1.1538 0.6338 0.6345
34 1.7867 1.112 1.1122 1.3748 0.685 0.6851 1.3748 0.685 0.6846
197 1.9375 1.4243 1.4246 1.2391 0.7333 0.7337 1.2395 0.7336 0.7318
166 1.8916 1.2747 1.2751 1.3776 0.7627 0.7628 1.3776 0.7625 0.761
116 1.713 1.1628 1.163 1.2547 0.6962 0.6962 1.2549 0.6962 0.6964
83 1.8873 1.3495 1.3494 1.3114 0.7622 0.7621 1.3114 0.7622 0.764
45 3.7383 2.5346 2.5455 2.5891 1.3853 1.5263 2.6062 1.4287 1.5262
279 1.7314 1.2089 1.209 1.2625 0.7472 0.7481 1.2625 0.7478 0.7462
212 1.5857 1.1031 1.1029 1.0949 0.611 0.6143 1.0949 0.6111 0.6109
130 2.145 1.6428 1.6428 1.6064 1.1199 1.114 1.6019 1.1183 1.1165
429 1.7158 1.1533 1.1535 1.2823 0.7238 0.7237 1.2823 0.7231 0.724
16 1.8571 1.2988 1.2963 1.3268 0.766 0.7684 1.3268 0.7662 0.7656
380 1.4382 1.0339 1.0351 1.0415 0.6388 0.6396 1.0415 0.6388 0.6393
479 1.7541 1.1295 1.1305 1.3277 0.7094 0.7108 1.3277 0.7134 0.7123
395 1.5692 1.1301 1.1302 1.09 0.6421 0.6422 1.09 0.6421 0.6417
145 1.8823 1.317 1.3163 1.3098 0.7513 0.7515 1.3098 0.7513 0.7521
361 1.8236 1.2222 1.2207 1.3542 0.7523 0.7505 1.3542 0.7523 0.7501
346 1.8604 1.2977 1.2978 1.3094 0.7466 0.7468 1.3095 0.7467 0.7464
512 1.6995 1.1321 1.1326 1.2425 0.6791 0.6791 1.2425 0.6792 0.6799
530 1.5089 1.0999 1.1008 1.0414 0.6305 0.6301 1.0411 0.6305 0.6303
84 1.7513 1.1976 1.1976 1.218 0.6653 0.6653 1.2185 0.6654 0.665
230 1.7543 1.1718 1.1719 1.1751 0.6058 0.606 1.175 0.605 0.6058
198 1.6229 1.0149 1.0146 1.226 0.6207 0.6207 1.2259 0.6206 0.6214
102 2.4038 1.7572 1.7572 1.4865 0.8398 0.8414 1.4864 0.8398 0.8409
313 1.663 1.1816 1.1822 1.147 0.6648 0.665 1.1468 0.6648 0.6643
265 1.5037 1.0341 1.0341 1.071 0.6002 0.6003 1.071 0.6003 0.6017
248 1.9166 1.3519 1.3527 1.4145 0.8785 0.8779 1.4163 0.8782 0.878
463 1.3903 0.9424 0.941 1.0444 0.5958 0.5947 1.0444 0.596 0.5953
65 2.0011 1.2468 1.2467 1.4346 0.6945 0.6945 1.4346 0.6947 0.6957
280 1.5005 0.9921 0.9921 1.0973 0.5907 0.5907 1.0972 0.5907 0.591
414 2.1379 1.6166 1.6189 1.5277 1.0061 1.0017 1.5274 1.0066 1.0036
443 1.6763 1.0566 1.0556 1.3211 0.695 0.6939 1.3211 0.6949 0.693
46 1.849 1.2485 1.2479 1.2944 0.6912 0.6911 1.2941 0.691 0.6915
493 1.7383 1.128 1.1332 1.2583 0.6457 0.6452 1.2587 0.6457 0.65
182 1.7271 1.1826 1.1828 1.2158 0.6591 0.6607 1.2154 0.6591 0.6612
328 2.2216 1.5371 1.5378 1.641 0.9533 0.9531 1.6414 0.955 0.9544
381 1.723 1.1764 1.1766 1.2044 0.6673 0.6676 1.2044 0.6673 0.6683
294 1.5146 1.0249 1.0251 1.0918 0.6005 0.6009 1.0919 0.6003 0.5991
430 1.6821 1.1758 1.1762 1.1772 0.6647 0.6645 1.177 0.6647 0.6663
117 1.7012 1.1405 1.1394 1.2641 0.705 0.705 1.2641 0.7048 0.7044
396 1.7812 1.1746 1.1767 1.2993 0.6892 0.6892 1.2992 0.6891 0.6893
347 1.4333 0.9842 0.9841 1.0164 0.5685 0.5694 1.016 0.57 0.568
103 1.7331 1.1376 1.1372 1.2758 0.6844 0.6849 1.2759 0.6858 0.6866
231 1.7261 1.1467 1.1468 1.2327 0.659 0.6592 1.2327 0.6598 0.6595
480 1.3686 0.9762 0.9763 1.0083 0.6133 0.6131 1.008 0.6132 0.6126
531 1.5751 1.0505 1.0502 1.0989 0.578 0.5777 1.0989 0.5779 0.5779
47 1.6433 1.1398 1.1393 1.1795 0.6905 0.6906 1.1795 0.6903 0.6902
35 1.9217 1.3861 1.3856 1.4744 0.9196 0.9204 1.4744 0.9211 0.9178
131 1.6577 1.1088 1.1082 1.2097 0.6579 0.6578 1.2098 0.6595 0.6573
329 1.6184 1.1294 1.1294 1.1266 0.6312 0.6313 1.1266 0.6312 0.6317
17 1.652 1.1395 1.1391 1.1812 0.675 0.6749 1.1811 0.6757 0.6762
213 1.658 1.1079 1.108 1.2026 0.6531 0.6542 1.2036 0.6537 0.6525
249 1.8392 1.2429 1.2464 1.3486 0.7577 0.7589 1.3486 0.7536 0.7589
382 1.6631 1.1966 1.1963 1.1984 0.7344 0.7346 1.1991 0.7344 0.7344
494 1.5862 1.0238 1.0238 1.1914 0.6344 0.6348 1.1911 0.6343 0.6348
464 1.6514 1.138 1.1381 1.1658 0.6512 0.652 1.1659 0.6513 0.6514
397 1.4761 0.9656 0.9662 1.0781 0.571 0.5716 1.0781 0.5711 0.573
314 1.4947 1.1261 1.1262 1.0225 0.6497 0.6501 1.0224 0.6496 0.6497
281 2.4465 1.7077 1.7081 1.6435 0.8997 0.8999 1.6436 0.9016 0.8988
183 1.7307 1.2098 1.2098 1.227 0.6922 0.6914 1.2266 0.692 0.6941
146 1.4678 0.9689 0.9692 1.1088 0.6166 0.6166 1.1087 0.6167 0.6165
167 1.5385 0.977 0.9779 1.1363 0.5752 0.5772 1.1358 0.5747 0.5766
66 1.8886 1.2424 1.2433 1.3407 0.698 0.6976 1.3407 0.698 0.6975
36 1.672 1.1325 1.1325 1.1753 0.6493 0.6491 1.1753 0.6494 0.6506
104 1.7607 1.1767 1.1775 1.2212 0.6399 0.6398 1.2212 0.6398 0.6419
444 1.5953 1.0707 1.071 1.2014 0.669 0.6689 1.2014 0.6689 0.6688
214 1.7646 1.1774 1.1777 1.241 0.6532 0.6534 1.2406 0.6533 0.654
513 2.1209 1.1934 1.1946 1.6793 0.7562 0.7528 1.68 0.7522 0.7553
330 1.6592 1.1129 1.1129 1.1792 0.636 0.6372 1.1793 0.636 0.6355
348 1.8204 1.1133 1.1122 1.3504 0.6507 0.6516 1.3503 0.6506 0.6525
495 1.6176 1.1729 1.1741 1.0927 0.6548 0.6555 1.0927 0.6548 0.654
199 1.6542 1.1572 1.1568 1.1607 0.6665 0.6685 1.1608 0.667 0.6664
431 1.7321 1.1118 1.1114 1.2427 0.6309 0.6302 1.2438 0.6311 0.63
362 1.808 1.2039 1.2085 1.3408 0.7344 0.7333 1.3396 0.7344 0.7414
315 1.6973 1.0798 1.0798 1.2579 0.6354 0.6352 1.2581 0.6354 0.6383
48 1.5445 1.0592 1.0596 1.152 0.6709 0.6713 1.152 0.671 0.6723
105 1.6411 1.1638 1.1641 1.1127 0.6352 0.6355 1.1127 0.6352 0.6354
37 1.618 1.1241 1.1283 1.1234 0.6296 0.6302 1.1229 0.6297 0.6302
118 1.7442 1.2064 1.2061 1.2167 0.682 0.6847 1.2165 0.6834 0.6813
85 1.4242 0.9567 0.9576 1.0251 0.558 0.5585 1.0254 0.56 0.558
432 1.6278 1.0252 1.0252 1.2062 0.6084 0.6086 1.2059 0.6083 0.6082
132 1.786 1.1703 1.1699 1.302 0.6893 0.6887 1.3019 0.6892 0.6893
282 1.7169 1.1183 1.1191 1.2648 0.6724 0.6722 1.2648 0.6722 0.6725
331 1.7176 1.1257 1.1241 1.3269 0.7458 0.7458 1.3269 0.7457 0.748
496 1.7822 1.2694 1.2693 1.1797 0.6741 0.6741 1.1801 0.6739 0.6746
415 1.8939 1.3854 1.3853 1.2738 0.823 0.8219 1.274 0.8227 0.8216
184 1.8 1.2376 1.2378 1.2011 0.6402 0.6406 1.2 0.6401 0.64
383 1.8914 1.1735 1.1732 1.43 0.7045 0.7047 1.4301 0.7045 0.7045
232 1.8348 1.3278 1.3284 1.3437 0.8239 0.8242 1.3437 0.8232 0.8223
38 1.6353 1.1194 1.1191 1.1741 0.6598 0.6594 1.1741 0.6599 0.6598
295 1.5988 1.1376 1.1372 1.1524 0.6885 0.6896 1.1523 0.6899 0.6886
481 1.7894 1.2386 1.2387 1.2578 0.7105 0.71 1.2568 0.7103 0.7099
168 2.0266 1.2428 1.2433 1.5604 0.781 0.7814 1.5604 0.7811 0.7813
266 2.3494 1.781 1.7928 1.793 1.2232 1.2389 1.7913 1.2237 1.2232
18 1.6479 1.1479 1.1462 1.1536 0.6513 0.648 1.154 0.6504 0.6488
49 1.604 1.1653 1.1655 1.1401 0.7071 0.7073 1.1402 0.7076 0.7075
316 1.4997 1.0057 1.0048 1.1284 0.6373 0.6381 1.1284 0.6373 0.6375
433 1.7826 1.1844 1.1844 1.2554 0.6636 0.6644 1.2554 0.6636 0.6637
67 1.4803 0.9668 0.9671 1.1352 0.6284 0.6286 1.1353 0.6282 0.6282
86 1.6284 1.0926 1.0919 1.2126 0.6779 0.6772 1.2125 0.6777 0.6776
250 1.8814 1.2705 1.27 1.2847 0.6766 0.6766 1.283 0.6769 0.6755
119 1.5826 1.1279 1.1277 1.1133 0.6595 0.6589 1.1133 0.6603 0.6605
514 2.8869 1.721 1.7221 2.1801 1.0017 1.0031 2.1799 1.0014 1.0012
185 1.9257 1.3356 1.3347 1.3596 0.7778 0.778 1.3581 0.7779 0.778
50 1.4668 1.0615 1.0614 1.0389 0.6327 0.6327 1.0388 0.6327 0.6327
169 1.7459 1.2118 1.2117 1.189 0.6485 0.6487 1.189 0.6485 0.6489
465 1.9116 1.262 1.2646 1.3872 0.7384 0.7386 1.3872 0.739 0.7377
332 1.5736 1.1058 1.1056 1.1154 0.6519 0.6523 1.1154 0.6518 0.6524
532 2.7009 1.9669 1.9783 1.7636 1.0598 1.0592 1.7746 1.0529 1.0682
416 1.7835 1.3093 1.3086 1.2015 0.7377 0.739 1.2015 0.7377 0.7388
398 1.7338 1.1674 1.1677 1.2322 0.667 0.6694 1.2322 0.667 0.6668
283 1.634 1.1639 1.1643 1.1716 0.6956 0.6964 1.1719 0.6954 0.6972
482 1.5019 1.0685 1.0685 1.0477 0.6233 0.6231 1.0477 0.6234 0.6234
133 1.6861 1.1915 1.1912 1.1148 0.6298 0.6298 1.1149 0.6312 0.6305
233 1.61 1.129 1.128 1.1664 0.6808 0.6811 1.1664 0.6808 0.6804
215 2.2507 1.5175 1.5159 1.5123 0.7865 0.7875 1.5107 0.7842 0.7853
434 1.4496 1.0201 1.0193 1.0397 0.6127 0.6124 1.0397 0.6127 0.6121
349 1.7152 1.1812 1.1768 1.2467 0.7078 0.7117 1.2457 0.7086 0.7077
363 1.7995 1.3016 1.3012 1.3198 0.8216 0.8225 1.3197 0.8216 0.824
39 1.6724 1.1217 1.122 1.2109 0.655 0.655 1.211 0.6549 0.6566
68 1.6495 1.0843 1.0843 1.2296 0.6595 0.6593 1.2296 0.6592 0.6603
445 1.7216 1.1467 1.1463 1.2013 0.6088 0.6097 1.2013 0.6113 0.6087
147 1.829 1.2615 1.2601 1.3093 0.7323 0.7325 1.3083 0.7321 0.7318
51 1.6745 1.1411 1.141 1.176 0.6446 0.6446 1.1759 0.6446 0.6449
200 1.7775 1.195 1.1946 1.3372 0.7562 0.7579 1.3374 0.7545 0.7571
186 1.6359 1.1717 1.1718 1.1548 0.692 0.6919 1.1547 0.692 0.692
497 1.6956 1.1176 1.1177 1.1985 0.6394 0.639 1.198 0.6397 0.6392
317 1.8033 1.2001 1.2003 1.4082 0.7987 0.7993 1.4082 0.7987 0.7975
399 1.6771 1.1472 1.146 1.2265 0.6828 0.683 1.2265 0.6827 0.683
350 1.6028 1.1066 1.1053 1.1973 0.698 0.6962 1.1973 0.698 0.6962
170 1.7683 1.1956 1.1959 1.2506 0.6762 0.6764 1.2506 0.6762 0.6763
40 1.6299 1.0891 1.0902 1.2326 0.6909 0.692 1.2326 0.6911 0.6915
333 1.5626 1.044 1.044 1.1555 0.6375 0.6366 1.1555 0.6369 0.6364
466 1.5031 1.0042 1.0041 1.1511 0.6502 0.6503 1.1511 0.6502 0.6505
498 1.7982 1.1955 1.1956 1.28 0.6757 0.676 1.28 0.6758 0.6759
19 1.6557 1.2061 1.2065 1.1696 0.7204 0.7211 1.1696 0.7203 0.7205
69 1.539 1.0423 1.0423 1.1242 0.6329 0.6333 1.1241 0.6328 0.6331
515 2.0328 1.3309 1.3314 1.4867 0.7898 0.789 1.4869 0.788 0.7884
296 1.7016 1.0484 1.0482 1.3774 0.7263 0.7264 1.3779 0.7264 0.725
483 1.6156 1.1488 1.1484 1.0207 0.5675 0.5682 1.0207 0.5674 0.568
187 1.6665 1.0835 1.0836 1.2215 0.6464 0.6456 1.2216 0.6462 0.6456
234 1.5382 1.0281 1.0278 1.1374 0.625 0.625 1.1375 0.6249 0.6254
267 2.3207 1.6609 1.6679 1.4991 0.8369 0.8362 1.4988 0.8369 0.8362
106 1.6533 1.1342 1.1379 1.1868 0.6718 0.6756 1.1869 0.6714 0.6735
201 1.6098 1.1024 1.1026 1.1322 0.6281 0.6283 1.1323 0.6278 0.6282
52 1.567 1.063 1.0646 1.1374 0.625 0.6253 1.1374 0.625 0.6251
87 1.5339 1.0832 1.0835 1.0463 0.5998 0.6 1.0463 0.5998 0.5993
351 1.7964 1.2717 1.2721 1.1827 0.6583 0.6574 1.1827 0.6585 0.6579
120 1.9298 1.3944 1.394 1.2374 0.7012 0.7011 1.2374 0.7018 0.7016
533 2.1998 1.5752 1.5731 1.4926 0.8633 0.8637 1.4926 0.8647 0.8618
417 1.6779 1.0741 1.0741 1.3213 0.7248 0.7244 1.3209 0.7236 0.7245
318 1.4297 1.0084 1.0074 0.9904 0.5671 0.5664 0.9904 0.5671 0.5666
284 1.6685 1.228 1.2282 1.1262 0.6929 0.6928 1.1263 0.6927 0.6949
188 1.816 1.2258 1.2261 1.2676 0.6864 0.6866 1.2676 0.6864 0.6865
364 1.9255 1.3702 1.3704 1.3197 0.7438 0.7411 1.3197 0.7471 0.7446
148 2.1589 1.4194 1.4194 1.4003 0.7105 0.7109 1.4003 0.7104 0.7145
446 1.4744 1.0008 1.0008 1.0624 0.5857 0.5857 1.0626 0.5857 0.5856
499 1.7029 1.0794 1.0797 1.3066 0.6816 0.6816 1.3066 0.6816 0.6813
251 2.6366 1.7804 1.7801 1.6656 0.7765 0.7768 1.6551 0.7763 0.7895
134 1.6914 1.1128 1.1123 1.2916 0.7166 0.7164 1.2916 0.7165 0.7186
20 1.617 1.03 1.0307 1.2355 0.6493 0.6495 1.2359 0.6491 0.6498
435 2.0241 1.3675 1.3674 1.402 0.733 0.7341 1.402 0.7354 0.7332
384 1.624 1.0745 1.0732 1.245 0.6999 0.7003 1.2418 0.6991 0.7002
171 1.6639 1.2082 1.2098 1.1458 0.6916 0.6914 1.146 0.6914 0.6917
400 1.7815 1.1706 1.1705 1.293 0.6744 0.6747 1.293 0.6747 0.6747
88 1.7047 1.1407 1.1407 1.2607 0.6999 0.7004 1.2608 0.6999 0.7008
53 1.6013 1.0866 1.0867 1.1361 0.622 0.6221 1.1361 0.622 0.623
319 2.211 1.372 1.3717 1.6128 0.7509 0.7508 1.613 0.7509 0.7515
365 1.563 1.0961 1.0963 1.0405 0.5912 0.5908 1.0405 0.5912 0.5915
467 1.8283 1.1799 1.1818 1.372 0.7273 0.7281 1.372 0.7273 0.7276
500 1.6854 1.1715 1.1716 1.1666 0.6518 0.6517 1.1665 0.6518 0.652
297 1.7022 1.1572 1.1571 1.2559 0.715 0.7151 1.2559 0.715 0.7157
189 1.7909 1.2762 1.275 1.2173 0.7047 0.7045 1.2174 0.7046 0.7042
516 1.8534 1.3629 1.3627 1.2145 0.7288 0.727 1.2144 0.7288 0.726
202 1.7614 1.1762 1.1763 1.3278 0.7491 0.749 1.3278 0.7489 0.7499
401 1.579 1.0369 1.0373 1.1477 0.6059 0.6062 1.1477 0.6059 0.6067
385 1.8618 1.3289 1.3325 1.2832 0.7519 0.7526 1.2832 0.7519 0.7521
418 1.6003 1.1118 1.1118 1.1405 0.6513 0.6516 1.1405 0.6508 0.6513
70 1.5958 1.1018 1.1016 1.1418 0.6529 0.6531 1.1414 0.6531 0.6525
121 1.4947 0.9972 0.9975 1.0717 0.5816 0.5814 1.0717 0.5818 0.5812
235 1.7355 1.1817 1.1824 1.186 0.6435 0.6439 1.1853 0.6435 0.6431
285 1.8908 1.2017 1.2016 1.3704 0.6839 0.6833 1.3704 0.6863 0.6833
352 1.898 1.3709 1.3716 1.2431 0.7075 0.7092 1.2431 0.707 0.7111
436 1.6589 1.1123 1.1117 1.2184 0.6733 0.6739 1.2184 0.6725 0.6739
366 1.8937 1.3487 1.3492 1.2253 0.6836 0.6838 1.2253 0.6836 0.6836
21 1.8133 1.1993 1.2001 1.3058 0.6945 0.6943 1.306 0.6945 0.6963
468 1.6448 1.194 1.1944 1.0885 0.637 0.637 1.0885 0.6374 0.6382
268 1.7098 1.1666 1.167 1.2614 0.7148 0.7174 1.262 0.7144 0.7147
402 1.7547 1.2199 1.22 1.1778 0.6478 0.6483 1.1778 0.6486 0.6482
135 1.7205 1.1567 1.1566 1.1331 0.591 0.5921 1.134 0.5911 0.5909
216 2.676 1.9177 1.9158 1.8579 1.1253 1.1247 1.8591 1.1273 1.1243
122 1.7938 1.2866 1.2863 1.1977 0.6986 0.6983 1.1977 0.6985 0.699
298 2.0163 1.4273 1.4309 1.5342 0.9483 0.9522 1.5342 0.9483 0.9519
236 1.5485 1.086 1.0855 1.0979 0.6328 0.6327 1.0979 0.633 0.6327
320 1.567 1.0693 1.0695 1.1333 0.6317 0.6316 1.1353 0.6327 0.6311
501 1.9434 1.3726 1.3688 1.4008 0.8304 0.8298 1.4006 0.8302 0.8304
203 1.8957 1.3406 1.3394 1.2763 0.7255 0.7245 1.2766 0.7256 0.7244
386 1.7971 1.0422 1.0423 1.3883 0.6418 0.642 1.3905 0.6421 0.6404
172 1.5665 1.1115 1.1117 1.0669 0.6149 0.6146 1.0669 0.6149 0.6141
334 2.4115 1.5626 1.5382 1.893 0.9916 0.9738 1.8847 0.9834 0.9867
419 1.8696 1.2821 1.2821 1.2866 0.6957 0.6957 1.2867 0.696 0.697
54 1.7083 1.1657 1.1659 1.2047 0.6629 0.6636 1.2047 0.6631 0.6622
237 1.6112 1.0553 1.0551 1.1895 0.6225 0.6237 1.1886 0.6225 0.623
517 2.1039 1.3054 1.3052 1.5961 0.7913 0.7906 1.5956 0.7913 0.7901
89 1.664 1.0768 1.0777 1.1669 0.5873 0.5865 1.1675 0.5875 0.5861
353 1.5143 0.9581 0.9586 1.1395 0.5798 0.5797 1.1393 0.5817 0.5824
534 1.8799 1.2266 1.2275 1.3517 0.7056 0.7047 1.351 0.7056 0.7049
447 1.6404 1.1163 1.1166 1.2095 0.693 0.6927 1.2095 0.6927 0.6949
22 2.1444 1.3114 1.3113 1.7372 0.9106 0.9102 1.7373 0.9106 0.9092
238 1.7116 1.1555 1.1554 1.2208 0.6645 0.6645 1.2208 0.6645 0.6641
420 1.4139 1.014 1.0139 0.989 0.594 0.5939 0.989 0.594 0.594
269 1.4389 0.9379 0.9379 1.047 0.5471 0.5462 1.0478 0.5468 0.5462
403 1.8049 1.3338 1.3332 1.268 0.796 0.7959 1.2686 0.7959 0.7954
367 1.5799 1.1937 1.1938 1.0392 0.6527 0.6493 1.0392 0.6528 0.6522
204 1.4376 0.9831 0.9835 1.0841 0.6328 0.6332 1.0841 0.6328 0.6326
286 2.2369 1.5829 1.5818 1.4994 0.8448 0.8455 1.5018 0.8448 0.8457
469 2.4649 1.8255 1.8251 1.4595 0.8471 0.8474 1.463 0.846 0.8468
437 1.4828 0.9974 0.9981 1.0641 0.5827 0.5824 1.0645 0.5827 0.5821
387 1.6906 1.1697 1.1693 1.2732 0.7633 0.7636 1.2738 0.7631 0.7663
217 1.6208 1.1088 1.1119 1.2143 0.6994 0.7004 1.2145 0.6993 0.6996
252 3.0165 2.4717 2.4881 1.6779 1.1259 1.1292 1.6807 1.1422 1.1253
123 1.591 1.1277 1.1284 1.1556 0.6936 0.6938 1.1557 0.694 0.6948
502 1.5958 1.0557 1.0558 1.183 0.6465 0.6479 1.183 0.6465 0.6462
299 1.6461 1.1769 1.1769 1.1918 0.7293 0.7292 1.1918 0.7293 0.7293
205 1.6283 1.0833 1.0828 1.1492 0.6109 0.611 1.1492 0.6112 0.6113
484 3.8386 3.1342 3.13 2.2717 1.5744 1.6498 2.277 1.9904 1.6059
335 1.9259 1.2943 1.2918 1.3993 0.773 0.7697 1.3993 0.7732 0.7702
55 1.5593 1.0818 1.0817 1.1223 0.6385 0.6389 1.1223 0.6385 0.6379
136 1.8866 1.3076 1.3075 1.2649 0.6855 0.684 1.2649 0.6837 0.6838
421 2.1117 1.3415 1.3416 1.516 0.7524 0.7526 1.516 0.7522 0.7533
438 1.6321 1.2009 1.2003 1.0881 0.6581 0.6579 1.0881 0.6581 0.6589
518 1.3651 0.9153 0.9151 1.035 0.585 0.5849 1.035 0.585 0.5848
287 1.6799 1.1282 1.1276 1.1663 0.6221 0.6222 1.1662 0.6224 0.622
321 1.7086 1.1695 1.1692 1.2176 0.6698 0.6693 1.2172 0.6698 0.6691
270 1.5672 1.0948 1.0947 1.0909 0.614 0.6136 1.0909 0.6145 0.6136
354 1.8304 1.1932 1.1936 1.3436 0.7064 0.7072 1.3437 0.7068 0.7074
23 1.663 1.136 1.1361 1.1883 0.6656 0.6653 1.1883 0.6657 0.664
149 1.8339 1.2025 1.202 1.3368 0.7007 0.6996 1.3396 0.7011 0.6997
71 1.7539 1.2524 1.2533 1.2707 0.7798 0.7806 1.2707 0.7801 0.7831
519 1.6976 1.2037 1.2033 1.1641 0.674 0.6743 1.1644 0.6742 0.674
404 1.9286 1.3648 1.3654 1.2562 0.6945 0.6955 1.2562 0.6946 0.6945
218 2.3177 1.3624 1.3615 1.7812 0.839 0.8355 1.7818 0.8387 0.8388
206 1.7543 1.2531 1.2536 1.201 0.7049 0.7054 1.2005 0.7049 0.7058
137 1.6797 1.127 1.1269 1.1999 0.654 0.6542 1.1999 0.6567 0.6561
485 1.4332 0.9443 0.9446 1.0767 0.5873 0.5876 1.0767 0.5873 0.5875
24 1.3873 0.9805 0.9805 0.9662 0.5671 0.5672 0.9662 0.5671 0.5684
355 1.8881 1.309 1.3092 1.4754 0.8917 0.8931 1.4754 0.8917 0.8911
173 1.8013 1.3536 1.3665 1.2217 0.7718 0.7723 1.2217 0.7735 0.7738
288 1.6995 1.0822 1.0835 1.2886 0.6753 0.6757 1.2886 0.6755 0.6771
90 1.7374 1.1387 1.139 1.29 0.6849 0.6857 1.29 0.6836 0.6869
535 1.7515 1.213 1.2106 1.2281 0.6758 0.6757 1.2284 0.6758 0.6807
72 1.7304 1.1994 1.1988 1.216 0.6982 0.6985 1.216 0.6975 0.6978
503 2.0536 1.4302 1.4304 1.4125 0.7884 0.7885 1.4125 0.7885 0.7887
448 1.7445 1.1539 1.1537 1.2378 0.6437 0.6437 1.2377 0.644 0.6429
470 1.5536 1.0218 1.0225 1.1879 0.6476 0.6485 1.1881 0.6476 0.6505
322 1.7332 1.1199 1.1197 1.2719 0.6589 0.6567 1.2718 0.6579 0.6578
271 1.6901 1.0972 1.0969 1.2619 0.6658 0.6665 1.2619 0.6666 0.667
56 1.5689 1.0116 1.0117 1.2055 0.6462 0.6462 1.2055 0.6461 0.6468
368 2.5703 1.3467 1.3464 2.1947 0.9857 0.9845 2.1947 0.9857 0.9837
253 2.631 1.6499 1.6486 1.715 0.7174 0.7171 1.7137 0.7195 0.716
336 1.7276 1.1388 1.1458 1.284 0.6941 0.6943 1.284 0.6941 0.6976
73 2.0272 1.5199 1.5196 1.3521 0.8607 0.8608 1.3521 0.8582 0.8613
405 1.5086 1.0437 1.0434 1.0968 0.6329 0.6328 1.0968 0.6329 0.6353
239 2.2076 1.4887 1.49 1.6244 0.9233 0.9234 1.6244 0.9223 0.9273
520 1.9918 1.1722 1.1721 1.5232 0.7016 0.7035 1.5231 0.7016 0.7032
289 1.6634 1.189 1.1888 1.1749 0.7023 0.7024 1.1749 0.7024 0.7024
388 2.259 1.4854 1.4824 1.5288 0.7862 0.7865 1.5285 0.7864 0.7869
138 1.8953 1.2807 1.2797 1.3419 0.7379 0.7376 1.3416 0.7372 0.7376
536 1.5277 1.0658 1.0658 1.0576 0.601 0.6008 1.0592 0.601 0.6003
219 2.2681 1.5717 1.5714 1.4809 0.79 0.7906 1.4809 0.7916 0.7889
504 1.7258 1.1891 1.1892 1.3085 0.7665 0.7668 1.3085 0.7649 0.7668
300 1.8163 1.2607 1.2589 1.2989 0.7486 0.7494 1.2991 0.7484 0.7465
337 1.5855 1.1404 1.1409 1.1013 0.6514 0.6514 1.1013 0.6514 0.6505
150 1.8819 1.2069 1.2068 1.3935 0.7127 0.7122 1.3934 0.7127 0.7118
301 1.5456 1.0226 1.0214 1.1194 0.5988 0.5982 1.1194 0.5988 0.5983
471 1.3842 0.928 0.9272 1.0321 0.576 0.5758 1.0321 0.5755 0.5755
486 2.4712 1.8806 1.8736 1.7107 1.1213 1.1215 1.7114 1.1247 1.1209
254 1.918 1.2592 1.2589 1.4002 0.7303 0.7304 1.4 0.7304 0.7311
369 1.9681 1.2894 1.29 1.3054 0.651 0.6512 1.3058 0.6518 0.6615
449 1.8314 1.2209 1.2205 1.3414 0.7339 0.7341 1.343 0.7339 0.7334
338 1.7268 1.1617 1.162 1.2353 0.677 0.6769 1.2351 0.677 0.6773
537 1.7593 1.1888 1.1888 1.2765 0.7034 0.7041 1.2782 0.7035 0.705
139 1.7631 1.1523 1.1515 1.2121 0.6205 0.621 1.2124 0.6205 0.623
220 1.714 1.1751 1.176 1.1955 0.6571 0.6567 1.1955 0.6571 0.6539
487 1.5759 1.0594 1.0595 1.1527 0.6282 0.6281 1.1524 0.6291 0.628
302 1.7888 1.2282 1.2286 1.294 0.7358 0.7368 1.294 0.7358 0.7368
370 1.8548 1.1745 1.1749 1.3878 0.7102 0.7103 1.3871 0.7104 0.71
151 1.761 1.1751 1.1751 1.2753 0.6879 0.6879 1.2753 0.6877 0.688
272 1.8127 1.2379 1.2386 1.3204 0.7481 0.7482 1.3204 0.7473 0.7532
255 1.6419 1.0567 1.0567 1.1843 0.6019 0.6022 1.184 0.6019 0.6011
450 1.4598 1.0445 1.0442 0.9821 0.5661 0.5665 0.9821 0.5664 0.5665
57 1.7692 1.1875 1.185 1.3287 0.7613 0.7624 1.33 0.7614 0.76
303 1.6356 1.0567 1.0566 1.265 0.6892 0.6892 1.265 0.6884 0.6911
152 1.6886 1.1704 1.1704 1.1836 0.6669 0.6661 1.1836 0.667 0.6673
371 1.6436 1.0993 1.0992 1.2085 0.6632 0.6618 1.2085 0.6632 0.6616
221 2.1748 1.4364 1.4412 1.5988 0.8665 0.8697 1.5988 0.8691 0.8719
153 1.8417 1.1506 1.1492 1.3728 0.6769 0.6758 1.373 0.6769 0.6755
222 1.4477 0.966 0.968 1.1131 0.632 0.6324 1.1136 0.6321 0.632
451 2.0552 1.5271 1.5261 1.2818 0.7646 0.7617 1.2819 0.7627 0.7654
154 1.8973 1.1636 1.164 1.4878 0.742 0.7417 1.4859 0.7435 0.7423
452 1.7944 1.2317 1.2319 1.2393 0.6806 0.6808 1.2391 0.6804 0.6825
155 1.7916 1.1787 1.1788 1.3319 0.7191 0.7197 1.3319 0.7191 0.7193
156 1.5215 1.0679 1.0677 1.074 0.6226 0.6224 1.0739 0.622 0.6227
453 1.9227 1.4052 1.4068 1.2307 0.7205 0.7223 1.2302 0.7198 0.722
304 3.0683 2.1498 2.1732 3.1707 1.245 2.1725 2.2507 1.2765 2.2053
454 1.8979 1.1731 1.1721 1.376 0.658 0.6619 1.3764 0.658 0.6614
305 1.5884 1.0738 1.0737 1.1728 0.6609 0.6616 1.1728 0.662 0.6609
"x"
"1" "== degree of freedom:  2 =="
107 1.1471 0.7786 0.7791 0.8067 0.4423 0.4424 0.8067 0.4423 0.4423
439 1.1542 0.7945 0.7941 0.8128 0.4565 0.4566 0.8128 0.4565 0.4564
8 1.2856 0.8677 0.8676 0.9134 0.4969 0.4969 0.9132 0.4965 0.4968
41 1.0902 0.7441 0.744 0.7798 0.436 0.4356 0.7801 0.436 0.4358
58 1.0467 0.7594 0.76 0.7537 0.4657 0.4658 0.7537 0.4657 0.4658
207 1.1718 0.8217 0.8222 0.8443 0.4906 0.4905 0.8443 0.4908 0.4906
306 1.1385 0.7608 0.7607 0.8603 0.4819 0.4824 0.8594 0.4831 0.4826
356 1.1533 0.7991 0.7992 0.8075 0.4539 0.4542 0.8075 0.4539 0.4539
223 1.2174 0.7963 0.7979 0.8898 0.4732 0.4734 0.8898 0.4745 0.4737
124 1.1278 0.8216 0.8222 0.7558 0.4538 0.4538 0.7559 0.4537 0.4541
174 1.2119 0.8523 0.8525 0.8208 0.4645 0.4646 0.8208 0.4645 0.465
25 1.2723 0.8566 0.8566 0.8943 0.4778 0.4783 0.8943 0.4778 0.4788
256 1.1985 0.7863 0.7863 0.8796 0.4663 0.4667 0.8788 0.4671 0.4667
389 1.2578 0.8616 0.8611 0.843 0.4543 0.4542 0.843 0.4543 0.4567
240 1.1305 0.7344 0.7335 0.8617 0.4655 0.4658 0.8616 0.4655 0.4657
290 1.0107 0.6814 0.6815 0.7336 0.4048 0.405 0.7336 0.4049 0.4057
273 1.196 0.7866 0.7867 0.8571 0.4503 0.4508 0.8571 0.4503 0.4505
157 1.2238 0.83 0.8299 0.9069 0.5081 0.5085 0.9071 0.5083 0.5085
422 1.1642 0.7972 0.7985 0.7939 0.4289 0.4301 0.795 0.4289 0.4294
190 1.2658 0.8395 0.8394 0.9038 0.4768 0.4768 0.9038 0.4769 0.4766
140 1.0725 0.7309 0.731 0.7879 0.4484 0.4489 0.7879 0.4484 0.4482
505 1.1111 0.7634 0.7631 0.816 0.4684 0.4692 0.8178 0.4684 0.4697
224 1.1342 0.8119 0.8122 0.8094 0.4868 0.4867 0.8094 0.4869 0.4868
91 1.2948 0.9106 0.9114 0.8875 0.5027 0.5028 0.8877 0.5027 0.5023
108 1.1182 0.753 0.7529 0.8176 0.4556 0.4557 0.8176 0.4556 0.4545
372 1.1303 0.7952 0.7959 0.7896 0.4544 0.4546 0.7899 0.4542 0.4544
521 1.1246 0.7444 0.7442 0.8466 0.4711 0.4727 0.8467 0.4721 0.4712
74 1.138 0.8272 0.8273 0.7792 0.4674 0.4667 0.7792 0.4688 0.467
208 1.2342 0.8183 0.8181 0.8695 0.461 0.4626 0.8694 0.461 0.463
323 1.1689 0.7809 0.781 0.8538 0.4691 0.4688 0.8538 0.4695 0.4688
9 1.287 0.8199 0.8199 0.931 0.4653 0.4667 0.931 0.4654 0.4656
440 1.2303 0.8575 0.8568 0.846 0.4723 0.4725 0.846 0.4735 0.4732
42 1.1222 0.792 0.792 0.7902 0.4615 0.4618 0.7902 0.461 0.4612
241 1.0614 0.7598 0.76 0.741 0.4412 0.4415 0.7409 0.4413 0.4412
125 1.102 0.714 0.7141 0.8241 0.4368 0.4368 0.8241 0.4367 0.4369
390 1.2045 0.7748 0.7749 0.9211 0.495 0.4952 0.9211 0.495 0.4953
307 1.2073 0.8306 0.8311 0.8537 0.4783 0.4791 0.8536 0.4784 0.4788
257 1.1712 0.8277 0.828 0.8357 0.4885 0.4889 0.8364 0.4882 0.4894
158 1.2153 0.8513 0.8513 0.8697 0.5062 0.5065 0.8691 0.5064 0.5067
175 1.1428 0.7671 0.7661 0.8505 0.4765 0.4766 0.8505 0.4761 0.4757
357 1.2138 0.8302 0.8302 0.86 0.4845 0.4846 0.86 0.4845 0.4853
191 1.1752 0.8336 0.8336 0.8074 0.4672 0.467 0.8074 0.4665 0.4674
59 1.2283 0.8198 0.8199 0.8822 0.4713 0.4713 0.8822 0.4712 0.4716
522 1.1628 0.7315 0.7316 0.8776 0.4477 0.4481 0.8776 0.4479 0.448
26 1.1308 0.7757 0.7759 0.8014 0.4493 0.4494 0.802 0.4493 0.4507
506 1.3146 0.8593 0.8594 0.921 0.4732 0.4741 0.921 0.4734 0.4742
324 1.2406 0.8042 0.8042 0.9185 0.4809 0.4808 0.9179 0.4809 0.4808
339 1.3364 0.8935 0.8936 0.9803 0.5319 0.5326 0.9803 0.5321 0.5318
291 1.3057 0.9066 0.9065 0.9056 0.5078 0.5083 0.9056 0.5084 0.508
10 1.2063 0.8832 0.8832 0.807 0.4812 0.4813 0.8067 0.4816 0.4814
488 1.0942 0.7754 0.7754 0.772 0.455 0.4577 0.7721 0.457 0.4564
373 1.2298 0.8383 0.8384 0.8808 0.4854 0.4855 0.8808 0.4854 0.4854
441 1.2031 0.8259 0.8258 0.8358 0.4597 0.4597 0.8358 0.4594 0.4596
141 1.1392 0.7264 0.7271 0.8726 0.4595 0.4601 0.8724 0.4593 0.4591
472 1.1521 0.7649 0.7648 0.84 0.4537 0.4537 0.8401 0.4537 0.4534
92 1.2626 0.8058 0.8057 0.9285 0.4733 0.4732 0.928 0.4736 0.4736
159 1.2589 0.7545 0.7545 0.9893 0.4856 0.4855 0.9895 0.4855 0.4852
274 1.2143 0.8151 0.8151 0.8627 0.4781 0.4778 0.8627 0.478 0.4776
75 1.1977 0.8197 0.8193 0.8721 0.4884 0.4886 0.872 0.4886 0.4885
455 1.0974 0.7126 0.713 0.8351 0.4509 0.451 0.8351 0.4509 0.4511
406 1.2486 0.8809 0.8828 0.8589 0.4876 0.4879 0.8589 0.4876 0.4875
358 1.1574 0.8461 0.846 0.7584 0.4456 0.445 0.7584 0.4455 0.4462
209 1.0597 0.6957 0.6969 0.8115 0.4475 0.4485 0.8115 0.4494 0.4475
27 1.0587 0.7133 0.7131 0.8156 0.4728 0.4729 0.8156 0.4728 0.4731
142 1.1971 0.833 0.8328 0.8482 0.4846 0.4848 0.8482 0.4846 0.4845
374 1.0384 0.7494 0.7493 0.7351 0.4493 0.4496 0.7351 0.4493 0.4498
242 1.2345 0.7938 0.7937 0.937 0.4959 0.4961 0.937 0.496 0.4959
489 1.2674 0.8193 0.8193 0.93 0.4848 0.4849 0.93 0.4849 0.4849
423 1.1491 0.7782 0.7783 0.8504 0.482 0.4824 0.8504 0.482 0.4817
93 1.2526 0.8115 0.8112 0.8928 0.4521 0.452 0.894 0.4519 0.4532
60 1.0958 0.7849 0.7849 0.7592 0.4503 0.4501 0.7611 0.449 0.4503
160 1.0052 0.7105 0.7104 0.7327 0.44 0.44 0.7327 0.44 0.44
109 1.2567 0.8398 0.8394 0.8748 0.4571 0.457 0.8741 0.4572 0.4572
225 1.2338 0.7881 0.788 0.8981 0.4554 0.4573 0.8981 0.4555 0.4553
176 1.0913 0.7881 0.7882 0.767 0.4652 0.4653 0.767 0.4652 0.4651
391 1.1963 0.8018 0.802 0.873 0.4769 0.4767 0.873 0.4769 0.4758
43 1.2472 0.8 0.8003 0.9032 0.457 0.4573 0.9026 0.457 0.457
325 1.2086 0.8024 0.8022 0.869 0.4665 0.4664 0.8687 0.4663 0.4664
126 1.2474 0.829 0.8287 0.8844 0.4694 0.4693 0.8845 0.4703 0.4705
308 1.1266 0.7545 0.7545 0.8101 0.44 0.4402 0.8101 0.4402 0.44
11 1.1903 0.8202 0.82 0.8534 0.4836 0.4838 0.8534 0.4843 0.4835
442 1.1065 0.7283 0.7284 0.8407 0.464 0.4645 0.8406 0.464 0.4643
292 1.2666 0.8506 0.8496 0.8646 0.4429 0.4427 0.8646 0.4429 0.4429
28 1.3369 0.8835 0.8835 0.9379 0.4984 0.4987 0.9379 0.4988 0.4992
359 1.144 0.7802 0.7803 0.8273 0.4658 0.4657 0.8273 0.4658 0.4661
340 1.1077 0.8184 0.8184 0.755 0.4648 0.4646 0.7549 0.4648 0.4647
143 1.1855 0.751 0.7522 0.8864 0.4548 0.4551 0.8864 0.455 0.4556
523 1.2277 0.8141 0.8152 0.8872 0.4674 0.4674 0.8872 0.4672 0.4676
243 1.1795 0.7771 0.7771 0.859 0.4557 0.4558 0.859 0.4557 0.4557
275 1.2028 0.8007 0.8011 0.8907 0.4869 0.4866 0.8906 0.4874 0.4873
94 1.1218 0.7923 0.7921 0.7775 0.4468 0.4467 0.7775 0.4467 0.4472
12 1.1915 0.7972 0.7972 0.8634 0.4755 0.4754 0.8634 0.4756 0.4754
507 1.1447 0.771 0.7712 0.8304 0.4642 0.4633 0.8302 0.4633 0.4653
375 1.1211 0.7523 0.752 0.8177 0.4489 0.449 0.8175 0.4489 0.4487
443 1.2485 0.8308 0.8312 0.9027 0.4835 0.4847 0.9026 0.4842 0.4847
44 1.1949 0.841 0.8408 0.8542 0.499 0.4988 0.854 0.499 0.4988
161 1.1488 0.7868 0.7867 0.8323 0.4695 0.4685 0.8323 0.4693 0.4688
326 1.1499 0.791 0.7909 0.8158 0.4594 0.4591 0.8161 0.4598 0.4602
341 1.172 0.8367 0.8369 0.7996 0.4637 0.4642 0.7996 0.4637 0.4641
258 0.9941 0.6855 0.6849 0.7608 0.452 0.4526 0.7608 0.452 0.4529
210 1.2317 0.7715 0.7703 0.9228 0.4662 0.4663 0.9232 0.4662 0.4661
309 1.2744 0.8506 0.8511 0.9156 0.4911 0.491 0.9155 0.4911 0.491
226 1.3362 0.893 0.8922 0.922 0.4785 0.4786 0.9219 0.4778 0.4777
524 1.1236 0.7975 0.797 0.8134 0.4883 0.4883 0.8135 0.4884 0.4885
45 1.2625 0.8588 0.8588 0.8624 0.4607 0.4608 0.8624 0.4607 0.4608
110 1.2924 0.8329 0.8328 0.9292 0.4741 0.4741 0.929 0.4737 0.4749
276 1.2183 0.8515 0.8514 0.8317 0.4709 0.4709 0.832 0.4708 0.4709
424 1.2301 0.8167 0.8165 0.8984 0.4878 0.4891 0.8985 0.4891 0.4877
293 1.0531 0.7132 0.7132 0.787 0.4525 0.4528 0.7871 0.4524 0.4533
192 1.1393 0.7054 0.7056 0.8861 0.4539 0.4535 0.8862 0.4535 0.4558
392 1.2362 0.8555 0.8582 0.8543 0.4748 0.4744 0.8542 0.4745 0.4744
76 1.1514 0.7886 0.7888 0.8455 0.4802 0.4803 0.8455 0.4801 0.4819
490 1.1966 0.8609 0.8601 0.8124 0.4804 0.4805 0.8124 0.4804 0.4804
61 1.3345 0.8438 0.8439 0.9989 0.5043 0.5042 0.9989 0.5043 0.5044
508 1.2138 0.8042 0.804 0.883 0.4731 0.4734 0.883 0.4731 0.4731
127 1.2885 0.8949 0.8958 0.8858 0.4912 0.4913 0.8857 0.4912 0.4919
162 1.3302 0.9238 0.9207 0.9011 0.4914 0.4919 0.9013 0.492 0.4923
259 1.2336 0.8194 0.8194 0.8993 0.4841 0.4841 0.8994 0.4842 0.4855
456 1.3483 0.9541 0.9538 0.8977 0.5059 0.5061 0.8977 0.5056 0.5056
29 1.2542 0.869 0.8689 0.8885 0.504 0.5041 0.888 0.5069 0.5059
444 1.2175 0.8204 0.8205 0.8569 0.466 0.4658 0.8569 0.4657 0.4655
525 1.3115 0.8306 0.8308 0.9586 0.4777 0.4777 0.9586 0.4777 0.4785
376 1.1987 0.8446 0.8445 0.827 0.4727 0.4727 0.827 0.4727 0.4728
95 1.168 0.8159 0.8147 0.831 0.4782 0.4781 0.831 0.478 0.4781
425 1.1957 0.7904 0.7903 0.872 0.4701 0.47 0.8719 0.4707 0.4701
473 1.3145 0.9023 0.9018 0.9021 0.4904 0.4896 0.9021 0.49 0.491
177 1.1776 0.8383 0.8353 0.804 0.4643 0.464 0.8039 0.4644 0.4641
294 1.3258 0.9467 0.9466 0.8754 0.4957 0.4959 0.8754 0.4957 0.4956
393 1.2289 0.7984 0.7985 0.919 0.4894 0.4895 0.9189 0.4896 0.4896
163 1.2601 0.8798 0.8798 0.8809 0.4928 0.4928 0.8809 0.4938 0.4928
211 1.2133 0.8263 0.8264 0.8662 0.4785 0.478 0.8674 0.4787 0.4785
342 1.2008 0.83 0.8298 0.8407 0.4705 0.471 0.8405 0.4704 0.4701
111 1.1629 0.803 0.8029 0.8036 0.4442 0.444 0.8035 0.4449 0.4439
193 1.2205 0.8069 0.8069 0.8742 0.4667 0.4667 0.8742 0.4664 0.467
244 1.2634 0.8806 0.8809 0.8941 0.5086 0.5085 0.8952 0.5083 0.5096
46 1.1269 0.7807 0.781 0.7923 0.4477 0.4475 0.7922 0.4474 0.4475
509 1.0921 0.7841 0.784 0.7949 0.4894 0.4896 0.7949 0.4894 0.4894
144 1.2328 0.8353 0.8352 0.8852 0.4852 0.4845 0.8852 0.486 0.4847
327 1.1798 0.8563 0.8559 0.7882 0.4684 0.4684 0.7883 0.4692 0.4684
227 1.3629 0.8375 0.8376 1.0131 0.4891 0.4893 1.0132 0.4898 0.4893
277 1.2843 0.8064 0.8068 0.9466 0.4741 0.4746 0.9466 0.4742 0.4738
426 1.1959 0.7978 0.798 0.8524 0.4525 0.4527 0.8524 0.4526 0.453
128 1.0721 0.7757 0.7757 0.7394 0.4434 0.4434 0.7394 0.4434 0.4433
310 1.1001 0.7631 0.7631 0.7974 0.4645 0.4644 0.7974 0.4648 0.4634
377 1.1419 0.8526 0.8527 0.7498 0.4575 0.4575 0.7498 0.4575 0.4576
13 1.2065 0.7691 0.7688 0.8963 0.4598 0.4599 0.8963 0.4596 0.4618
510 1.2583 0.8708 0.8708 0.8637 0.4726 0.4732 0.8637 0.4731 0.4727
77 1.0981 0.7694 0.7692 0.8012 0.4723 0.4714 0.8013 0.4725 0.4713
360 1.1925 0.8021 0.8018 0.8387 0.4474 0.4472 0.839 0.4474 0.4471
457 1.2069 0.8015 0.8024 0.8781 0.4748 0.4746 0.8781 0.4751 0.4754
62 1.1625 0.8227 0.8226 0.7998 0.4608 0.4606 0.7996 0.463 0.4607
260 1.1571 0.7803 0.7816 0.8313 0.4545 0.4552 0.8313 0.4547 0.4544
96 1.194 0.799 0.7975 0.8553 0.4616 0.462 0.856 0.4618 0.4619
178 1.2215 0.7431 0.7431 0.9235 0.4461 0.446 0.9235 0.446 0.4461
394 1.345 0.8395 0.8409 0.9657 0.4705 0.4712 0.9655 0.4706 0.4705
47 1.1878 0.7734 0.7735 0.8802 0.4669 0.467 0.8802 0.4669 0.4668
445 1.2832 0.8875 0.8875 0.8885 0.5005 0.5016 0.8885 0.5006 0.5012
145 1.1853 0.8026 0.8031 0.8305 0.4485 0.4491 0.8303 0.4489 0.4489
245 1.1029 0.7824 0.7824 0.7862 0.4675 0.4674 0.7862 0.4674 0.4674
328 1.1898 0.8253 0.8257 0.8366 0.4759 0.4759 0.8366 0.4759 0.476
129 1.2354 0.8797 0.8796 0.8583 0.5027 0.503 0.8583 0.5029 0.5026
526 1.1645 0.7432 0.7432 0.8738 0.4529 0.4529 0.8738 0.4526 0.4533
295 1.1915 0.8263 0.8265 0.8287 0.4643 0.4644 0.8288 0.4641 0.4633
278 1.2778 0.8345 0.8345 0.9042 0.4669 0.4674 0.9042 0.4668 0.4669
194 1.1746 0.8281 0.8296 0.8225 0.478 0.4784 0.8224 0.4781 0.4791
164 1.2048 0.8299 0.8301 0.8492 0.4746 0.4752 0.8492 0.4742 0.4751
511 1.0529 0.6705 0.6705 0.8273 0.4452 0.4459 0.8273 0.4458 0.4453
112 1.1712 0.7985 0.7985 0.8389 0.4628 0.4631 0.839 0.4643 0.463
212 1.1826 0.7633 0.7647 0.8811 0.4617 0.4617 0.8811 0.4625 0.4631
63 1.1294 0.8444 0.8443 0.7651 0.4805 0.4803 0.7651 0.4805 0.4805
78 1.2617 0.8679 0.8678 0.8743 0.4807 0.4808 0.8744 0.4812 0.4813
30 1.3253 0.8748 0.8753 0.9466 0.4981 0.499 0.9465 0.4988 0.4978
395 1.1941 0.8265 0.8265 0.8463 0.4792 0.4791 0.8463 0.4796 0.4803
361 1.3122 0.8705 0.8705 0.9315 0.4918 0.4921 0.9316 0.492 0.4918
407 1.3293 0.9003 0.9003 0.9309 0.5045 0.5039 0.9317 0.5041 0.5047
343 1.2661 0.8314 0.8317 0.93 0.5032 0.5033 0.93 0.5032 0.5029
97 1.1799 0.8115 0.8114 0.8383 0.475 0.475 0.8384 0.4752 0.475
378 1.1835 0.7652 0.7668 0.8821 0.4611 0.4611 0.8825 0.4609 0.4612
146 1.2725 0.9111 0.9111 0.8683 0.5072 0.5073 0.8683 0.5072 0.5073
527 1.2871 0.8383 0.8387 0.9201 0.4745 0.4748 0.9201 0.4744 0.4746
228 1.2655 0.8248 0.8272 0.9198 0.4856 0.4858 0.9196 0.4856 0.4855
491 1.2265 0.8148 0.8148 0.8764 0.4649 0.4647 0.8765 0.4659 0.4643
261 1.208 0.8444 0.8449 0.8401 0.4787 0.4787 0.8399 0.4787 0.4787
14 1.1183 0.8028 0.803 0.775 0.461 0.4611 0.775 0.461 0.461
311 1.2568 0.8534 0.8538 0.8705 0.4688 0.4688 0.8705 0.4686 0.4678
279 1.1737 0.8175 0.8174 0.8389 0.4812 0.4812 0.8389 0.4812 0.4802
458 1.3154 0.8209 0.8211 0.9783 0.4792 0.4785 0.9783 0.4796 0.4795
195 1.1364 0.7934 0.7934 0.814 0.4751 0.4752 0.814 0.4753 0.4763
165 1.1304 0.7733 0.7729 0.8346 0.4801 0.48 0.8346 0.4804 0.4801
48 1.1221 0.7181 0.7183 0.8556 0.454 0.454 0.8556 0.454 0.4542
213 1.2087 0.7589 0.7592 0.9183 0.471 0.4709 0.9183 0.471 0.4712
512 1.1124 0.7559 0.7555 0.823 0.469 0.4706 0.8227 0.4703 0.4688
296 1.1171 0.7626 0.7627 0.8157 0.4563 0.4564 0.8155 0.4565 0.4564
113 1.1058 0.7606 0.7602 0.8039 0.4637 0.4634 0.8039 0.4651 0.4637
147 1.084 0.7994 0.7996 0.7352 0.452 0.452 0.7352 0.4518 0.4521
427 1.2372 0.8023 0.8025 0.8833 0.459 0.4591 0.8834 0.4586 0.4589
31 1.156 0.7934 0.7937 0.8386 0.4762 0.4764 0.8385 0.4763 0.4763
246 1.2206 0.8656 0.8646 0.8264 0.4743 0.4739 0.8265 0.4753 0.4753
229 1.2888 0.8259 0.8269 0.9357 0.4759 0.4761 0.9355 0.476 0.4761
446 1.1744 0.8466 0.8467 0.8673 0.5364 0.5364 0.8673 0.5363 0.5373
312 1.1497 0.7632 0.7634 0.83 0.4427 0.4427 0.8302 0.4427 0.4426
130 1.2225 0.8314 0.8314 0.8511 0.4657 0.4658 0.8511 0.4657 0.4652
196 1.1476 0.8077 0.8081 0.8143 0.4769 0.4772 0.8143 0.4763 0.4772
15 1.1378 0.7431 0.7431 0.8441 0.4528 0.4529 0.844 0.4524 0.4528
262 1.2145 0.798 0.798 0.8699 0.4569 0.4573 0.8699 0.4569 0.4568
474 1.249 0.8118 0.8117 0.8803 0.4526 0.4521 0.8803 0.4522 0.4523
528 1.2253 0.8463 0.846 0.838 0.4657 0.4661 0.838 0.466 0.4655
362 1.2644 0.9134 0.9147 0.8196 0.4734 0.4747 0.8193 0.4741 0.4748
329 1.1123 0.785 0.7856 0.7854 0.465 0.4656 0.7854 0.4649 0.4657
513 1.1987 0.8881 0.8879 0.7831 0.4688 0.4692 0.7831 0.4688 0.4688
379 1.2322 0.8739 0.8739 0.841 0.4869 0.4869 0.841 0.4866 0.4865
64 1.193 0.7958 0.7957 0.8592 0.4651 0.4651 0.8598 0.4644 0.4642
148 1.1191 0.7999 0.8002 0.7729 0.457 0.4569 0.773 0.457 0.457
297 1.2508 0.8456 0.8455 0.9003 0.4937 0.4941 0.9003 0.4937 0.4943
492 1.2949 0.8944 0.8945 0.8995 0.5012 0.5013 0.8995 0.5012 0.5034
459 1.2272 0.7621 0.7631 0.9177 0.46 0.4601 0.9176 0.4609 0.4605
179 1.1954 0.82 0.82 0.8395 0.4624 0.4625 0.8396 0.462 0.4627
313 1.1386 0.8066 0.807 0.791 0.4629 0.463 0.791 0.4629 0.463
396 1.1672 0.7663 0.7661 0.8965 0.498 0.4984 0.8965 0.4983 0.4991
49 1.2201 0.8247 0.8232 0.8589 0.4629 0.463 0.8591 0.4635 0.4636
166 1.222 0.8252 0.8248 0.8805 0.4849 0.4848 0.8804 0.4849 0.485
408 1.0979 0.7173 0.7171 0.8341 0.4576 0.4573 0.8342 0.4576 0.4573
131 1.168 0.7855 0.7856 0.8958 0.5163 0.5165 0.8959 0.5163 0.5163
79 1.3674 0.9078 0.9002 1.004 0.5341 0.533 1.0033 0.5341 0.5331
344 1.2954 0.843 0.8428 0.9371 0.4834 0.4818 0.9369 0.4833 0.4823
98 1.1453 0.7926 0.7925 0.7943 0.4447 0.4443 0.7942 0.4443 0.4447
263 1.1297 0.8269 0.8268 0.7752 0.474 0.4741 0.7752 0.475 0.4754
149 1.1088 0.7569 0.757 0.8189 0.4663 0.4663 0.8188 0.4663 0.4663
114 1.2516 0.9024 0.9025 0.8214 0.4731 0.4732 0.8214 0.473 0.4733
280 1.1988 0.8294 0.8294 0.8414 0.4707 0.4711 0.8414 0.4705 0.4704
298 1.1737 0.7861 0.7871 0.8532 0.4689 0.4685 0.8532 0.4689 0.4688
363 1.2079 0.8598 0.8595 0.7945 0.4451 0.4451 0.7945 0.4451 0.4453
475 1.1579 0.773 0.7734 0.8344 0.4491 0.4491 0.8342 0.4492 0.4493
529 1.1172 0.7694 0.7694 0.8072 0.4592 0.459 0.8072 0.4591 0.4613
32 1.2424 0.8148 0.8148 0.8951 0.475 0.4751 0.8952 0.4747 0.4742
247 1.1174 0.7682 0.769 0.8111 0.4612 0.4618 0.8111 0.4617 0.4617
397 1.1334 0.7839 0.7839 0.8177 0.4691 0.4691 0.8177 0.4691 0.4691
514 1.1527 0.8267 0.8264 0.7894 0.4713 0.472 0.7894 0.4713 0.4713
214 1.0921 0.7998 0.7997 0.7413 0.4498 0.4498 0.7413 0.4493 0.4492
132 1.179 0.8191 0.8191 0.8257 0.4651 0.4649 0.8258 0.4652 0.4659
428 1.0893 0.7507 0.7506 0.8018 0.4635 0.4632 0.8018 0.4634 0.4631
330 1.1297 0.8394 0.8394 0.7547 0.4627 0.4627 0.7547 0.4627 0.4636
447 1.1905 0.7897 0.7901 0.8516 0.4546 0.4545 0.8516 0.4546 0.4544
16 1.1243 0.7657 0.7657 0.8102 0.4519 0.4519 0.8109 0.4519 0.4515
398 1.2423 0.8247 0.8246 0.8874 0.4679 0.4681 0.8874 0.4679 0.4678
180 1.2162 0.7954 0.7928 0.8674 0.4464 0.4468 0.8674 0.4462 0.4466
460 1.1534 0.748 0.748 0.8511 0.4547 0.4551 0.8511 0.4554 0.4552
50 1.162 0.8 0.8004 0.8305 0.4697 0.4713 0.8302 0.4698 0.4708
115 1.1956 0.8604 0.8604 0.8019 0.4716 0.4716 0.8019 0.4712 0.4713
281 1.0904 0.7149 0.7147 0.8557 0.4798 0.4803 0.8558 0.4798 0.4801
65 1.266 0.825 0.826 0.9015 0.4622 0.4634 0.9016 0.4622 0.4638
314 1.2432 0.8367 0.8366 0.9051 0.5029 0.5032 0.9051 0.5032 0.5039
264 1.2367 0.8165 0.8164 0.8809 0.4734 0.4738 0.8809 0.4735 0.4734
150 1.2134 0.7941 0.7941 0.8931 0.4744 0.476 0.8932 0.4743 0.4761
230 1.2379 0.8496 0.8528 0.8513 0.4585 0.4593 0.8513 0.4588 0.4584
530 1.1528 0.7764 0.7764 0.8417 0.4671 0.4671 0.8412 0.4672 0.4671
299 1.1876 0.8101 0.81 0.8506 0.4746 0.4741 0.8506 0.4747 0.4754
515 1.1811 0.7921 0.7942 0.8564 0.4687 0.4688 0.8564 0.4687 0.4691
248 1.2543 0.8159 0.8161 0.9128 0.4737 0.4738 0.9128 0.4736 0.4743
80 1.2101 0.7804 0.7794 0.8933 0.4622 0.4634 0.893 0.4622 0.4631
33 1.1645 0.7963 0.7965 0.8426 0.4702 0.4701 0.8426 0.4702 0.4704
345 1.2474 0.8995 0.8999 0.841 0.493 0.4937 0.841 0.4929 0.493
429 1.2622 0.7996 0.8029 0.9396 0.4769 0.477 0.9395 0.4768 0.4772
409 1.1929 0.7882 0.789 0.8685 0.467 0.4677 0.8686 0.467 0.4673
197 1.3347 0.835 0.8351 0.9692 0.4748 0.4748 0.9692 0.4757 0.4741
476 1.1369 0.7644 0.7644 0.8295 0.4604 0.4608 0.8301 0.4605 0.4605
215 1.1621 0.8065 0.8064 0.8308 0.4725 0.4724 0.8308 0.4725 0.472
331 1.2607 0.8501 0.8509 0.8893 0.4802 0.4815 0.8896 0.4806 0.48
151 1.1464 0.7839 0.7826 0.8363 0.4763 0.4763 0.836 0.4763 0.4765
99 1.1949 0.7656 0.7658 0.8908 0.4614 0.4614 0.8908 0.4623 0.4614
66 1.1281 0.809 0.809 0.7851 0.4654 0.4651 0.7851 0.4654 0.4658
133 1.2455 0.8104 0.8109 0.9042 0.4728 0.4744 0.9041 0.4728 0.4743
461 1.0663 0.7352 0.7353 0.7922 0.4602 0.4602 0.7922 0.4602 0.46
181 1.1196 0.7484 0.7484 0.8332 0.4643 0.4648 0.8332 0.4643 0.4642
17 1.1937 0.8122 0.8088 0.8466 0.4677 0.4675 0.8466 0.4678 0.4693
265 1.1558 0.8286 0.8292 0.797 0.4707 0.4717 0.7969 0.4728 0.4715
249 1.216 0.7723 0.7721 0.914 0.4748 0.4749 0.914 0.475 0.475
380 1.1256 0.8233 0.8234 0.7763 0.4718 0.4715 0.7763 0.4713 0.4713
51 1.3442 0.8998 0.8997 0.936 0.4888 0.4897 0.9359 0.4888 0.4885
34 1.3305 0.8714 0.8715 0.9241 0.4674 0.4683 0.9248 0.4674 0.4682
116 1.1968 0.8055 0.8053 0.8625 0.4732 0.4729 0.8625 0.4738 0.4726
167 1.2767 0.833 0.8306 0.9047 0.4615 0.4607 0.9047 0.4623 0.4604
364 1.1553 0.7776 0.7782 0.8462 0.4724 0.472 0.8461 0.472 0.4722
448 1.155 0.795 0.7951 0.8332 0.473 0.473 0.8331 0.4729 0.473
67 1.1431 0.8528 0.8527 0.7648 0.476 0.4761 0.7648 0.4764 0.4759
152 1.2332 0.7846 0.7852 0.9039 0.4629 0.4631 0.9036 0.4629 0.4647
81 1.2069 0.8254 0.8256 0.8199 0.4429 0.443 0.8199 0.4422 0.4437
216 1.2117 0.7885 0.7883 0.8714 0.4484 0.4482 0.8713 0.4483 0.4493
231 1.2683 0.8398 0.8402 0.8925 0.4715 0.473 0.8925 0.4715 0.4717
531 1.2638 0.8296 0.8297 0.9012 0.4697 0.4698 0.901 0.4696 0.4696
18 1.1869 0.8262 0.8261 0.8502 0.4879 0.4878 0.8502 0.4879 0.4879
493 1.2255 0.8236 0.8238 0.8833 0.4822 0.4819 0.8834 0.4819 0.4818
134 1.2763 0.8615 0.8617 0.9274 0.5142 0.5145 0.928 0.5141 0.5138
153 1.1576 0.804 0.8038 0.8493 0.4973 0.4971 0.849 0.4972 0.4973
266 1.1957 0.8034 0.8035 0.8568 0.4654 0.4653 0.8569 0.4653 0.4653
315 1.1459 0.8259 0.8271 0.8019 0.4801 0.4798 0.8018 0.48 0.4798
35 1.1425 0.7265 0.7266 0.8542 0.4402 0.441 0.8542 0.4405 0.4409
100 1.2563 0.8511 0.8513 0.8546 0.4507 0.4509 0.8556 0.4505 0.4511
449 1.1589 0.7968 0.7967 0.8183 0.457 0.4572 0.8183 0.457 0.4569
232 1.3257 0.9032 0.9081 0.9076 0.4883 0.4882 0.9076 0.4883 0.4888
365 1.4043 0.9161 0.9185 0.9841 0.497 0.4971 0.9839 0.4969 0.4972
346 1.1653 0.7461 0.7469 0.8816 0.4621 0.4622 0.8815 0.463 0.463
516 1.2678 0.8136 0.8136 0.9057 0.4516 0.4546 0.9057 0.4516 0.4514
282 1.2144 0.8137 0.8132 0.8636 0.4716 0.472 0.8636 0.472 0.4714
198 1.1304 0.7669 0.7661 0.8267 0.4626 0.4627 0.8267 0.4631 0.4639
300 1.1023 0.755 0.7555 0.7812 0.4362 0.4366 0.7814 0.4364 0.4366
168 1.1327 0.7669 0.7669 0.7995 0.4363 0.4362 0.7996 0.4372 0.4374
410 1.0712 0.7356 0.7357 0.7767 0.4453 0.4454 0.7766 0.4453 0.4454
399 1.1224 0.7474 0.747 0.842 0.4652 0.4656 0.8421 0.4652 0.4652
332 1.1274 0.8 0.8003 0.787 0.4617 0.4616 0.787 0.4631 0.4616
381 1.1932 0.8589 0.8593 0.8054 0.4715 0.4722 0.8054 0.4737 0.4732
316 1.2004 0.8583 0.8584 0.8055 0.4685 0.4682 0.8055 0.4684 0.4686
517 1.2936 0.8286 0.8284 0.9451 0.4806 0.4803 0.9445 0.4808 0.4804
430 1.158 0.7685 0.7686 0.8355 0.4502 0.4499 0.8353 0.4501 0.4516
19 1.2008 0.7933 0.7938 0.8668 0.4602 0.4606 0.8668 0.4608 0.4611
217 1.1465 0.8075 0.8083 0.8108 0.4706 0.4695 0.8105 0.4712 0.4699
250 1.176 0.7979 0.7977 0.8181 0.4428 0.4428 0.8181 0.4428 0.4424
52 1.1771 0.8171 0.8188 0.8458 0.4873 0.4876 0.8478 0.4873 0.4875
477 1.1397 0.7961 0.7972 0.7981 0.4553 0.4554 0.7981 0.4554 0.4552
450 1.3394 0.9211 0.9209 0.9444 0.5245 0.5244 0.9443 0.5244 0.5246
117 1.1828 0.7796 0.7789 0.871 0.4724 0.4725 0.871 0.4726 0.4725
366 1.2109 0.8455 0.8455 0.8449 0.4788 0.4789 0.8444 0.4788 0.4791
347 1.2407 0.7802 0.7799 0.919 0.4595 0.4596 0.9186 0.4594 0.4619
169 1.0539 0.759 0.7586 0.7629 0.4675 0.4675 0.7629 0.4676 0.4674
283 1.1916 0.8111 0.811 0.8432 0.468 0.4675 0.8433 0.4678 0.468
532 1.1449 0.7611 0.7614 0.8537 0.4702 0.4702 0.8534 0.4702 0.4707
135 1.1122 0.7481 0.7483 0.8087 0.4425 0.4428 0.8088 0.4424 0.4427
182 1.1117 0.7426 0.7426 0.823 0.458 0.4581 0.823 0.458 0.4577
267 1.2619 0.8267 0.8257 0.8774 0.4458 0.4451 0.8774 0.4452 0.4454
462 1.1251 0.8137 0.8139 0.783 0.4673 0.4671 0.783 0.4666 0.4676
68 1.1586 0.7463 0.7439 0.8484 0.4333 0.4341 0.8484 0.4331 0.434
518 1.2927 0.8748 0.8747 0.9105 0.4965 0.4969 0.9104 0.4963 0.4967
251 1.2389 0.7776 0.7777 0.8989 0.4435 0.444 0.8991 0.4455 0.4452
101 1.3146 0.8323 0.8326 0.9462 0.4647 0.4644 0.9462 0.4646 0.4642
367 1.2228 0.7535 0.7541 0.9554 0.4959 0.4968 0.9555 0.4966 0.4967
233 1.107 0.7789 0.7789 0.775 0.4475 0.4472 0.7752 0.4476 0.4482
333 1.2178 0.862 0.8622 0.846 0.4855 0.4859 0.8461 0.4858 0.4855
36 1.3125 0.8579 0.858 0.9478 0.4946 0.4947 0.9477 0.4946 0.4948
494 1.3593 0.8627 0.8629 0.9698 0.4741 0.4745 0.9698 0.4741 0.4741
170 1.1482 0.7521 0.7522 0.8507 0.4557 0.456 0.8508 0.4559 0.4559
317 1.2524 0.7984 0.7985 0.9219 0.4658 0.4664 0.9219 0.466 0.466
154 1.0372 0.6588 0.6631 0.8167 0.4407 0.4424 0.8166 0.4408 0.4407
284 1.113 0.756 0.7561 0.8133 0.4624 0.4623 0.8133 0.4633 0.4625
199 1.085 0.7385 0.7386 0.8013 0.4559 0.4568 0.8013 0.4558 0.4554
218 1.1612 0.816 0.8162 0.8052 0.4591 0.4596 0.8052 0.459 0.4597
20 1.1763 0.7777 0.7777 0.8625 0.4601 0.4601 0.8625 0.46 0.4593
82 1.2531 0.8416 0.8411 0.8867 0.4742 0.4739 0.8866 0.4739 0.4737
368 1.1644 0.8016 0.8015 0.807 0.4456 0.4453 0.807 0.4456 0.4464
53 1.2837 0.8399 0.8407 0.9185 0.4685 0.4698 0.9184 0.4692 0.4681
69 1.1534 0.8307 0.831 0.7922 0.4687 0.4689 0.7922 0.4688 0.4692
334 1.3351 0.8758 0.8755 0.9779 0.522 0.5219 0.9779 0.5221 0.5222
431 1.2141 0.7928 0.7926 0.8934 0.4733 0.4734 0.8934 0.4743 0.4756
183 1.1871 0.791 0.7912 0.8577 0.464 0.4644 0.8577 0.464 0.4643
37 1.2189 0.8282 0.8285 0.8849 0.4912 0.4914 0.8849 0.4915 0.4921
382 1.2341 0.8481 0.8485 0.8762 0.4891 0.4886 0.8762 0.4902 0.4897
252 1.0686 0.7045 0.7045 0.8089 0.4471 0.4475 0.8089 0.4472 0.4471
301 1.1216 0.7731 0.774 0.8171 0.4689 0.4693 0.8171 0.469 0.4687
268 1.3056 0.9489 0.9479 0.8767 0.5193 0.5192 0.8771 0.5197 0.5196
83 1.1491 0.7489 0.749 0.8459 0.4461 0.4462 0.8459 0.4461 0.4468
155 1.2309 0.808 0.8082 0.9337 0.51 0.5101 0.9338 0.51 0.5104
318 1.1244 0.7826 0.7826 0.8152 0.4729 0.4729 0.8149 0.4727 0.473
533 1.2644 0.8398 0.8398 0.8891 0.4643 0.4647 0.8891 0.4645 0.4644
171 1.0595 0.7011 0.7012 0.8155 0.4586 0.4587 0.8154 0.4588 0.4586
463 1.1354 0.7765 0.7767 0.8332 0.4725 0.4728 0.8332 0.4735 0.4743
348 1.1801 0.7816 0.7823 0.8537 0.4534 0.4535 0.8536 0.4543 0.4532
400 1.2199 0.8197 0.8186 0.8714 0.4741 0.4736 0.8714 0.4741 0.4737
70 1.3093 0.8616 0.8617 0.9414 0.4975 0.4977 0.9414 0.4973 0.4974
411 1.1868 0.8815 0.8815 0.7816 0.4774 0.4778 0.7816 0.4775 0.4775
234 1.1136 0.7691 0.7696 0.8269 0.4811 0.4812 0.8271 0.4836 0.4838
54 1.1773 0.7974 0.7973 0.8582 0.4803 0.4807 0.8582 0.4803 0.4805
38 1.2167 0.8355 0.8352 0.8648 0.486 0.486 0.8649 0.486 0.487
136 1.2415 0.8599 0.8596 0.8561 0.4803 0.4816 0.856 0.4811 0.4811
118 1.1718 0.8544 0.8547 0.7912 0.4726 0.4729 0.7912 0.4726 0.472
285 1.1388 0.7517 0.7517 0.8434 0.459 0.4588 0.8433 0.4589 0.4592
84 1.0962 0.7265 0.7265 0.8112 0.4453 0.4455 0.8112 0.4457 0.4454
464 1.0966 0.7311 0.7313 0.8085 0.4436 0.4437 0.8085 0.4437 0.4437
349 1.1137 0.7103 0.7104 0.8593 0.4574 0.4574 0.8593 0.4574 0.4573
519 1.2311 0.8162 0.8162 0.8724 0.4571 0.4571 0.8724 0.4571 0.4574
451 1.0794 0.7836 0.7835 0.728 0.4361 0.436 0.728 0.4357 0.4356
478 1.2329 0.821 0.821 0.8812 0.4682 0.4684 0.8812 0.469 0.4688
200 1.2079 0.7902 0.7897 0.8884 0.4705 0.4706 0.8883 0.4703 0.471
269 1.1364 0.7686 0.7681 0.8246 0.4551 0.4551 0.8246 0.4553 0.4549
253 1.1907 0.8407 0.841 0.8046 0.4554 0.4551 0.8046 0.4554 0.4552
432 1.1759 0.7991 0.7993 0.8713 0.4959 0.4966 0.8713 0.4959 0.4959
21 1.1801 0.8196 0.8195 0.8131 0.4513 0.4513 0.8131 0.4517 0.4511
319 1.1604 0.7796 0.7796 0.8352 0.4579 0.458 0.8352 0.4579 0.4572
335 1.2786 0.8497 0.8496 0.9306 0.5027 0.5031 0.9306 0.5027 0.5025
102 1.1987 0.8191 0.8191 0.8359 0.4609 0.461 0.8359 0.461 0.4609
383 1.2006 0.8137 0.8141 0.8754 0.4956 0.4958 0.8755 0.4975 0.4978
119 1.2007 0.8104 0.8105 0.8503 0.4594 0.4595 0.8503 0.4595 0.4594
534 1.2208 0.8013 0.8015 0.888 0.4698 0.4697 0.888 0.4696 0.4695
520 1.2437 0.8715 0.8712 0.8422 0.4626 0.4626 0.8422 0.4623 0.4625
39 1.222 0.7921 0.7917 0.9034 0.472 0.472 0.9034 0.472 0.4717
184 1.1639 0.8105 0.8105 0.8024 0.4523 0.4522 0.8024 0.4531 0.4528
495 1.1549 0.8266 0.8268 0.8061 0.4804 0.481 0.8063 0.4808 0.4803
302 1.2509 0.8338 0.8317 0.8816 0.4656 0.4656 0.8816 0.4677 0.4657
103 1.1509 0.8079 0.8084 0.82 0.4778 0.4773 0.8201 0.4778 0.4774
320 1.287 0.8313 0.8318 0.9348 0.4765 0.4767 0.9348 0.477 0.477
219 1.1876 0.741 0.7411 0.9035 0.4602 0.4617 0.9085 0.46 0.4623
433 1.1586 0.7467 0.7473 0.8698 0.46 0.4602 0.8698 0.4596 0.46
172 1.1436 0.8082 0.8083 0.7903 0.4534 0.4527 0.7904 0.4537 0.4548
336 1.1239 0.7777 0.7785 0.7888 0.4505 0.4505 0.7908 0.4502 0.4512
55 1.1975 0.8289 0.829 0.821 0.4536 0.4527 0.8222 0.4536 0.4531
235 1.1248 0.791 0.7907 0.7711 0.4391 0.439 0.7711 0.4391 0.4389
369 1.3181 0.9158 0.9151 0.8808 0.4918 0.4915 0.8808 0.4933 0.4885
71 1.1906 0.8005 0.8004 0.8731 0.4837 0.4835 0.8732 0.4838 0.4843
286 1.1383 0.7551 0.7552 0.8476 0.464 0.4643 0.8476 0.4638 0.4639
156 1.2217 0.8433 0.8432 0.8488 0.4665 0.4665 0.8487 0.4666 0.4662
270 1.2442 0.7654 0.7654 0.9564 0.4826 0.4828 0.9549 0.4826 0.4827
303 1.1916 0.8059 0.8058 0.8692 0.4835 0.4835 0.8693 0.4836 0.4837
40 1.111 0.7475 0.7475 0.825 0.459 0.4589 0.825 0.459 0.4588
254 1.2985 0.8999 0.8998 0.8671 0.4672 0.4669 0.8671 0.4669 0.4672
401 1.2333 0.8804 0.8809 0.8328 0.4893 0.4898 0.8327 0.4897 0.4896
452 1.2091 0.7775 0.7777 0.9198 0.4913 0.4924 0.9197 0.4913 0.4913
85 1.3555 0.9175 0.9177 0.9409 0.5032 0.5032 0.9409 0.5032 0.5031
201 1.1639 0.8096 0.8097 0.8202 0.4687 0.4688 0.8202 0.4688 0.4688
120 1.2283 0.7878 0.7892 0.9326 0.491 0.4911 0.9326 0.491 0.4902
350 1.159 0.7777 0.7776 0.8589 0.4752 0.476 0.8589 0.4752 0.4752
104 1.1467 0.7808 0.781 0.7974 0.443 0.4431 0.7972 0.443 0.4429
479 1.1638 0.8298 0.8302 0.8213 0.485 0.4853 0.8213 0.485 0.4853
137 1.1672 0.7861 0.7862 0.8576 0.478 0.4781 0.8576 0.4778 0.4777
185 1.0736 0.6897 0.6898 0.8185 0.4384 0.4387 0.8185 0.4385 0.4389
72 1.272 0.8574 0.8573 0.9162 0.5042 0.5032 0.9166 0.5038 0.5042
321 1.2043 0.7971 0.797 0.8785 0.4732 0.4732 0.8785 0.4732 0.4732
496 1.2155 0.7832 0.7849 0.8738 0.4452 0.4459 0.8738 0.4455 0.4455
370 1.1176 0.7706 0.772 0.786 0.439 0.4395 0.786 0.439 0.4391
535 1.2223 0.8734 0.8734 0.8509 0.5017 0.5032 0.851 0.5017 0.5016
412 1.1927 0.7783 0.7775 0.8727 0.4573 0.4576 0.8726 0.4577 0.4568
236 1.1257 0.7037 0.7033 0.8679 0.4426 0.4423 0.8679 0.4427 0.4413
173 0.9944 0.7511 0.7507 0.6901 0.4461 0.4453 0.6901 0.446 0.4447
402 1.0943 0.7813 0.7814 0.76 0.4457 0.4459 0.76 0.4457 0.4459
304 1.2091 0.7975 0.7977 0.8681 0.456 0.4568 0.8682 0.4565 0.4576
138 1.1275 0.819 0.819 0.7823 0.4734 0.4733 0.7823 0.4734 0.4735
121 1.1159 0.7432 0.7434 0.8217 0.4565 0.4565 0.8214 0.4562 0.4561
202 1.2505 0.8238 0.8242 0.8845 0.4611 0.4624 0.8844 0.4613 0.4616
86 1.1802 0.7902 0.7901 0.8507 0.459 0.4594 0.8507 0.4591 0.4588
384 1.2337 0.7812 0.7816 0.9055 0.4601 0.4611 0.9055 0.4603 0.4611
56 1.1522 0.7751 0.775 0.8265 0.4497 0.4496 0.8265 0.4494 0.4493
351 1.1831 0.8259 0.8309 0.8068 0.4551 0.456 0.8069 0.4555 0.4545
465 1.1657 0.8347 0.8348 0.7959 0.4635 0.4635 0.7962 0.4629 0.4633
186 1.0804 0.7384 0.7385 0.7747 0.4341 0.4336 0.7747 0.4341 0.4335
434 1.3016 0.8837 0.8835 0.8997 0.4801 0.4804 0.8997 0.4802 0.4801
322 1.2138 0.7905 0.7907 0.9102 0.4853 0.4863 0.9101 0.4853 0.4854
105 1.2323 0.8309 0.8308 0.877 0.4752 0.4747 0.877 0.475 0.4738
480 1.1352 0.8091 0.807 0.7622 0.4366 0.4367 0.7631 0.4367 0.4365
255 1.2284 0.8113 0.8111 0.8763 0.4629 0.4627 0.8768 0.4635 0.4632
287 1.2772 0.9106 0.9113 0.8716 0.5057 0.5058 0.8716 0.5057 0.5053
371 1.2017 0.8507 0.8505 0.8166 0.468 0.4681 0.8164 0.468 0.4682
22 1.2699 0.868 0.8681 0.8836 0.485 0.4849 0.8836 0.4848 0.4859
122 1.1571 0.777 0.7774 0.8317 0.4491 0.4494 0.8313 0.4515 0.4509
203 1.1934 0.8302 0.8303 0.8328 0.471 0.4711 0.8326 0.4709 0.4712
305 1.1706 0.8125 0.8127 0.817 0.4667 0.4669 0.8171 0.4674 0.4667
453 1.2464 0.8617 0.8593 0.8623 0.4719 0.4722 0.8644 0.4716 0.4734
87 1.0743 0.7698 0.7698 0.7615 0.4587 0.4595 0.7615 0.4586 0.459
237 1.1079 0.7088 0.7086 0.8498 0.4532 0.4532 0.8498 0.4532 0.4531
271 1.1957 0.814 0.8155 0.8636 0.4791 0.4795 0.8636 0.4792 0.4818
139 1.2245 0.8056 0.8055 0.9193 0.5014 0.5018 0.9192 0.5026 0.5021
536 1.2323 0.8743 0.8747 0.8387 0.4831 0.4841 0.8387 0.4832 0.4851
403 1.1794 0.8247 0.8246 0.8197 0.4687 0.4708 0.8196 0.4687 0.4686
57 1.1772 0.7994 0.7993 0.8423 0.4624 0.4631 0.8423 0.4625 0.4625
220 1.1717 0.7926 0.7925 0.8601 0.4864 0.4866 0.8587 0.4881 0.4876
497 1.1181 0.7846 0.7851 0.7705 0.4382 0.4382 0.7704 0.4406 0.4398
435 1.1848 0.8149 0.8147 0.8208 0.451 0.451 0.8208 0.451 0.4511
385 1.1669 0.7778 0.7776 0.8687 0.4839 0.4838 0.8687 0.4839 0.4836
73 1.062 0.7322 0.7322 0.7874 0.4572 0.457 0.7874 0.4569 0.4571
204 1.1753 0.7799 0.78 0.8864 0.4922 0.4924 0.8866 0.4921 0.4924
352 1.2068 0.8022 0.8033 0.8748 0.4711 0.4717 0.8748 0.4711 0.4709
238 1.1348 0.7799 0.78 0.7981 0.4416 0.4419 0.7982 0.4416 0.4419
337 1.187 0.821 0.8207 0.8369 0.4711 0.4709 0.8366 0.4708 0.4711
466 1.1892 0.736 0.7359 0.9046 0.4544 0.4547 0.9052 0.4559 0.4564
221 1.2053 0.8688 0.8689 0.8144 0.4807 0.4807 0.8144 0.4807 0.4807
404 1.1499 0.7735 0.7744 0.8525 0.4729 0.4732 0.8525 0.4729 0.4732
413 1.2563 0.8376 0.8373 0.8875 0.4702 0.4697 0.8875 0.4699 0.4702
106 1.1779 0.7757 0.7758 0.8443 0.4549 0.4548 0.8443 0.4549 0.4542
288 1.1097 0.779 0.779 0.803 0.4714 0.4725 0.803 0.4723 0.4725
481 1.1322 0.8062 0.8063 0.8109 0.4849 0.4849 0.8105 0.4849 0.4848
498 1.2591 0.8615 0.861 0.9079 0.5108 0.5105 0.9078 0.5108 0.5112
187 1.1472 0.7624 0.7621 0.8441 0.4581 0.4579 0.8439 0.4588 0.4585
23 1.2157 0.8137 0.8137 0.8731 0.4722 0.4724 0.8731 0.4722 0.4723
123 1.1904 0.7944 0.7949 0.854 0.46 0.4619 0.854 0.4599 0.4598
272 1.4662 0.9204 0.9204 1.0374 0.4957 0.4957 1.0374 0.4949 0.4953
239 1.2469 0.8238 0.8238 0.9032 0.48 0.4801 0.9034 0.48 0.4801
467 1.1958 0.7662 0.7662 0.8842 0.4572 0.4571 0.8853 0.4582 0.4583
436 1.2734 0.8678 0.8676 0.8678 0.4635 0.4633 0.8677 0.4642 0.4636
88 1.3226 0.8053 0.8058 0.9868 0.47 0.4702 0.9867 0.4698 0.4707
537 1.1937 0.7483 0.7483 0.8869 0.4416 0.4416 0.8869 0.4418 0.4434
405 1.2276 0.8304 0.8294 0.8611 0.4706 0.4706 0.8611 0.471 0.4712
338 1.0807 0.7729 0.7729 0.7461 0.4399 0.4398 0.7462 0.4399 0.4398
205 1.1336 0.7392 0.7392 0.8381 0.448 0.448 0.838 0.449 0.4495
353 1.1615 0.849 0.8495 0.7965 0.4874 0.4872 0.7965 0.4871 0.487
499 1.1873 0.7989 0.7982 0.8584 0.4695 0.4685 0.8584 0.4692 0.469
482 1.0666 0.7078 0.7081 0.7955 0.4365 0.4363 0.7955 0.4363 0.4374
289 1.2152 0.7989 0.7988 0.8832 0.4667 0.4668 0.8832 0.4668 0.4694
222 1.274 0.8699 0.87 0.8424 0.4378 0.4379 0.8424 0.4377 0.4382
188 1.1384 0.7828 0.7825 0.8221 0.4667 0.4667 0.8221 0.4667 0.4664
386 1.3766 0.8692 0.8689 1.0146 0.5182 0.5182 1.0155 0.518 0.5174
454 1.2301 0.8179 0.8186 0.851 0.4424 0.4425 0.851 0.4425 0.442
500 1.2827 0.8108 0.8108 0.9754 0.5017 0.5015 0.9754 0.5024 0.5026
468 1.1181 0.7386 0.7388 0.8325 0.4518 0.452 0.8326 0.4522 0.4541
24 1.1954 0.8051 0.8045 0.8735 0.4846 0.4847 0.8732 0.4847 0.4846
89 1.1802 0.7819 0.7818 0.8851 0.4888 0.4889 0.8853 0.4889 0.4878
437 1.1781 0.7954 0.797 0.8659 0.4848 0.485 0.8664 0.4848 0.4862
354 1.2825 0.7611 0.762 1.0037 0.4885 0.4884 1.0039 0.4882 0.4888
414 1.2069 0.843 0.8428 0.827 0.4644 0.4645 0.8276 0.4646 0.4643
438 1.1334 0.7689 0.769 0.8427 0.4809 0.481 0.8426 0.4809 0.4805
387 1.1207 0.7797 0.7801 0.7712 0.4307 0.4319 0.7711 0.4308 0.431
355 1.1384 0.8322 0.8325 0.7624 0.4573 0.4573 0.7624 0.4573 0.4577
501 1.0814 0.703 0.7031 0.8304 0.4526 0.4521 0.8303 0.4529 0.4548
206 1.1184 0.7894 0.7892 0.7884 0.4565 0.4565 0.7887 0.4577 0.4567
483 1.2215 0.8891 0.8863 0.8342 0.4987 0.4986 0.8342 0.4987 0.4957
469 1.1041 0.7577 0.7581 0.7969 0.4537 0.4537 0.7969 0.4537 0.4539
90 1.2537 0.8823 0.8826 0.8781 0.5058 0.5048 0.8781 0.5058 0.5074
388 1.2052 0.8211 0.8211 0.8549 0.4751 0.4753 0.8548 0.4752 0.475
502 1.0857 0.7036 0.7043 0.8367 0.456 0.456 0.8366 0.456 0.4561
484 1.1019 0.747 0.748 0.8247 0.4692 0.4691 0.8247 0.4696 0.4697
415 1.1891 0.8397 0.8398 0.8284 0.4821 0.4821 0.8284 0.4821 0.4812
503 1.2548 0.8441 0.844 0.8914 0.4785 0.4784 0.8914 0.4784 0.4804
416 1.0011 0.7136 0.7136 0.7511 0.4648 0.4648 0.7511 0.4645 0.465
470 1.1798 0.7975 0.7973 0.8677 0.4842 0.4842 0.8678 0.4839 0.4836
189 1.1699 0.7937 0.7942 0.8257 0.4533 0.4537 0.8257 0.4538 0.4532
485 1.4204 0.9488 0.9495 0.9876 0.513 0.5132 0.9875 0.5144 0.513
417 1.1645 0.7848 0.7848 0.8362 0.4596 0.4595 0.8362 0.4596 0.4597
504 1.1759 0.7826 0.7823 0.8727 0.4795 0.479 0.8727 0.4795 0.4788
471 1.1721 0.8425 0.8426 0.7975 0.4678 0.4668 0.7967 0.468 0.4669
486 1.0104 0.7113 0.7115 0.7349 0.4352 0.4354 0.7349 0.4353 0.4356
418 1.2962 0.8781 0.878 0.8719 0.4567 0.4568 0.872 0.4578 0.4573
487 1.0555 0.7344 0.7345 0.7683 0.4503 0.4502 0.7679 0.4509 0.4511
419 1.3222 0.8639 0.8639 0.9559 0.5002 0.5015 0.9559 0.4999 0.5
420 1.2369 0.8268 0.8251 0.9269 0.5192 0.5187 0.9269 0.5191 0.5192
421 1.0856 0.7875 0.7877 0.7605 0.4611 0.461 0.7604 0.4611 0.4611
