"x"
"1" "Generate from t distribution. Repeat 530 times. The variance of residual is 0.04"
"x"
"1" "== degree of freedom:  2 =="
422 1.5262 1.0955 1.0955 1.0886 0.6483 0.6484 1.0886 0.6482 0.6491
58 1.2715 0.9121 0.9124 0.9248 0.5641 0.565 0.9249 0.5641 0.5654
505 1.6423 1.0934 1.0934 1.1164 0.5891 0.5895 1.1179 0.589 0.5895
389 1.345 0.9544 0.9542 0.9552 0.5641 0.564 0.9552 0.5637 0.5637
174 1.6272 1.1269 1.1269 1.1444 0.6483 0.6473 1.1444 0.6482 0.6472
157 1.4722 0.9904 0.9902 1.0625 0.5798 0.5798 1.0624 0.5799 0.5819
124 1.5846 1.0386 1.0392 1.1699 0.6207 0.6207 1.1699 0.6207 0.6234
91 1.3276 0.9039 0.9038 0.8895 0.4692 0.4692 0.8893 0.4704 0.4691
41 1.4179 1.0459 1.0461 0.9628 0.5898 0.5899 0.9629 0.5897 0.5884
25 1.6832 1.1154 1.1166 1.2202 0.647 0.6473 1.2178 0.647 0.6475
488 1.4851 0.9952 0.9947 1.0882 0.5934 0.5934 1.088 0.5924 0.593
455 1.232 0.8931 0.893 0.8578 0.5187 0.5195 0.8578 0.5183 0.5184
356 1.6207 1.0398 1.0404 1.1999 0.6142 0.6142 1.2 0.6142 0.6143
273 1.3206 0.8769 0.88 1.0013 0.562 0.5624 1.0012 0.5618 0.5626
256 1.4665 0.9755 0.975 1.0186 0.5191 0.5191 1.0187 0.519 0.5188
472 1.5136 0.9679 0.9686 1.1209 0.58 0.5806 1.1209 0.58 0.5801
74 1.3319 0.9222 0.9215 0.967 0.5594 0.5592 0.9673 0.5594 0.5609
140 1.4083 0.8803 0.8813 1.0587 0.533 0.5332 1.0587 0.5333 0.5326
439 1.4517 0.9969 0.9968 1.0284 0.5844 0.5839 1.0282 0.5836 0.5864
372 1.688 1.1224 1.1227 1.1832 0.615 0.6149 1.1831 0.6145 0.614
406 1.5017 0.973 0.9729 1.1412 0.6181 0.6181 1.1413 0.618 0.6169
175 1.7293 1.0817 1.0851 1.2544 0.6161 0.6153 1.2544 0.6159 0.6159
8 1.1867 0.7533 0.7534 0.9207 0.4875 0.4889 0.9208 0.4875 0.4884
290 1.4163 0.8936 0.8937 1.0548 0.5422 0.5434 1.0559 0.5424 0.5419
339 1.8201 1.2241 1.2247 1.2539 0.6599 0.6603 1.254 0.6589 0.6598
521 1.7519 1.1497 1.1495 1.1764 0.5696 0.5698 1.1764 0.5695 0.5688
323 1.2051 0.8379 0.8381 0.8728 0.5076 0.5093 0.8729 0.5072 0.5088
92 1.4886 0.9432 0.9433 1.0877 0.5416 0.5415 1.0877 0.5392 0.5415
107 1.4791 1.0482 1.0482 1.0045 0.5685 0.5703 1.0045 0.5689 0.569
357 1.6067 1.1102 1.1129 1.062 0.5695 0.5705 1.0621 0.5697 0.5703
125 1.3075 0.8977 0.8976 0.9275 0.5229 0.5224 0.9275 0.5229 0.5229
190 1.4624 1.0445 1.0446 0.9977 0.5852 0.5857 0.9977 0.584 0.5872
158 1.6585 0.9424 0.9416 1.2884 0.5766 0.5765 1.2882 0.5766 0.5768
223 1.4892 1.0118 1.011 1.0486 0.5722 0.5737 1.0488 0.5722 0.5718
306 1.186 0.822 0.8223 0.8906 0.5279 0.5281 0.8906 0.5284 0.5275
407 1.5345 1.0729 1.0719 1.075 0.6134 0.6134 1.075 0.6134 0.613
207 1.332 0.9596 0.9566 0.8926 0.5213 0.5239 0.8925 0.5211 0.5238
26 1.3603 0.9558 0.9558 0.9617 0.5703 0.57 0.9617 0.5702 0.5696
291 1.5165 1.0023 1.0026 1.1143 0.5964 0.5965 1.1143 0.5964 0.5966
59 1.2003 0.8785 0.8791 0.8065 0.4868 0.4867 0.8068 0.4867 0.4878
506 1.6697 1.121 1.1213 1.1848 0.6416 0.6414 1.1848 0.6418 0.6413
440 1.6604 1.1305 1.1318 1.2186 0.6988 0.7022 1.2192 0.6989 0.7012
489 1.5745 1.0168 1.017 1.1649 0.6117 0.6117 1.1649 0.6117 0.6103
42 1.7782 1.1882 1.1882 1.2857 0.6969 0.6963 1.2857 0.6961 0.6989
473 1.3818 0.9869 0.9868 0.9653 0.5785 0.5782 0.9653 0.5784 0.5778
257 1.9528 1.2073 1.2072 1.4306 0.727 0.7274 1.4306 0.727 0.7237
292 1.8726 1.2926 1.2912 1.2907 0.7082 0.7064 1.2908 0.7084 0.7067
423 1.5989 1.1246 1.1257 1.0754 0.6021 0.6019 1.0754 0.6015 0.6019
358 1.608 1.124 1.1247 1.1956 0.703 0.7038 1.1956 0.7029 0.7034
141 1.6322 1.0746 1.0746 1.178 0.619 0.621 1.1782 0.6191 0.6216
307 1.7652 1.1301 1.1302 1.2763 0.6439 0.6437 1.2763 0.6429 0.6431
240 1.5803 0.9876 0.9884 1.2104 0.6164 0.6156 1.2096 0.6159 0.6155
522 1.7577 1.1369 1.137 1.292 0.6728 0.674 1.2913 0.6727 0.6731
373 1.5151 1.0913 1.0915 0.9882 0.5646 0.5647 0.9885 0.5647 0.5645
159 1.4513 1.089 1.0893 0.9458 0.5856 0.5856 0.9458 0.5856 0.587
293 1.4532 0.9649 0.9649 1.019 0.5336 0.5335 1.019 0.5336 0.5337
390 1.381 0.974 0.9737 0.9993 0.5856 0.5862 0.9997 0.5856 0.5846
191 1.4028 1.0446 1.0476 0.9567 0.6064 0.6058 0.9561 0.6049 0.6035
108 1.6952 1.2345 1.2348 1.1153 0.6601 0.6603 1.1155 0.6602 0.6596
456 1.5663 1.1302 1.1303 1.0706 0.6276 0.628 1.0706 0.6279 0.6267
324 1.391 0.9329 0.9326 1.0581 0.5939 0.5945 1.0586 0.5946 0.5951
408 1.6964 1.1076 1.1101 1.2247 0.66 0.6599 1.2247 0.6599 0.66
340 1.6837 1.1477 1.1455 1.1263 0.6024 0.6025 1.126 0.6014 0.6022
60 1.5547 1.1417 1.1526 1.0126 0.6126 0.6145 1.0121 0.6126 0.6163
9 1.5472 0.9955 0.9957 1.1299 0.5838 0.5837 1.1299 0.5838 0.5832
43 1.5493 0.9849 0.9851 1.1243 0.5746 0.5752 1.1243 0.575 0.5748
274 1.8717 1.1857 1.1856 1.5223 0.8468 0.8467 1.5221 0.8462 0.8466
294 1.533 1.0398 1.0399 1.1457 0.6578 0.6578 1.1457 0.6578 0.6575
176 1.2459 0.88 0.8819 0.9236 0.5571 0.5591 0.9237 0.5555 0.5554
341 1.5195 0.9897 0.9898 1.068 0.545 0.5447 1.0677 0.5449 0.545
75 1.3782 0.9001 0.8987 1.0172 0.5522 0.5517 1.0171 0.5545 0.5519
27 1.6354 1.1091 1.1091 1.1298 0.6046 0.6045 1.1297 0.6044 0.6043
142 1.4602 1.0345 1.0336 1.0304 0.6071 0.6065 1.03 0.6071 0.6067
126 1.8088 1.2018 1.2014 1.3022 0.7118 0.7102 1.3025 0.7119 0.709
507 2.1983 1.4417 1.4476 1.5887 0.8292 0.8333 1.5887 0.8291 0.8263
374 1.5496 1.0009 1.001 1.1493 0.6071 0.6072 1.1493 0.6075 0.6096
359 1.6831 1.0053 1.0052 1.3679 0.686 0.6869 1.3677 0.686 0.6857
224 2.354 1.6063 1.608 1.6043 0.8694 0.8716 1.6043 0.8681 0.8689
241 1.7123 1.1575 1.1576 1.2722 0.7108 0.7122 1.2706 0.7121 0.7125
424 1.3891 0.9619 0.9625 0.9933 0.5666 0.5664 0.9936 0.5671 0.5671
208 1.6287 1.109 1.1117 1.2087 0.7057 0.7039 1.2087 0.7057 0.7059
192 1.2257 0.8799 0.8798 0.8352 0.4897 0.4891 0.835 0.4897 0.4897
258 1.5317 1.0495 1.048 1.1194 0.6375 0.6377 1.1194 0.6386 0.639
441 1.4674 0.9452 0.9453 1.0923 0.5753 0.5756 1.0945 0.5754 0.5768
109 1.4384 1.0045 1.0031 1.0175 0.5825 0.5828 1.0157 0.5831 0.5829
177 1.6496 1.2628 1.2621 1.099 0.7083 0.7102 1.0991 0.7084 0.7111
44 1.5182 1.0556 1.0543 1.0951 0.6337 0.6332 1.0951 0.6337 0.6327
342 1.229 0.8843 0.8851 0.85 0.5085 0.5088 0.85 0.5086 0.5109
508 1.6675 1.0731 1.0729 1.2783 0.6626 0.6623 1.2783 0.6636 0.6651
93 1.5042 1.0307 1.0367 1.0713 0.6017 0.6023 1.0713 0.6014 0.601
242 1.2478 0.8914 0.8917 0.9201 0.5668 0.5669 0.9201 0.5668 0.5664
325 1.8169 1.1069 1.1044 1.4771 0.7692 0.7698 1.4772 0.7712 0.7692
143 1.523 1.1256 1.1274 1.0554 0.6536 0.6539 1.0555 0.6549 0.6554
391 1.4624 0.9219 0.9218 1.0874 0.5482 0.5483 1.0877 0.5476 0.5477
409 1.7586 1.1732 1.1724 1.2237 0.6503 0.6511 1.2235 0.6489 0.6505
457 1.3868 0.9564 0.956 0.9709 0.5388 0.5395 0.9709 0.5392 0.5391
76 1.6974 1.1561 1.1563 1.2309 0.6921 0.6922 1.2309 0.6923 0.6921
360 1.2759 0.9183 0.922 0.9209 0.5604 0.5605 0.9208 0.5604 0.5596
61 1.2019 0.8629 0.8636 0.8474 0.5112 0.5111 0.8474 0.5114 0.5103
308 1.5337 1.1128 1.1125 1.0276 0.6038 0.6041 1.0266 0.6035 0.6031
375 1.4461 0.9411 0.9433 1.0633 0.5621 0.5633 1.0631 0.5626 0.5626
243 1.5835 1.0477 1.0443 1.1319 0.5972 0.597 1.1321 0.5971 0.597
490 2.6476 2.3025 1.9008 1.878 1.0517 1.6666 1.4474 1.0719 1.05
259 1.7469 1.2689 1.2688 1.226 0.7179 0.7171 1.226 0.7185 0.7177
94 1.4111 0.9994 0.9992 0.9914 0.5957 0.5952 0.9914 0.5956 0.5949
28 1.4422 0.92 0.92 1.041 0.5217 0.5243 1.0412 0.5217 0.5236
10 1.5041 1.0089 1.0106 1.1436 0.6499 0.65 1.1436 0.6504 0.6492
474 1.5599 1.0238 1.0216 1.1855 0.6419 0.6422 1.1844 0.6413 0.6451
127 1.3404 0.9311 0.9408 0.9715 0.5671 0.5675 0.9713 0.5671 0.5674
193 1.4898 0.9415 0.9413 1.146 0.5954 0.5952 1.146 0.5971 0.5953
225 1.4988 1.0121 1.0122 1.0342 0.5542 0.5538 1.0341 0.5537 0.5537
295 1.1987 0.823 0.8243 0.9292 0.5525 0.5543 0.9293 0.5526 0.5526
29 1.5046 1.045 1.0449 1.0313 0.5744 0.5754 1.0314 0.5744 0.5746
392 1.5518 1.0378 1.0378 1.1547 0.6428 0.6431 1.1547 0.6431 0.6446
144 1.5353 1.0254 1.0253 1.1485 0.6393 0.6396 1.1485 0.6393 0.6392
209 1.2559 0.8347 0.8347 0.9011 0.4782 0.4782 0.9011 0.4776 0.4777
275 1.5009 1.0503 1.0502 1.0475 0.6002 0.6 1.0474 0.6008 0.6013
160 1.7918 1.2242 1.2239 1.2048 0.6559 0.6562 1.209 0.656 0.654
523 1.415 1.0069 1.0073 0.933 0.5268 0.5269 0.933 0.5265 0.527
509 1.6414 1.1014 1.1018 1.2611 0.7253 0.7257 1.2611 0.7254 0.7267
95 1.8933 1.3808 1.3756 1.1975 0.6802 0.6766 1.1974 0.6812 0.6786
442 1.2545 0.8963 0.8948 0.9206 0.5604 0.5611 0.9207 0.5633 0.5601
326 1.7544 1.0605 1.0605 1.3784 0.6885 0.6881 1.3784 0.6919 0.6923
343 2.1034 1.5213 1.523 1.3487 0.7791 0.7845 1.3484 0.7785 0.7739
260 1.4898 1.0367 1.0397 1.0638 0.6082 0.6078 1.0635 0.6085 0.6076
77 1.3392 1.0027 1.0038 0.9378 0.6006 0.6032 0.9378 0.6021 0.6016
45 1.4826 1.0409 1.0411 0.9955 0.5512 0.5535 0.9955 0.5509 0.5527
361 1.6479 1.1717 1.1731 1.1124 0.632 0.6351 1.1125 0.6319 0.6331
410 1.7146 1.0105 1.0131 1.2806 0.5851 0.5851 1.2806 0.5849 0.585
425 1.735 1.1833 1.1822 1.1787 0.6425 0.6425 1.1786 0.6396 0.6391
309 1.6285 1.0775 1.0771 1.2246 0.6645 0.6647 1.223 0.664 0.6646
178 1.843 1.2653 1.2654 1.3229 0.7406 0.741 1.3228 0.7402 0.7402
128 1.4284 0.9268 0.9257 1.1013 0.5852 0.5854 1.1015 0.5852 0.5856
62 1.6808 1.058 1.0578 1.3483 0.7239 0.7238 1.3484 0.7241 0.7248
296 1.4052 0.9533 0.9537 0.9754 0.5219 0.5218 0.9755 0.5219 0.5234
276 1.4012 1.0116 1.0117 0.9453 0.5569 0.5573 0.944 0.5567 0.5571
411 1.4524 0.9257 0.9263 1.1503 0.6191 0.6198 1.1503 0.6191 0.6191
194 1.4541 0.9677 0.9658 1.028 0.544 0.5445 1.0274 0.5439 0.5438
362 1.4901 1.0211 1.0211 1.1478 0.6772 0.6773 1.1455 0.6772 0.6771
393 1.5328 1.0608 1.0614 1.0548 0.5834 0.5837 1.0549 0.5826 0.5831
376 1.4794 1.0021 1.0019 1.0581 0.5813 0.5813 1.0582 0.5813 0.5814
458 1.5239 1.1031 1.1006 1.0094 0.5884 0.5879 1.0094 0.5888 0.5879
244 1.6827 1.101 1.1005 1.2193 0.6459 0.6448 1.2194 0.6467 0.646
145 1.2276 0.7984 0.7978 0.9087 0.4775 0.4783 0.9087 0.4776 0.4783
110 1.5548 1.0927 1.0915 1.035 0.5759 0.5753 1.035 0.5759 0.5747
475 1.6278 1.0323 1.0338 1.1878 0.5933 0.6012 1.1878 0.5933 0.5971
412 1.5358 1.0573 1.0573 1.0591 0.5824 0.582 1.0591 0.5825 0.582
179 1.5912 0.9677 0.9677 1.262 0.6405 0.6418 1.2617 0.6405 0.6416
78 1.9192 1.1924 1.1929 1.3981 0.6965 0.6972 1.3994 0.6983 0.6991
426 1.3288 0.8644 0.8636 1.0128 0.5498 0.5502 1.0128 0.55 0.5498
96 1.5094 1.0118 1.0118 1.1077 0.6091 0.609 1.1075 0.6092 0.6112
63 1.3734 0.8961 0.8963 1.016 0.5359 0.5358 1.016 0.5359 0.5358
310 1.4179 0.9949 0.9954 1.0232 0.6005 0.6023 1.0253 0.6007 0.6012
210 1.4037 0.9097 0.909 1.0401 0.5492 0.5497 1.0401 0.5492 0.5491
491 1.8789 1.2909 1.2947 1.4048 0.8204 0.8206 1.4048 0.8186 0.8269
344 1.1964 0.8445 0.844 0.8634 0.5085 0.5084 0.8634 0.5089 0.5092
195 1.3826 1.0226 1.0227 1.0176 0.6595 0.6598 1.0173 0.6589 0.6596
261 1.4444 1.023 1.0233 1.079 0.6627 0.6645 1.0806 0.6627 0.6618
297 1.1198 0.7575 0.7576 0.8454 0.488 0.4882 0.8451 0.49 0.4898
11 1.894 1.1948 1.1974 1.3457 0.6549 0.6545 1.3458 0.6555 0.6563
524 1.4047 1.0252 1.0247 0.9466 0.5684 0.5685 0.9476 0.5684 0.569
30 1.8205 1.1721 1.172 1.2553 0.6015 0.6022 1.2553 0.6012 0.6027
476 1.4979 1.0276 1.0275 1.0285 0.5539 0.5541 1.0285 0.5539 0.554
413 1.5674 1.0929 1.0929 1.0851 0.6112 0.6113 1.0858 0.6113 0.6139
443 1.2745 0.8554 0.8555 0.9551 0.5346 0.537 0.9551 0.5345 0.5347
161 1.8111 1.141 1.1407 1.2743 0.6102 0.6098 1.2742 0.61 0.6101
226 2.0001 1.3963 1.3743 1.3208 0.7513 0.7501 1.3226 0.7513 0.7485
31 1.1798 0.8486 0.8488 0.7956 0.4682 0.4682 0.7951 0.4684 0.4677
327 1.6603 1.0851 1.0847 1.2245 0.6507 0.6503 1.2259 0.6468 0.6489
46 2.0661 1.3001 1.2981 1.5146 0.756 0.7548 1.5145 0.7573 0.7512
277 1.5472 1.0431 1.0435 1.117 0.6135 0.6142 1.117 0.613 0.6132
311 1.5833 1.1021 1.1022 1.0696 0.591 0.5901 1.0695 0.5912 0.5892
377 1.5758 1.0049 1.0049 1.2101 0.6341 0.6343 1.2099 0.6344 0.6338
146 1.8598 1.1934 1.1933 1.4078 0.7426 0.7455 1.4105 0.7455 0.7449
211 1.533 0.9967 0.9966 1.1404 0.6064 0.609 1.1398 0.6063 0.607
196 1.636 1.1481 1.1486 1.1325 0.6535 0.6537 1.1326 0.6528 0.6533
129 1.7866 1.2596 1.2596 1.3193 0.7917 0.7913 1.3193 0.7901 0.7902
394 1.4102 0.9733 0.9735 0.9808 0.5555 0.5545 0.9812 0.5547 0.5548
477 1.354 0.8925 0.8933 0.966 0.5089 0.5091 0.9659 0.5089 0.5093
180 1.7695 1.0874 1.0874 1.3618 0.6765 0.6782 1.3618 0.6762 0.6762
79 1.5623 1.131 1.1312 1.0992 0.6699 0.6699 1.0992 0.6699 0.6689
262 1.7771 1.2254 1.2276 1.1933 0.6352 0.6363 1.1933 0.6354 0.6342
427 1.4243 0.9602 0.9602 1.008 0.5474 0.548 1.0077 0.5469 0.5476
111 1.1192 0.7918 0.7912 0.7885 0.4663 0.4677 0.7884 0.4664 0.4663
97 1.4997 1.0551 1.0554 1.0659 0.6235 0.6252 1.0659 0.6234 0.6249
492 1.5783 0.9978 0.9983 1.2084 0.6239 0.6236 1.2084 0.6239 0.6233
245 1.8182 1.2109 1.2081 1.3305 0.7264 0.727 1.3305 0.7263 0.7257
32 1.5397 1.0919 1.0896 1.0972 0.6442 0.6449 1.0972 0.6441 0.6453
64 1.4216 0.9177 0.917 1.0382 0.5458 0.5461 1.0382 0.5459 0.5451
459 1.4615 0.9244 0.9241 1.1047 0.5748 0.5749 1.1047 0.5729 0.5722
197 1.4668 1.023 1.0229 1.0469 0.6096 0.6096 1.0469 0.6106 0.6101
312 1.4355 0.9666 0.9667 1.0459 0.5805 0.5807 1.0459 0.5805 0.5806
444 2.0068 1.3944 1.3942 1.3367 0.7396 0.7392 1.3367 0.739 0.7392
298 1.3776 0.9754 0.9753 0.9619 0.5603 0.561 0.9619 0.5605 0.5597
510 1.8124 1.3731 1.3803 1.2884 0.8428 0.8465 1.2877 0.8425 0.8464
414 1.7137 1.0809 1.0859 1.2842 0.6535 0.6555 1.2843 0.6536 0.6574
345 2.1268 1.4365 1.4363 1.4602 0.7755 0.775 1.4602 0.7709 0.7699
428 1.6315 1.1741 1.1738 1.0696 0.608 0.6081 1.0696 0.6081 0.608
162 1.317 0.8966 0.8961 0.9376 0.517 0.5181 0.9376 0.5167 0.5161
263 1.4925 1.0482 1.0482 1.0143 0.5685 0.5685 1.0143 0.5686 0.5687
12 1.6778 1.1015 1.1018 1.2265 0.6474 0.6487 1.2265 0.6494 0.649
511 1.2949 0.946 0.9461 0.8733 0.5241 0.524 0.8732 0.5241 0.5242
33 1.191 0.8527 0.8527 0.8463 0.5066 0.5069 0.8465 0.5066 0.5068
395 1.844 1.2016 1.2035 1.275 0.6303 0.6287 1.275 0.6303 0.6301
313 1.5803 1.0535 1.0535 1.1503 0.6294 0.6297 1.1499 0.6293 0.6294
478 1.3275 0.9353 0.9352 0.954 0.5633 0.5633 0.9541 0.5633 0.5631
130 1.4494 1.0006 1.0013 1.0022 0.5562 0.5579 1.0022 0.5578 0.5578
299 1.4932 1.0746 1.0745 1.0114 0.5927 0.5926 1.0115 0.5913 0.5913
328 1.4262 0.9281 0.9203 1.0374 0.5364 0.5373 1.0373 0.5364 0.5366
278 2.0172 1.2918 1.2909 1.4475 0.7237 0.7237 1.4475 0.7266 0.7243
346 1.4411 0.9613 0.9615 1.0014 0.5195 0.5198 1.0014 0.5209 0.5203
378 1.5087 0.9793 0.9794 1.1222 0.5881 0.5884 1.1224 0.588 0.5875
112 1.52 1.068 1.0683 1.071 0.6204 0.621 1.0711 0.6212 0.6214
47 1.5378 0.8662 0.865 1.2426 0.5753 0.5752 1.2425 0.5751 0.5757
227 1.8186 1.1544 1.1548 1.3552 0.6949 0.6947 1.3553 0.6945 0.698
212 1.9022 1.3864 1.3835 1.1637 0.6529 0.654 1.1639 0.6535 0.6567
479 1.539 1.1065 1.1065 1.0008 0.5703 0.5702 0.9973 0.5701 0.5717
80 1.6012 1.0619 1.0589 1.2353 0.6925 0.6926 1.2355 0.6915 0.6983
493 1.7288 1.1443 1.1406 1.2099 0.6373 0.6347 1.2092 0.6374 0.6358
460 1.4248 0.9447 0.9491 1.0204 0.5394 0.5406 1.0204 0.5395 0.5401
181 2.0209 1.2753 1.2754 1.4395 0.7045 0.7046 1.4395 0.7045 0.7044
300 1.28 0.8375 0.8389 0.938 0.497 0.4978 0.938 0.4976 0.4991
198 1.6771 1.0629 1.0617 1.2652 0.6454 0.6424 1.2645 0.6454 0.6428
329 2.1295 1.3564 1.3558 1.5636 0.7931 0.7922 1.5637 0.7934 0.794
246 1.518 1.0091 1.0091 1.1368 0.6323 0.6358 1.137 0.6358 0.6339
415 1.5912 1.0809 1.08 1.22 0.7145 0.7141 1.2204 0.7141 0.7162
512 1.5033 0.939 0.9386 1.1012 0.5278 0.5277 1.1012 0.5278 0.5298
98 1.5624 1.0885 1.0894 1.0807 0.6078 0.6099 1.0801 0.6078 0.6075
363 3.0984 2.5117 2.5173 1.5874 0.9949 1.0115 1.6148 0.9929 1.0186
264 1.6708 1.0276 1.0298 1.2635 0.6373 0.6383 1.2635 0.6373 0.6414
396 1.3329 0.9896 0.9899 0.8909 0.5523 0.5523 0.8908 0.5517 0.5536
347 1.4822 0.9531 0.9538 1.0919 0.562 0.5622 1.0914 0.5613 0.5629
147 1.4973 1.1039 1.1023 1.0161 0.6291 0.6257 1.0161 0.6279 0.6265
65 1.656 1.1585 1.1585 1.1218 0.6283 0.6285 1.1218 0.6332 0.6315
34 1.6226 1.1752 1.1752 1.0536 0.6152 0.6173 1.0536 0.6169 0.6142
13 1.3456 0.9652 0.9661 0.9058 0.5288 0.5292 0.9052 0.5291 0.5286
182 1.706 1.1889 1.1888 1.1892 0.6689 0.6688 1.1889 0.6685 0.6686
429 2.341 1.5473 1.5461 1.6546 0.8729 0.8729 1.6586 0.8754 0.875
525 3.0742 2.3846 2.3918 2.243 1.5283 1.5518 2.2522 1.5482 1.6178
213 1.3869 0.8646 0.8646 1.0816 0.5577 0.5577 1.0815 0.5577 0.5569
461 1.3318 0.9727 0.9727 0.9243 0.5696 0.5696 0.9243 0.5697 0.5697
416 1.3641 0.9073 0.9073 0.9657 0.5047 0.5061 0.9658 0.5046 0.5049
48 1.6841 1.2033 1.2027 1.0509 0.5808 0.5825 1.051 0.5815 0.5815
480 1.7043 1.2093 1.2096 1.1166 0.6166 0.6177 1.1166 0.6166 0.6159
314 1.562 1.0229 1.0217 1.2144 0.6751 0.6761 1.2144 0.6739 0.673
279 1.2698 0.8483 0.8484 0.9016 0.4831 0.4831 0.9016 0.4831 0.4831
247 1.3426 0.8709 0.8708 0.984 0.5168 0.5167 0.9846 0.5167 0.5176
397 1.4025 1.0783 1.0769 0.9419 0.6055 0.6054 0.942 0.6052 0.6037
131 1.3595 0.9919 0.9953 0.8986 0.5312 0.53 0.8985 0.5321 0.5342
163 1.3832 0.9352 0.9352 0.9918 0.5444 0.5444 0.9917 0.543 0.5436
513 1.4952 1.0524 1.0561 1.1098 0.6635 0.6632 1.1102 0.6635 0.6639
35 1.285 0.8584 0.858 0.8891 0.4697 0.4706 0.8892 0.4698 0.4693
301 1.2801 0.915 0.9151 0.9081 0.5375 0.5378 0.9075 0.5374 0.5383
113 1.6867 1.091 1.0908 1.2853 0.6798 0.6792 1.2851 0.6798 0.6794
330 1.6708 1.2164 1.2173 1.14 0.6665 0.6684 1.1401 0.6665 0.6669
265 1.5788 1.1478 1.1479 1.0856 0.6484 0.6485 1.0855 0.6481 0.6476
99 1.4001 0.951 0.9526 0.9579 0.5196 0.521 0.958 0.5196 0.5286
66 1.6439 1.1312 1.131 1.1623 0.6446 0.6451 1.1623 0.6446 0.6483
315 1.5557 1.0128 1.0127 1.1592 0.6233 0.6233 1.1588 0.6232 0.6232
49 1.68 1.1049 1.1049 1.1931 0.6178 0.618 1.1931 0.6178 0.6183
81 1.6195 1.0399 1.0399 1.1469 0.5701 0.5712 1.1447 0.57 0.572
494 1.3401 0.8869 0.8868 0.9539 0.5092 0.5093 0.9539 0.5093 0.5098
228 1.8636 1.2707 1.2699 1.3459 0.7484 0.7487 1.3461 0.7483 0.749
364 1.4607 1.0596 1.0608 1.0526 0.6773 0.6772 1.0526 0.6765 0.656
248 1.73 1.1508 1.1598 1.19 0.6123 0.6114 1.1915 0.6124 0.6122
462 1.4441 1.0306 1.0306 0.9941 0.5836 0.5834 0.9945 0.5837 0.5832
526 1.4368 0.8158 0.8158 1.1412 0.5202 0.5203 1.1406 0.5198 0.5204
417 1.6192 1.1551 1.1553 1.1559 0.6891 0.6887 1.1558 0.6891 0.6894
379 1.8768 1.3634 1.3659 1.26 0.7679 0.7711 1.2598 0.7672 0.7714
199 1.462 0.9958 0.996 1.0079 0.532 0.5375 1.0081 0.5334 0.5376
214 1.5351 1.0716 1.0721 1.0321 0.5647 0.5647 1.0321 0.565 0.5643
302 1.4985 0.9736 0.9737 1.0936 0.5737 0.5735 1.0936 0.5738 0.5739
398 1.8214 1.2711 1.2706 1.1754 0.6371 0.6373 1.1738 0.6365 0.6347
14 1.3375 0.9196 0.9192 0.9559 0.5411 0.5413 0.956 0.5411 0.5422
50 1.8808 1.0504 1.0532 1.4739 0.6512 0.651 1.4742 0.6509 0.6522
132 1.541 1.0627 1.0632 1.1395 0.6502 0.6486 1.1394 0.6502 0.6481
183 1.4267 1.0637 1.066 0.9147 0.5631 0.565 0.9147 0.5632 0.5644
164 1.5739 0.9836 0.982 1.1894 0.622 0.623 1.1899 0.6229 0.6218
82 1.4556 1.1055 1.1059 0.9713 0.6217 0.6219 0.9713 0.6218 0.6212
418 1.6811 1.0713 1.0714 1.2661 0.6574 0.6573 1.2656 0.6572 0.6571
36 1.2405 0.8212 0.8283 0.9144 0.512 0.5109 0.9143 0.512 0.5139
280 1.9772 1.3988 1.401 1.3638 0.7918 0.7916 1.3639 0.7912 0.7918
249 1.4403 1.086 1.0865 0.928 0.5747 0.5755 0.928 0.5747 0.5744
200 1.3243 0.8524 0.8525 0.968 0.517 0.5169 0.9676 0.517 0.5172
331 1.5192 1.0988 1.0979 1.052 0.6297 0.6293 1.0516 0.6296 0.6279
266 1.5675 0.9668 0.966 1.1718 0.5695 0.5699 1.1717 0.5702 0.5695
100 2.2016 1.4427 1.4454 1.5996 0.8393 0.8384 1.5996 0.8389 0.8424
348 1.6795 1.2048 1.2097 1.2542 0.7523 0.7587 1.2549 0.7562 0.7627
527 1.5615 1.1079 1.1077 1.127 0.6706 0.6697 1.127 0.6707 0.6695
463 1.3945 0.9772 0.977 1.0085 0.5889 0.5878 1.0085 0.5887 0.5879
430 1.4436 0.9552 0.9553 1.0613 0.5753 0.5754 1.0612 0.5785 0.5784
133 1.4546 0.9388 0.9385 1.0944 0.5795 0.5797 1.0944 0.5804 0.5794
303 1.8018 1.238 1.238 1.2638 0.7019 0.7013 1.2638 0.7019 0.7034
215 1.4353 1.0246 1.0253 1.0207 0.6128 0.6128 1.0207 0.6126 0.6132
15 1.4288 1.0023 1.0022 0.9451 0.5198 0.5199 0.9451 0.5197 0.5186
380 1.4095 0.9688 0.9672 1.0474 0.6109 0.6118 1.0474 0.6114 0.6115
481 1.6225 1.2257 1.2259 1.082 0.6858 0.6862 1.0819 0.6874 0.6893
365 1.375 0.9697 0.9699 1.028 0.6269 0.6264 1.028 0.6266 0.6266
67 1.4689 1.0413 1.0484 1.0721 0.6417 0.6438 1.0721 0.6419 0.6413
229 1.3743 0.9577 0.9578 1.0076 0.5834 0.5823 1.0077 0.5826 0.5871
445 3.2762 2.1155 2.0157 2.3066 1.1445 1.1579 2.3116 1.2192 1.6535
83 1.2648 0.8538 0.8539 0.907 0.4998 0.4997 0.9069 0.5 0.4997
114 1.8098 1.1139 1.1147 1.347 0.6486 0.6477 1.347 0.6499 0.6474
528 1.8139 1.2509 1.2509 1.2929 0.7285 0.7307 1.2929 0.7283 0.7293
201 1.2679 0.9208 0.9211 0.9043 0.5534 0.5544 0.9047 0.5535 0.5534
230 1.4317 1.0115 1.0117 1.0814 0.6571 0.6567 1.0825 0.6572 0.657
250 1.4488 1.0359 1.0362 1.0682 0.6553 0.6553 1.0683 0.6552 0.6541
514 1.4414 0.9155 0.9154 1.0919 0.5649 0.5587 1.0919 0.5673 0.5604
304 1.3384 0.9457 0.9487 0.9378 0.5427 0.5429 0.9378 0.5434 0.5423
366 1.5944 1.1625 1.1627 1.1102 0.6749 0.6751 1.1102 0.6756 0.6744
165 1.7295 1.1062 1.1057 1.2847 0.6681 0.6679 1.2869 0.671 0.6699
84 1.303 0.9166 0.9165 0.9014 0.517 0.5168 0.9014 0.517 0.5174
267 1.4326 1.0005 0.9976 1.0308 0.6007 0.6009 1.0308 0.6007 0.6005
381 1.4737 0.9956 0.9919 1.064 0.591 0.5878 1.064 0.591 0.591
316 1.9618 1.3735 1.3748 1.5007 0.9249 0.9251 1.4993 0.9238 0.9246
399 1.7669 1.1323 1.132 1.3194 0.6851 0.6838 1.3194 0.685 0.6838
16 1.4137 1.041 1.041 0.974 0.6029 0.6029 0.974 0.6029 0.6022
216 1.3519 0.8785 0.8785 1.0156 0.5399 0.5405 1.0156 0.5398 0.5404
446 1.5577 0.987 0.987 1.1701 0.6091 0.6089 1.1701 0.6091 0.6082
37 1.7861 1.3241 1.3233 1.2793 0.819 0.8196 1.2791 0.8189 0.8202
349 1.2875 0.8848 0.8861 0.9515 0.5527 0.5531 0.9495 0.5539 0.5525
464 1.5988 1.1124 1.1121 1.1103 0.623 0.6232 1.1103 0.6233 0.6237
332 1.426 0.905 0.905 1.1033 0.5808 0.5813 1.1033 0.5816 0.5807
148 1.7216 1.1388 1.1377 1.175 0.5943 0.5941 1.1761 0.5938 0.5951
268 1.5347 1.0979 1.0979 1.0587 0.6203 0.6204 1.0586 0.6203 0.6203
134 1.9255 1.338 1.3379 1.2854 0.699 0.6991 1.2853 0.698 0.7013
495 2.046 1.4253 1.4246 1.4446 0.851 0.8498 1.4489 0.8498 0.849
431 1.513 1.07 1.0704 1.0615 0.6274 0.6265 1.0615 0.6279 0.6258
101 1.36 0.903 0.903 1.0005 0.5461 0.5476 1.0003 0.5469 0.5477
135 1.4814 0.9871 0.9868 1.0498 0.5715 0.5717 1.0498 0.5715 0.5719
217 1.3856 1.011 1.0103 0.9316 0.547 0.5469 0.9316 0.5469 0.5474
202 1.5322 1.0927 1.0916 1.0859 0.6339 0.6336 1.0859 0.6343 0.6352
515 1.422 0.9229 0.9231 1.0316 0.5309 0.531 1.0316 0.531 0.5304
51 1.979 1.3946 1.3949 1.3436 0.7629 0.7616 1.3438 0.7618 0.7639
317 1.4476 1.001 1.0008 1.059 0.6144 0.6143 1.059 0.6144 0.6141
382 1.3396 0.9524 0.9526 0.9869 0.5953 0.5952 0.9869 0.598 0.5977
281 2.0417 1.2811 1.2818 1.5925 0.8105 0.8244 1.5991 0.924 0.8564
85 1.4175 0.9494 0.9494 1.0716 0.6044 0.6044 1.0718 0.6064 0.6061
482 1.3999 0.9671 0.9683 1.0068 0.5695 0.5694 1.0067 0.5673 0.5693
447 1.8544 1.2399 1.2434 1.3609 0.7452 0.7466 1.3609 0.7453 0.7461
52 1.6784 1.1215 1.1215 1.1806 0.6352 0.6352 1.1804 0.6352 0.6349
367 1.3273 0.8954 0.8953 0.9759 0.5463 0.5463 0.976 0.5464 0.5461
184 1.4945 0.9635 0.9634 1.1075 0.5632 0.5629 1.1055 0.5634 0.5693
231 1.7147 1.2364 1.2364 1.1068 0.6286 0.6287 1.1067 0.6286 0.6305
115 1.6956 1.1889 1.1892 1.1628 0.6655 0.6655 1.163 0.6653 0.6653
419 1.9023 0.9317 1.0734 1.6291 0.6651 0.6628 1.6293 0.6663 0.6637
166 1.3336 0.9059 0.9056 0.9618 0.5343 0.5345 0.9617 0.5341 0.5345
305 1.3163 0.9038 0.9038 0.9733 0.5672 0.5683 0.9734 0.569 0.567
68 1.7107 1.1888 1.1883 1.1465 0.6233 0.6261 1.146 0.6244 0.6254
432 1.4116 0.9117 0.9119 1.0402 0.5395 0.5392 1.0403 0.5394 0.5393
38 1.5929 0.9716 0.9718 1.2199 0.5992 0.5992 1.2199 0.6011 0.5989
203 1.4315 0.958 0.9584 1.0486 0.5814 0.5814 1.0486 0.5814 0.581
400 2.0159 1.3653 1.369 1.4022 0.7518 0.7554 1.4035 0.7529 0.7546
383 1.655 1.1284 1.1281 1.1288 0.6015 0.6021 1.1277 0.6024 0.6026
149 1.1928 0.8399 0.8399 0.8922 0.5394 0.5394 0.8922 0.5391 0.5393
251 1.8064 1.4486 1.4494 1.082 0.7224 0.7223 1.0832 0.722 0.7232
333 1.7234 1.0811 1.0794 1.2935 0.67 0.67 1.2935 0.6699 0.6702
529 1.5474 1.0343 1.0337 1.1146 0.6028 0.6074 1.113 0.6029 0.602
218 1.6008 1.1034 1.1028 1.0897 0.5954 0.5955 1.0897 0.5962 0.5953
496 1.7125 0.9913 1.0097 1.2709 0.5644 0.5661 1.2709 0.564 0.5662
318 1.2236 0.8803 0.8807 0.8673 0.526 0.5255 0.8673 0.5256 0.5263
17 1.8237 1.2401 1.2409 1.2198 0.6311 0.6321 1.2192 0.6309 0.6328
269 1.3794 0.9323 0.9328 0.9988 0.5519 0.5525 0.9988 0.5516 0.552
350 1.7774 1.2783 1.2783 1.2744 0.7705 0.7704 1.2744 0.7693 0.7708
116 1.5895 1.1029 1.1026 1.095 0.6001 0.6012 1.095 0.6001 0.6009
401 1.2867 0.8459 0.8474 0.9209 0.4808 0.4803 0.9209 0.4812 0.481
39 1.3068 0.8737 0.8738 0.9607 0.5307 0.5303 0.9607 0.5307 0.5303
465 2.0479 1.3229 1.3236 1.5684 0.8623 0.8609 1.5685 0.862 0.8618
86 1.649 1.0631 1.0632 1.241 0.6303 0.6302 1.2399 0.63 0.6303
420 1.5069 0.9577 0.9576 1.1288 0.5847 0.5852 1.129 0.5837 0.5854
204 1.4668 1.0883 1.0883 0.954 0.582 0.5822 0.9544 0.5833 0.582
252 1.6403 1.0294 1.0294 1.2123 0.5972 0.5975 1.2123 0.5972 0.5964
53 2.0951 1.4182 1.4177 1.4539 0.7794 0.7776 1.4516 0.7777 0.7757
516 2.0231 1.3159 1.3162 1.389 0.6831 0.6829 1.3917 0.681 0.6836
282 2.0644 1.2479 1.2487 1.5567 0.7462 0.7417 1.5567 0.7411 0.7422
351 1.3918 1.0003 1.0002 0.9588 0.5666 0.569 0.9589 0.5668 0.5666
232 1.6012 1.0293 1.0292 1.1866 0.6151 0.6163 1.1871 0.615 0.6166
40 1.4348 1.0024 1.0059 0.9764 0.5449 0.5458 0.9764 0.5457 0.5456
219 1.5382 1.0455 1.0454 1.0704 0.576 0.5761 1.0704 0.5775 0.576
530 1.784 1.2205 1.2222 1.2145 0.6353 0.6356 1.2145 0.6351 0.6345
483 1.4049 0.9456 0.9472 1.0445 0.5874 0.5878 1.0446 0.5873 0.5886
136 2.3816 2.3582 1.8228 1.7327 1.1018 1.2453 3.5945 2.1612 1.4379
167 1.3823 0.8644 0.8645 1.0636 0.5473 0.5484 1.0636 0.5475 0.5476
334 1.9355 1.3711 1.3712 1.2409 0.6883 0.6885 1.2409 0.6871 0.6863
185 1.4032 1.0145 1.0188 1.0222 0.6379 0.6374 1.0225 0.6375 0.6373
87 1.3732 0.9191 0.918 0.9965 0.5254 0.525 0.9965 0.5258 0.5255
448 1.4085 0.9547 0.956 1.0196 0.5617 0.5619 1.0191 0.5613 0.5613
253 1.3798 0.9477 0.9479 0.9951 0.5621 0.561 0.9952 0.562 0.5614
433 1.6842 1.1827 1.1829 1.1229 0.6277 0.6281 1.123 0.6334 0.6277
69 1.6315 1.0172 1.0075 1.2019 0.6087 0.6131 1.2016 0.6101 0.6081
270 1.4117 0.9173 0.9171 1.0856 0.5933 0.5924 1.0856 0.5926 0.5922
384 1.1453 0.8082 0.8091 0.831 0.4887 0.489 0.8304 0.4891 0.4889
233 1.4167 0.908 0.9084 1.0318 0.5273 0.5277 1.0326 0.5273 0.5282
319 1.8977 1.3145 1.3149 1.3251 0.727 0.7274 1.3251 0.7268 0.727
54 1.4859 0.9797 0.9799 1.066 0.5651 0.5648 1.0655 0.5653 0.5651
402 1.531 1.0578 1.0557 1.1017 0.6269 0.6268 1.1017 0.6269 0.6273
517 1.5445 1.0499 1.0504 1.0943 0.6021 0.6025 1.0943 0.6021 0.6022
368 1.7456 1.2288 1.2295 1.1727 0.6552 0.6556 1.1725 0.6552 0.6575
102 2.1509 1.3774 1.3871 1.5238 0.7419 0.755 1.5237 0.7441 0.7462
150 1.6724 1.0996 1.1008 1.1737 0.6113 0.6113 1.173 0.6109 0.6107
531 1.2943 0.8741 0.8745 0.9769 0.5598 0.5631 0.977 0.5636 0.56
220 1.5065 0.974 0.974 1.1205 0.5857 0.587 1.1206 0.5857 0.5862
283 1.5606 1.0546 1.0554 1.1089 0.5974 0.5978 1.109 0.5982 0.5976
205 1.5238 1.0238 1.0241 1.0532 0.5525 0.5524 1.0532 0.5525 0.5525
271 1.4382 1.0702 1.071 0.9901 0.6225 0.6224 0.9901 0.6221 0.6227
70 1.4281 0.9994 0.9996 1.0135 0.5871 0.5867 1.0134 0.5871 0.5867
320 1.6169 1.0765 1.0765 1.232 0.6853 0.6856 1.2316 0.6857 0.6852
421 1.5782 1.0888 1.0876 1.1406 0.6536 0.6511 1.1406 0.6536 0.6513
497 1.7197 1.108 1.1066 1.3214 0.6933 0.6942 1.3184 0.6908 0.6931
369 1.6531 1.1095 1.1094 1.2411 0.6952 0.6955 1.2435 0.6951 0.6939
466 1.6927 1.0986 1.1004 1.1831 0.5893 0.5899 1.1831 0.5912 0.5925
254 1.2294 0.8508 0.8517 0.8884 0.5098 0.5105 0.8891 0.5098 0.5096
206 1.4857 1 1.0008 1.0667 0.5832 0.5829 1.0667 0.5831 0.5844
18 2.2311 1.4779 1.4777 1.4887 0.7528 0.7531 1.494 0.7525 0.7525
335 1.5924 0.9684 0.9685 1.2588 0.6335 0.6368 1.259 0.6358 0.635
234 2.0474 1.317 1.3174 1.5236 0.7899 0.7893 1.5198 0.79 0.7901
484 1.3681 0.8934 0.8909 1.0522 0.5647 0.564 1.0522 0.5641 0.564
137 1.2096 0.8274 0.8278 0.8922 0.5102 0.51 0.8919 0.5102 0.5101
434 1.1581 0.815 0.8146 0.8478 0.5024 0.5047 0.8478 0.5028 0.5024
449 1.7298 1.2142 1.2134 1.1185 0.6171 0.6164 1.1186 0.6182 0.6188
403 1.9022 1.172 1.172 1.4387 0.7093 0.7093 1.4387 0.7089 0.7086
168 1.4513 0.9303 0.9303 1.1121 0.5909 0.592 1.1121 0.5904 0.5901
498 1.6359 1.1404 1.1402 1.1201 0.6342 0.6329 1.1203 0.6342 0.6329
272 1.3467 0.9831 0.9831 0.9628 0.5996 0.5994 0.9628 0.5994 0.6016
352 1.6933 1.1408 1.143 1.1996 0.6586 0.655 1.1996 0.6557 0.6535
321 2.2036 1.2981 1.2877 1.5891 0.684 0.6862 1.5891 0.684 0.6851
532 1.4497 1.0789 1.0789 0.9801 0.6101 0.6104 0.9796 0.6118 0.6101
467 1.3746 0.9632 0.962 1.0014 0.575 0.5748 1.0014 0.5746 0.5756
55 1.7391 1.0627 1.0626 1.2853 0.5969 0.5963 1.2853 0.5956 0.5963
221 1.7874 1.252 1.2534 1.2699 0.7422 0.7444 1.2699 0.7422 0.7433
88 1.7708 1.1646 1.1646 1.2371 0.6369 0.6377 1.2371 0.6364 0.635
284 1.7048 1.0806 1.0828 1.3015 0.684 0.6839 1.3015 0.6842 0.6817
255 1.4424 0.9634 0.9625 1.0432 0.56 0.5596 1.0431 0.5602 0.5598
103 1.7688 1.3575 1.3582 1.1289 0.7121 0.7125 1.1285 0.711 0.7121
235 1.5335 0.9925 0.9932 1.1149 0.5762 0.5762 1.115 0.5748 0.5778
71 1.5195 1.0315 1.0314 1.078 0.5795 0.5797 1.078 0.5791 0.579
533 1.3926 0.9208 0.9209 1.0274 0.5578 0.5578 1.0256 0.5577 0.5571
450 1.6498 1.1367 1.137 1.2071 0.6832 0.6816 1.2071 0.6821 0.684
19 1.329 0.9362 0.936 0.9335 0.5502 0.5503 0.933 0.5503 0.5503
404 1.4954 0.9554 0.9555 1.0663 0.5405 0.5405 1.0663 0.5409 0.5404
435 1.8267 1.1243 1.1245 1.303 0.6051 0.6045 1.303 0.6051 0.6042
518 2.5221 1.7104 1.7112 1.8359 0.9771 0.9723 1.8359 0.9776 0.9689
56 1.1203 0.7413 0.7415 0.8898 0.5103 0.5103 0.8897 0.5103 0.5108
151 1.4586 1.0321 1.0322 1.0094 0.5944 0.5969 1.0094 0.5944 0.5979
336 1.6189 1.0889 1.0879 1.1671 0.6444 0.6431 1.167 0.6443 0.6433
385 2.2203 1.4438 1.4441 1.5432 0.8053 0.8056 1.5433 0.8059 0.811
222 1.199 0.7661 0.7674 0.9184 0.4881 0.4888 0.9184 0.4882 0.488
285 1.781 1.2804 1.2804 1.2866 0.7824 0.7829 1.2865 0.7826 0.7822
104 1.4662 1.0298 1.0296 1.0326 0.5978 0.5994 1.0325 0.5988 0.5992
117 1.7892 1.1294 1.1273 1.2799 0.64 0.6394 1.2799 0.6389 0.6389
499 1.2207 0.8444 0.8445 0.884 0.511 0.511 0.884 0.511 0.5106
322 1.359 0.8379 0.838 1.0116 0.4963 0.4962 1.0114 0.4961 0.496
370 1.5723 1.0099 1.0107 1.1413 0.5853 0.5837 1.1413 0.5827 0.5845
337 1.3214 0.8772 0.8771 0.9177 0.4723 0.4726 0.9177 0.4726 0.4728
500 1.27 0.8909 0.8913 0.8662 0.4878 0.4883 0.8663 0.488 0.4878
169 1.5302 1.0288 1.029 1.1087 0.6074 0.6093 1.1088 0.6072 0.6081
485 2.0574 1.6267 1.6267 1.2015 0.7981 0.7982 1.2015 0.7972 0.7975
436 1.7454 1.2748 1.275 1.1892 0.7139 0.7134 1.1892 0.7136 0.7136
353 1.556 1.0304 1.0322 1.1775 0.65 0.6514 1.1763 0.6499 0.6523
451 1.5828 1.1562 1.1568 1.066 0.6402 0.6409 1.0657 0.6402 0.6403
286 1.5487 1.0923 1.0925 1.1268 0.6633 0.6626 1.1267 0.6633 0.6633
72 1.3797 0.919 0.9199 1.0136 0.5558 0.5556 1.0136 0.5559 0.5565
138 1.7486 1.2121 1.2104 1.2221 0.6843 0.6844 1.2221 0.6847 0.6898
534 1.4655 0.9583 0.9586 1.0728 0.5739 0.5742 1.0744 0.5739 0.5746
501 1.5787 0.9781 0.977 1.224 0.6214 0.6216 1.2238 0.6213 0.6217
89 1.6694 1.1309 1.1319 1.1755 0.6377 0.6384 1.1755 0.6374 0.6371
152 1.3933 1.0322 1.0332 0.9334 0.5709 0.5701 0.9334 0.5709 0.5701
20 1.4647 0.9793 0.9792 1.0295 0.5456 0.5459 1.0298 0.5452 0.5451
105 1.8657 1.2034 1.2034 1.3126 0.6562 0.6559 1.3126 0.6557 0.6572
371 1.4827 1.0646 1.0649 1.0596 0.6543 0.654 1.0596 0.654 0.6545
57 1.3489 0.9214 0.9208 0.9668 0.5301 0.531 0.9671 0.5306 0.5283
236 3.5274 2.7599 3.3071 1.6107 0.9019 3.0688 3.6744 1.3599 1.656
519 1.3326 0.9095 0.9092 0.979 0.5631 0.5619 0.979 0.5643 0.5633
186 1.8287 1.2225 1.2172 1.3354 0.7166 0.7182 1.336 0.7177 0.7255
386 1.9294 1.3307 1.3322 1.2903 0.693 0.6927 1.2905 0.6954 0.6963
486 1.5679 1.0246 1.0245 1.1658 0.6151 0.6156 1.1655 0.6158 0.6135
468 1.9538 1.2598 1.259 1.3276 0.6262 0.6273 1.3276 0.6267 0.6261
139 1.6272 1.0823 1.0855 1.114 0.5645 0.5646 1.1142 0.5645 0.5637
170 1.6663 1.1272 1.1274 1.2287 0.7075 0.7076 1.2287 0.7074 0.7075
73 1.7386 1.138 1.1392 1.3124 0.717 0.7174 1.3108 0.7223 0.7221
452 1.5556 1.0488 1.0494 1.1046 0.6038 0.6036 1.1049 0.6037 0.6028
535 2.1305 1.3972 1.4015 1.6397 0.9099 0.9141 1.6394 0.9128 0.9116
338 2.0012 1.1925 1.195 1.5378 0.7216 0.7209 1.5402 0.7197 0.724
90 1.4835 1.038 1.0381 1.0457 0.5991 0.5992 1.0459 0.599 0.5994
287 1.5523 1.0611 1.0614 1.098 0.6101 0.6111 1.0979 0.6114 0.6097
106 1.3497 1.0101 1.0102 0.8846 0.5514 0.5513 0.8846 0.5514 0.5513
153 1.9215 1.3185 1.3199 1.2615 0.6766 0.6784 1.2608 0.6795 0.6772
387 1.6776 1.1555 1.1566 1.2112 0.689 0.6899 1.2113 0.6893 0.6894
487 1.3904 0.9054 0.907 1.0189 0.5396 0.5397 1.0188 0.54 0.54
536 1.6291 0.9846 0.9838 1.2683 0.6225 0.6226 1.2683 0.6226 0.6227
405 1.5306 1.0961 1.0953 1.0554 0.6205 0.6197 1.054 0.6198 0.6196
21 1.4624 0.9447 0.9448 1.095 0.5788 0.5779 1.0947 0.5794 0.5795
469 1.5016 1.0921 1.0917 1.0854 0.6617 0.663 1.0856 0.661 0.6619
354 2.2547 1.5558 1.5563 1.5928 0.8903 0.8944 1.5905 0.9026 0.8974
118 2.0723 1.4805 1.4938 1.3228 0.7408 0.7388 1.3221 0.7404 0.7391
237 1.5167 1.0745 1.0743 1.0239 0.5908 0.5907 1.0239 0.5908 0.5903
502 1.3928 0.9555 0.9555 0.9421 0.5081 0.5079 0.9422 0.5097 0.5078
388 1.8015 1.2809 1.2804 1.2255 0.6994 0.699 1.2257 0.7004 0.6991
288 1.2684 0.8753 0.879 0.8736 0.4809 0.481 0.8739 0.481 0.4802
453 1.575 1.0298 1.0301 1.1505 0.6233 0.6239 1.1514 0.6233 0.6263
437 1.5734 1.0479 1.0475 1.125 0.5969 0.5968 1.1246 0.5984 0.598
171 1.6474 1.1232 1.1239 1.1873 0.6653 0.6655 1.1873 0.6653 0.6641
119 1.3457 0.8977 0.8993 0.9886 0.5339 0.534 0.9886 0.5347 0.5342
238 1.3355 0.9372 0.9373 0.9654 0.5739 0.5739 0.9647 0.574 0.5738
503 1.5676 1.0464 1.0454 1.1439 0.6163 0.6161 1.144 0.6168 0.6163
355 1.3413 0.9084 0.9084 0.9884 0.5461 0.546 0.9884 0.5458 0.547
520 1.6217 1.0292 1.0328 1.2469 0.6527 0.6526 1.2471 0.6533 0.6519
187 1.5562 1.109 1.1094 1.0905 0.6357 0.6356 1.0905 0.6352 0.6351
120 1.69 1.1937 1.1915 1.1528 0.6523 0.651 1.1528 0.6523 0.6516
454 1.9476 1.2976 1.2964 1.4757 0.8269 0.8265 1.4753 0.8265 0.8269
438 1.6301 1.0976 1.1018 1.1948 0.6767 0.6779 1.1953 0.6775 0.6791
537 1.8976 1.2812 1.2808 1.3732 0.7453 0.7472 1.3738 0.7471 0.7444
154 1.4559 0.9734 0.9745 1.072 0.5887 0.588 1.072 0.5875 0.5882
172 1.6815 1.2246 1.2252 1.1025 0.6512 0.6512 1.1042 0.653 0.6527
22 1.7295 1.1727 1.1728 1.2218 0.6629 0.663 1.2225 0.6631 0.6634
504 1.458 1.0223 1.0225 1.0734 0.6434 0.6438 1.0734 0.6436 0.6429
470 1.6565 1.1873 1.1874 1.1369 0.6564 0.6556 1.1293 0.6564 0.6549
121 1.3328 0.8916 0.8916 0.9787 0.5414 0.5411 0.9787 0.5414 0.5413
23 1.1773 0.8458 0.8464 0.8499 0.5146 0.5137 0.8499 0.5146 0.5156
188 1.595 1.187 1.187 1.0623 0.653 0.6547 1.0623 0.653 0.6528
239 1.4173 0.9671 0.9664 1.0144 0.564 0.567 1.0144 0.5645 0.5656
289 1.4536 0.9707 0.9711 1.0794 0.6031 0.6026 1.0805 0.6027 0.6045
471 1.3947 0.8976 0.8981 0.9987 0.5045 0.5045 0.9986 0.5046 0.5041
122 1.5529 0.9728 0.9726 1.1942 0.6125 0.6127 1.1954 0.6126 0.6134
155 1.4791 0.9953 0.995 1.0567 0.5651 0.5645 1.0567 0.565 0.5643
173 1.9867 1.4593 1.4681 1.2811 0.7729 0.7745 1.2809 0.7722 0.7727
24 1.7066 1.171 1.1713 1.2274 0.6958 0.6966 1.2274 0.6959 0.6955
189 1.285 0.8922 0.8917 0.946 0.55 0.5502 0.9461 0.5501 0.5533
123 1.7443 1.1704 1.1707 1.236 0.6591 0.6596 1.2359 0.6592 0.6595
156 1.55 1.0485 1.0461 1.1381 0.6324 0.6305 1.1381 0.6323 0.6303
"x"
"1" "== degree of freedom:  5 =="
207 0.4119 0.29 0.2902 0.2856 0.1634 0.1634 0.2858 0.1635 0.1634
521 0.3967 0.2668 0.2635 0.2928 0.1612 0.1612 0.2933 0.1615 0.1614
455 0.3854 0.2892 0.2894 0.256 0.1597 0.1599 0.256 0.1599 0.1601
8 0.3752 0.2447 0.2451 0.2852 0.156 0.156 0.2857 0.156 0.156
58 0.4675 0.3193 0.3195 0.3264 0.1786 0.1789 0.3267 0.1785 0.1787
505 0.3736 0.2665 0.2684 0.2692 0.1628 0.1628 0.2693 0.1628 0.1627
256 0.4054 0.2563 0.2562 0.3092 0.1619 0.162 0.3092 0.162 0.162
157 0.405 0.2865 0.2875 0.2893 0.1715 0.1715 0.2889 0.1715 0.1723
174 0.4348 0.2896 0.2893 0.3134 0.1696 0.1695 0.3132 0.1696 0.1698
406 0.4625 0.327 0.3277 0.3131 0.1809 0.1813 0.3133 0.181 0.1814
41 0.4491 0.3102 0.3101 0.3133 0.174 0.1741 0.3134 0.1739 0.1738
91 0.4127 0.2797 0.28 0.2983 0.1656 0.1658 0.2984 0.1654 0.1655
323 0.3717 0.253 0.253 0.2699 0.1532 0.1534 0.27 0.1538 0.1536
389 0.431 0.2989 0.2989 0.3134 0.182 0.182 0.3137 0.1827 0.1823
356 0.4166 0.2893 0.2892 0.2883 0.1601 0.1604 0.288 0.1601 0.1604
339 0.4747 0.3267 0.3254 0.3253 0.1776 0.1776 0.3255 0.1777 0.1784
124 0.4729 0.3071 0.3076 0.342 0.1775 0.1777 0.3419 0.1778 0.1779
140 0.4097 0.2986 0.2986 0.2762 0.1659 0.1659 0.2763 0.1662 0.1659
25 0.4309 0.2809 0.2818 0.321 0.1716 0.1719 0.3214 0.1716 0.1715
488 0.4695 0.3017 0.3018 0.34 0.1748 0.1749 0.34 0.1748 0.1745
208 0.4423 0.2834 0.2836 0.3237 0.165 0.1651 0.3239 0.1652 0.1652
74 0.4414 0.3186 0.3194 0.2892 0.1607 0.1604 0.2892 0.1605 0.1605
107 0.3825 0.2595 0.2595 0.296 0.1732 0.1731 0.2964 0.1737 0.173
59 0.4693 0.33 0.33 0.3333 0.1926 0.1922 0.3335 0.1926 0.1927
472 0.4458 0.2952 0.2955 0.3085 0.1605 0.1604 0.3078 0.161 0.1605
372 0.4106 0.2733 0.2732 0.2988 0.1651 0.1658 0.2982 0.1657 0.1661
340 0.4171 0.2749 0.275 0.3136 0.1692 0.1694 0.3134 0.1692 0.1698
290 0.3629 0.2551 0.2554 0.2582 0.1511 0.1509 0.2582 0.1511 0.151
522 0.4183 0.2794 0.2795 0.2959 0.158 0.1581 0.2958 0.1586 0.1581
158 0.4065 0.2666 0.2671 0.3021 0.1605 0.1604 0.3021 0.1606 0.1605
190 0.4085 0.2839 0.2834 0.2863 0.1611 0.1612 0.2864 0.1614 0.1611
306 0.4331 0.2956 0.2961 0.3113 0.1736 0.1735 0.3113 0.1739 0.1739
407 0.4337 0.294 0.294 0.3093 0.1693 0.1693 0.3093 0.1693 0.1692
273 0.3627 0.2563 0.2573 0.2687 0.1626 0.1624 0.2689 0.1624 0.1624
125 0.4085 0.2651 0.2657 0.3133 0.1702 0.1701 0.313 0.1702 0.1704
9 0.3749 0.2474 0.2473 0.2797 0.1538 0.1541 0.2797 0.1541 0.1537
175 0.4483 0.3017 0.3018 0.3241 0.1763 0.1763 0.3241 0.1763 0.1765
439 0.417 0.2884 0.2885 0.2973 0.169 0.1691 0.2973 0.169 0.1694
456 0.4595 0.3054 0.3052 0.3292 0.1758 0.176 0.3296 0.1758 0.1766
60 0.3837 0.2715 0.2713 0.2687 0.1559 0.1557 0.2687 0.156 0.156
42 0.4414 0.3131 0.313 0.3064 0.1787 0.1788 0.3064 0.1787 0.179
108 0.4095 0.2764 0.2764 0.3043 0.1718 0.1716 0.3044 0.1718 0.1719
357 0.4265 0.2954 0.2956 0.3022 0.1722 0.1723 0.3022 0.1722 0.1719
92 0.4284 0.3031 0.3022 0.2933 0.1668 0.1666 0.2939 0.167 0.1666
240 0.4256 0.3032 0.3031 0.2945 0.1722 0.1728 0.2947 0.172 0.1722
373 0.4666 0.3237 0.3237 0.3206 0.1779 0.1783 0.3206 0.1779 0.178
390 0.4242 0.2906 0.2906 0.2976 0.1646 0.1646 0.2977 0.1645 0.1645
324 0.3891 0.272 0.272 0.2771 0.1594 0.1594 0.2772 0.1592 0.1597
257 0.4088 0.2864 0.2847 0.2891 0.1655 0.1665 0.289 0.1655 0.1667
523 0.4177 0.2887 0.2889 0.2858 0.1589 0.1589 0.2858 0.1589 0.1589
141 0.3951 0.2748 0.2747 0.2791 0.1585 0.1584 0.2793 0.1584 0.1593
159 0.3641 0.2623 0.2623 0.2667 0.1651 0.1652 0.2667 0.1651 0.1652
506 0.4242 0.3001 0.2998 0.2822 0.1578 0.1576 0.2822 0.158 0.1581
489 0.4164 0.2953 0.2953 0.2833 0.1609 0.1611 0.2833 0.1608 0.1607
325 0.4213 0.2983 0.2983 0.2955 0.1726 0.1726 0.2956 0.1726 0.1725
26 0.4647 0.2912 0.2912 0.3469 0.1736 0.1737 0.3468 0.1735 0.1735
75 0.4115 0.2834 0.2834 0.2986 0.1698 0.1698 0.2985 0.1698 0.1696
274 0.4267 0.2923 0.2914 0.3013 0.1678 0.1678 0.3015 0.1678 0.1678
473 0.4285 0.2773 0.2774 0.3262 0.1751 0.1753 0.3267 0.1749 0.175
422 0.4966 0.3315 0.3322 0.3449 0.1793 0.1793 0.3454 0.1793 0.18
291 0.4213 0.2905 0.291 0.2925 0.1609 0.1614 0.2922 0.1609 0.1609
43 0.4184 0.2761 0.276 0.2928 0.1499 0.1499 0.2926 0.1499 0.15
10 0.4253 0.3006 0.3004 0.2862 0.1604 0.1604 0.2864 0.1606 0.1609
408 0.4217 0.2727 0.2729 0.3091 0.1604 0.1605 0.3088 0.1602 0.1608
191 0.4218 0.2932 0.2934 0.3004 0.1724 0.1726 0.3004 0.1731 0.1724
160 0.4112 0.2767 0.2765 0.2903 0.1576 0.1573 0.2904 0.1574 0.1577
440 0.471 0.3059 0.3061 0.3491 0.1817 0.1816 0.3481 0.1816 0.1822
209 0.3893 0.2694 0.2693 0.2742 0.1534 0.1533 0.2747 0.1534 0.1536
223 0.4109 0.2875 0.287 0.2808 0.1571 0.1572 0.2808 0.1578 0.1572
109 0.417 0.2873 0.2874 0.2933 0.164 0.164 0.2929 0.164 0.164
490 0.4184 0.2768 0.2768 0.3034 0.1632 0.1632 0.3034 0.1632 0.1632
176 0.4598 0.3288 0.3292 0.3037 0.1718 0.1722 0.3035 0.1723 0.1724
341 0.4354 0.2838 0.2836 0.325 0.1745 0.1743 0.325 0.1744 0.1745
307 0.4404 0.2862 0.2868 0.3258 0.1721 0.1719 0.3253 0.1721 0.172
258 0.4161 0.2642 0.2643 0.3148 0.1641 0.1642 0.3148 0.1641 0.1642
241 0.4029 0.2686 0.2688 0.2988 0.165 0.1655 0.2988 0.1651 0.1651
391 0.5027 0.3128 0.3129 0.3593 0.1704 0.1704 0.3593 0.1704 0.1703
457 0.4257 0.2781 0.2784 0.3229 0.1771 0.1771 0.3229 0.1779 0.178
358 0.428 0.2956 0.2954 0.2942 0.1619 0.1619 0.2952 0.1619 0.162
374 0.4123 0.2679 0.2685 0.3111 0.1664 0.1664 0.3111 0.1663 0.1664
474 0.4376 0.3137 0.3137 0.2857 0.1656 0.1657 0.2856 0.1658 0.166
342 0.3884 0.2758 0.2758 0.2697 0.1568 0.1568 0.2699 0.1573 0.1573
27 0.429 0.2689 0.2689 0.3311 0.172 0.172 0.3309 0.172 0.1721
524 0.4565 0.2985 0.2981 0.321 0.1666 0.1667 0.321 0.1666 0.1666
61 0.4253 0.2896 0.2895 0.302 0.1676 0.1676 0.302 0.1679 0.1677
275 0.4907 0.3035 0.3038 0.3786 0.193 0.1932 0.3774 0.1932 0.1929
326 0.4135 0.2619 0.2619 0.3076 0.1566 0.1565 0.3071 0.157 0.157
126 0.5022 0.3099 0.3098 0.3682 0.1757 0.1754 0.3687 0.1761 0.1754
441 0.4125 0.2772 0.2774 0.3034 0.1702 0.1702 0.3038 0.1702 0.1707
491 0.4594 0.3202 0.3203 0.3109 0.1722 0.1722 0.3107 0.1722 0.1722
44 0.4269 0.2994 0.2989 0.2976 0.1699 0.1698 0.2976 0.1697 0.1698
392 0.3795 0.2565 0.2565 0.2858 0.1627 0.1627 0.2855 0.1625 0.1626
359 0.4618 0.3223 0.3236 0.3144 0.1746 0.1746 0.3144 0.1746 0.1745
192 0.3788 0.2618 0.2621 0.2679 0.1507 0.1506 0.2679 0.1507 0.1504
507 0.4524 0.294 0.2949 0.3267 0.1688 0.1692 0.3254 0.1688 0.1694
210 0.4395 0.293 0.2929 0.3266 0.1802 0.1801 0.3272 0.1805 0.1801
93 0.4308 0.2999 0.2995 0.3046 0.1728 0.173 0.3045 0.1723 0.1725
242 0.4139 0.2972 0.2982 0.2823 0.1657 0.1657 0.2829 0.1661 0.1657
276 0.4257 0.2847 0.2848 0.2989 0.1594 0.1594 0.2989 0.1594 0.1593
409 0.4228 0.3041 0.3041 0.2894 0.1714 0.1714 0.2904 0.1714 0.1721
292 0.4004 0.2779 0.2788 0.2906 0.168 0.1681 0.2914 0.1686 0.1683
110 0.414 0.2989 0.3007 0.2767 0.1622 0.1623 0.2773 0.1629 0.1627
308 0.4491 0.2974 0.2974 0.3189 0.1674 0.1684 0.3189 0.1684 0.1681
177 0.3995 0.2636 0.2636 0.2997 0.1641 0.1645 0.2996 0.1642 0.1642
259 0.395 0.2831 0.2831 0.2786 0.1692 0.1691 0.2786 0.1691 0.1694
327 0.4042 0.2706 0.2708 0.2962 0.1627 0.1626 0.2963 0.1627 0.1625
343 0.4688 0.3138 0.3136 0.3379 0.1843 0.1846 0.3378 0.1844 0.1845
375 0.4421 0.2675 0.2677 0.3499 0.1783 0.1783 0.3493 0.1783 0.1788
142 0.4477 0.2994 0.2995 0.3205 0.1729 0.1727 0.3204 0.1727 0.1726
475 0.4156 0.3097 0.3101 0.2685 0.1632 0.1631 0.2685 0.1633 0.1632
442 0.3929 0.2616 0.2617 0.2821 0.1511 0.1513 0.2819 0.1514 0.1517
458 0.4693 0.3097 0.3098 0.3375 0.1777 0.1776 0.3379 0.178 0.1777
492 0.4103 0.3029 0.3035 0.2747 0.1701 0.1702 0.2747 0.1702 0.1702
508 0.3871 0.2728 0.2732 0.2789 0.1647 0.1646 0.279 0.1651 0.1645
525 0.4421 0.3104 0.3111 0.2989 0.1687 0.1687 0.2992 0.1691 0.1692
45 0.3837 0.2721 0.272 0.2726 0.1611 0.1611 0.2726 0.1609 0.1613
243 0.3986 0.2799 0.2798 0.2786 0.1598 0.1598 0.2786 0.1598 0.1597
277 0.4478 0.2872 0.2872 0.3367 0.177 0.1771 0.3366 0.177 0.1771
76 0.4291 0.2902 0.2911 0.311 0.1723 0.1729 0.3109 0.1723 0.1724
11 0.4806 0.3051 0.3052 0.3513 0.1807 0.1807 0.3512 0.1806 0.1806
94 0.3992 0.2857 0.2857 0.2789 0.1652 0.1652 0.2789 0.1652 0.1657
62 0.39 0.2614 0.2607 0.2914 0.164 0.1641 0.2914 0.1644 0.1641
211 0.4397 0.3016 0.3005 0.3106 0.1737 0.1737 0.311 0.1736 0.1737
293 0.4396 0.2693 0.2693 0.3265 0.1581 0.1582 0.3264 0.1581 0.1582
328 0.4079 0.2815 0.2816 0.2931 0.1678 0.1677 0.2931 0.1679 0.1677
260 0.4677 0.3095 0.3096 0.3398 0.1833 0.1839 0.3399 0.1833 0.1833
161 0.4038 0.2677 0.2691 0.3069 0.1713 0.1714 0.3067 0.1711 0.1712
493 0.4723 0.3021 0.302 0.3449 0.1737 0.1737 0.3448 0.1738 0.174
127 0.4268 0.292 0.2925 0.303 0.1709 0.1709 0.303 0.171 0.171
143 0.3957 0.2732 0.2732 0.2886 0.1658 0.1658 0.2883 0.1662 0.1663
526 0.405 0.2936 0.2931 0.275 0.1646 0.1644 0.2753 0.1648 0.1649
393 0.4175 0.2704 0.27 0.3042 0.1569 0.1569 0.3041 0.1569 0.1569
224 0.4749 0.3158 0.3156 0.3425 0.1843 0.1846 0.343 0.1842 0.1845
193 0.4128 0.2741 0.2742 0.3021 0.1635 0.1634 0.3011 0.1635 0.1634
28 0.4007 0.2698 0.2702 0.2956 0.1644 0.1643 0.2955 0.1643 0.1648
476 0.3841 0.2742 0.2738 0.2636 0.1535 0.1535 0.2641 0.154 0.1538
294 0.4116 0.2822 0.2822 0.2967 0.1681 0.1682 0.2976 0.1681 0.1689
459 0.4196 0.2795 0.2794 0.3073 0.169 0.1692 0.3073 0.169 0.1692
12 0.3917 0.276 0.276 0.2879 0.1717 0.1717 0.2879 0.1717 0.1722
360 0.4235 0.2878 0.2879 0.2953 0.1605 0.1612 0.2951 0.1605 0.1604
261 0.4606 0.3226 0.3226 0.3074 0.1704 0.1704 0.3074 0.1707 0.1703
443 0.3587 0.2465 0.2464 0.2651 0.1535 0.1539 0.2654 0.1538 0.1536
423 0.5023 0.345 0.3444 0.3436 0.1871 0.1874 0.3437 0.1872 0.1869
376 0.5081 0.341 0.3402 0.3479 0.1846 0.1852 0.3476 0.1847 0.1852
278 0.5019 0.3168 0.3161 0.3615 0.1773 0.1775 0.3617 0.1774 0.1775
410 0.4447 0.2988 0.2987 0.307 0.1617 0.1617 0.3071 0.1616 0.1616
309 0.3979 0.2904 0.2904 0.2847 0.1766 0.1767 0.2856 0.1765 0.1765
244 0.4196 0.2969 0.297 0.2942 0.1736 0.1736 0.2941 0.1737 0.1737
162 0.4403 0.2949 0.2947 0.3196 0.1748 0.1749 0.3194 0.175 0.1748
394 0.3977 0.2626 0.2631 0.2934 0.1594 0.1594 0.2935 0.1597 0.1594
344 0.4287 0.2805 0.2802 0.3159 0.168 0.1678 0.3165 0.168 0.1682
111 0.3876 0.281 0.281 0.2712 0.1655 0.1657 0.2714 0.1659 0.1658
527 0.5211 0.3668 0.3634 0.3352 0.1824 0.1824 0.3349 0.1827 0.1822
63 0.4124 0.2867 0.2868 0.2955 0.169 0.169 0.2958 0.1692 0.169
77 0.4592 0.3249 0.325 0.305 0.1699 0.1697 0.304 0.17 0.1697
194 0.4286 0.2838 0.2841 0.3069 0.1643 0.1643 0.307 0.1645 0.1645
144 0.3955 0.2878 0.2893 0.2748 0.1672 0.167 0.2758 0.1671 0.1679
178 0.3988 0.2841 0.2841 0.2722 0.1576 0.1581 0.2721 0.1575 0.1571
509 0.4321 0.3103 0.3101 0.2916 0.1675 0.1673 0.2911 0.168 0.1674
46 0.4784 0.3229 0.3231 0.33 0.1737 0.1738 0.3298 0.1735 0.1734
95 0.4378 0.2953 0.2954 0.3097 0.1676 0.1676 0.3092 0.1677 0.1674
212 0.408 0.2795 0.2797 0.3011 0.1727 0.173 0.3019 0.1726 0.1728
128 0.4221 0.29 0.2903 0.2977 0.1656 0.1658 0.2976 0.1654 0.1658
279 0.3805 0.2625 0.2626 0.2757 0.16 0.1601 0.2757 0.1601 0.16
361 0.4225 0.2987 0.2981 0.2931 0.1698 0.1698 0.2929 0.1701 0.1699
444 0.4137 0.2749 0.2752 0.3053 0.1673 0.1672 0.3052 0.1673 0.1673
329 0.4212 0.2889 0.2892 0.3045 0.1718 0.1722 0.3044 0.1723 0.1719
494 0.3647 0.2625 0.263 0.2634 0.1617 0.1617 0.2635 0.1623 0.1617
145 0.3637 0.2441 0.2441 0.283 0.1634 0.1634 0.283 0.1634 0.1637
245 0.4459 0.272 0.2719 0.3528 0.1795 0.1803 0.3527 0.1795 0.1803
411 0.3928 0.2541 0.2542 0.2982 0.16 0.16 0.2987 0.1608 0.1607
29 0.3939 0.2775 0.2774 0.2747 0.159 0.1592 0.2751 0.1594 0.1593
477 0.4076 0.2737 0.2737 0.2935 0.162 0.1623 0.2938 0.1622 0.1622
96 0.4264 0.2917 0.2915 0.3103 0.1748 0.1748 0.3103 0.1751 0.1748
262 0.3922 0.2782 0.2781 0.2727 0.1583 0.1582 0.2727 0.1583 0.1581
225 0.3816 0.2698 0.2697 0.276 0.1645 0.1646 0.2759 0.1644 0.1652
377 0.4263 0.3023 0.3024 0.2873 0.1645 0.1644 0.2873 0.1642 0.165
163 0.4396 0.2966 0.2966 0.3071 0.1649 0.165 0.308 0.1658 0.1659
460 0.4109 0.2577 0.2579 0.3162 0.1631 0.1632 0.315 0.1637 0.1631
64 0.3821 0.2716 0.2719 0.2654 0.1551 0.155 0.2655 0.1552 0.155
445 0.4924 0.3204 0.3199 0.357 0.1844 0.1847 0.3574 0.1848 0.1848
528 0.4284 0.285 0.285 0.3095 0.1662 0.1661 0.3095 0.1661 0.1662
395 0.4988 0.3278 0.3281 0.3541 0.1823 0.1834 0.3556 0.1835 0.1822
424 0.4326 0.2779 0.2794 0.3178 0.1634 0.1633 0.3179 0.1633 0.1636
263 0.3791 0.2709 0.2709 0.2645 0.1575 0.1574 0.2645 0.1576 0.1575
280 0.444 0.2796 0.2796 0.3396 0.1758 0.1757 0.3397 0.1758 0.1765
310 0.4537 0.2893 0.29 0.3302 0.1652 0.165 0.3303 0.1651 0.166
345 0.4505 0.2919 0.2918 0.3351 0.1767 0.1763 0.3355 0.1767 0.1763
179 0.3749 0.2553 0.2551 0.2816 0.1639 0.1638 0.2816 0.164 0.1638
195 0.429 0.2887 0.2869 0.3048 0.1651 0.1659 0.3048 0.1651 0.1651
13 0.3781 0.2595 0.2596 0.2698 0.1517 0.1519 0.2696 0.1518 0.1517
97 0.4329 0.3122 0.3122 0.2939 0.1722 0.1722 0.294 0.1721 0.1724
295 0.4156 0.2765 0.2764 0.3044 0.1657 0.1663 0.3042 0.1657 0.1658
146 0.4214 0.2944 0.2953 0.2976 0.1714 0.1715 0.2977 0.1715 0.1712
129 0.4874 0.3187 0.3181 0.3474 0.1762 0.1766 0.3467 0.1767 0.1765
213 0.4356 0.2937 0.2946 0.314 0.1729 0.173 0.3139 0.1731 0.1728
30 0.443 0.3047 0.3046 0.3083 0.1705 0.1705 0.3083 0.1705 0.1704
510 0.4402 0.2965 0.2958 0.312 0.1688 0.1688 0.312 0.1687 0.1685
78 0.4424 0.2965 0.2964 0.3115 0.1649 0.165 0.3116 0.1649 0.1648
378 0.4145 0.2886 0.2893 0.2917 0.1647 0.1647 0.2917 0.1647 0.1645
396 0.4896 0.3492 0.3493 0.3244 0.1853 0.1853 0.3245 0.1853 0.1853
47 0.4225 0.2777 0.2766 0.304 0.1583 0.1584 0.3041 0.1584 0.1582
65 0.4645 0.3098 0.3082 0.3134 0.1582 0.1582 0.3134 0.1583 0.1582
412 0.4376 0.2932 0.2929 0.311 0.1683 0.1683 0.3109 0.169 0.1691
281 0.4557 0.3067 0.3081 0.3265 0.1786 0.1787 0.3261 0.1786 0.1788
461 0.4341 0.2968 0.2969 0.3066 0.17 0.1701 0.3066 0.1704 0.1703
446 0.4359 0.3111 0.3108 0.3095 0.1848 0.1848 0.3098 0.1849 0.1851
130 0.4125 0.2595 0.2595 0.3021 0.1492 0.1492 0.302 0.1492 0.1492
362 0.3977 0.2577 0.2577 0.3018 0.1621 0.1621 0.3018 0.1625 0.1625
495 0.4809 0.3154 0.315 0.3401 0.1758 0.1758 0.3389 0.1756 0.1757
478 0.4223 0.2837 0.2835 0.2961 0.1571 0.157 0.2963 0.1572 0.1573
164 0.4124 0.2758 0.276 0.2974 0.1644 0.1645 0.2974 0.1648 0.1651
31 0.3931 0.262 0.262 0.2968 0.1656 0.1657 0.2968 0.1657 0.166
529 0.3895 0.2604 0.2605 0.2933 0.1647 0.1646 0.2934 0.1648 0.1651
147 0.4184 0.3037 0.3037 0.2963 0.1819 0.182 0.2978 0.182 0.1831
330 0.4166 0.2768 0.2772 0.3029 0.1676 0.1676 0.3036 0.1676 0.1676
196 0.4425 0.2933 0.2935 0.3149 0.1667 0.1668 0.3147 0.1667 0.167
264 0.4002 0.2581 0.258 0.3035 0.1619 0.1621 0.3042 0.1619 0.1621
311 0.4236 0.2952 0.2953 0.2942 0.1664 0.1666 0.2942 0.1664 0.167
112 0.4549 0.3007 0.3004 0.3222 0.1685 0.1685 0.3213 0.1688 0.1691
346 0.3721 0.25 0.2498 0.2777 0.1548 0.1548 0.2777 0.1548 0.1548
425 0.4066 0.2958 0.2957 0.2851 0.174 0.1741 0.2852 0.1743 0.1747
14 0.4155 0.2838 0.2837 0.3028 0.1695 0.1702 0.3026 0.1701 0.1704
180 0.4467 0.2994 0.2994 0.3301 0.1845 0.1845 0.33 0.1845 0.1844
131 0.3916 0.26 0.2601 0.2945 0.1636 0.1636 0.2941 0.1638 0.1637
246 0.3883 0.2602 0.2602 0.2802 0.1535 0.1535 0.28 0.1535 0.1534
32 0.4739 0.3218 0.3219 0.3334 0.179 0.179 0.3334 0.1791 0.1795
197 0.4316 0.286 0.2859 0.3186 0.1721 0.1723 0.3177 0.1721 0.1722
98 0.4321 0.2996 0.2996 0.2957 0.1634 0.1634 0.2955 0.1634 0.1633
296 0.4204 0.2892 0.2892 0.2978 0.166 0.1659 0.2978 0.1666 0.1667
462 0.4166 0.2932 0.2932 0.2979 0.1732 0.1732 0.2982 0.1739 0.1739
66 0.4552 0.299 0.2991 0.3215 0.1659 0.1659 0.3216 0.166 0.1662
214 0.4443 0.2965 0.2963 0.3197 0.172 0.1719 0.32 0.1721 0.1723
48 0.4418 0.2799 0.2807 0.3177 0.1588 0.1588 0.3177 0.1595 0.1593
379 0.4092 0.2827 0.2825 0.2911 0.1655 0.1654 0.2911 0.1654 0.1665
530 0.4424 0.3124 0.3124 0.3138 0.1844 0.1844 0.3143 0.1847 0.1849
79 0.4339 0.2864 0.2862 0.3094 0.1617 0.1622 0.3087 0.1619 0.1622
282 0.4434 0.3114 0.3121 0.293 0.164 0.1641 0.2934 0.1642 0.1651
347 0.4069 0.2679 0.2682 0.2985 0.1596 0.1593 0.2988 0.1596 0.1593
397 0.3986 0.2781 0.2773 0.2831 0.1631 0.1632 0.2836 0.1629 0.1634
132 0.423 0.2953 0.2953 0.2957 0.1681 0.1682 0.2957 0.1683 0.1684
511 0.3837 0.2634 0.2633 0.2893 0.1685 0.1685 0.2893 0.1683 0.1695
181 0.4605 0.3 0.3014 0.3202 0.163 0.1634 0.3204 0.1629 0.163
67 0.4542 0.3169 0.317 0.3087 0.1713 0.1714 0.3092 0.1714 0.1715
363 0.4229 0.298 0.2979 0.2789 0.1583 0.1581 0.2789 0.1581 0.1581
479 0.3889 0.2708 0.2717 0.2744 0.1572 0.1573 0.2744 0.1571 0.158
247 0.4382 0.2851 0.285 0.3239 0.1707 0.1706 0.324 0.1707 0.1711
413 0.3982 0.2662 0.2662 0.2941 0.1615 0.1616 0.2945 0.1618 0.1619
331 0.4367 0.2957 0.2957 0.3073 0.1673 0.1672 0.3073 0.1675 0.1677
33 0.4249 0.2878 0.2878 0.2971 0.1604 0.1606 0.2961 0.1609 0.1609
312 0.4655 0.3012 0.3016 0.3448 0.1812 0.1812 0.3445 0.1814 0.1816
496 0.4109 0.2892 0.289 0.2884 0.1665 0.1665 0.289 0.1662 0.167
99 0.3997 0.2668 0.2667 0.2966 0.1647 0.1647 0.2967 0.1647 0.1648
68 0.3849 0.2668 0.2671 0.2698 0.1535 0.1535 0.2702 0.1536 0.1541
297 0.4002 0.2842 0.2847 0.2759 0.1607 0.1607 0.2758 0.1615 0.1607
380 0.4176 0.275 0.2755 0.3157 0.1739 0.1739 0.3156 0.1739 0.1739
49 0.4055 0.2676 0.2678 0.3067 0.169 0.1691 0.3068 0.1687 0.1699
398 0.4373 0.2933 0.2935 0.3086 0.1648 0.1648 0.3092 0.1648 0.1653
447 0.4419 0.2914 0.2923 0.3126 0.1624 0.1625 0.3126 0.1624 0.1625
463 0.3776 0.265 0.265 0.2807 0.1678 0.1677 0.2807 0.168 0.1683
165 0.4482 0.3091 0.3091 0.3002 0.1603 0.1603 0.3002 0.1608 0.1602
414 0.408 0.2865 0.2865 0.279 0.1579 0.1585 0.279 0.1582 0.1585
80 0.4138 0.2856 0.2855 0.2964 0.1685 0.1685 0.2964 0.1685 0.1685
283 0.4466 0.2804 0.2808 0.3253 0.1614 0.1614 0.3253 0.1614 0.1618
226 0.4573 0.3258 0.3254 0.3091 0.1761 0.1761 0.3091 0.176 0.1759
198 0.3984 0.2812 0.2809 0.282 0.1638 0.1638 0.2819 0.1638 0.1634
531 0.4719 0.3252 0.3248 0.3291 0.1854 0.1852 0.3293 0.1852 0.1851
148 0.4225 0.275 0.2753 0.3084 0.1601 0.1601 0.309 0.1601 0.1611
113 0.4435 0.3117 0.3111 0.3108 0.1807 0.1808 0.3108 0.1806 0.1805
15 0.4301 0.2861 0.287 0.2968 0.1596 0.16 0.2973 0.1602 0.1595
512 0.382 0.2699 0.2698 0.2717 0.1592 0.1595 0.2721 0.1591 0.1592
133 0.4616 0.305 0.3046 0.3342 0.1773 0.1774 0.3341 0.1773 0.1774
348 0.4637 0.3144 0.3142 0.3238 0.1742 0.1742 0.3237 0.1742 0.1741
265 0.3986 0.2673 0.2674 0.2932 0.1629 0.1634 0.2932 0.1629 0.1632
480 0.3806 0.2725 0.2731 0.2701 0.1633 0.1632 0.2705 0.1632 0.1632
399 0.3959 0.2731 0.2731 0.2876 0.1638 0.1639 0.2878 0.1637 0.1639
34 0.4576 0.3171 0.3182 0.3133 0.1739 0.1741 0.3132 0.174 0.1748
364 0.4328 0.2876 0.2877 0.312 0.1682 0.1689 0.3121 0.1683 0.1688
215 0.4042 0.2717 0.2717 0.3043 0.1735 0.1737 0.3043 0.1733 0.1738
182 0.4415 0.2888 0.2888 0.3255 0.1738 0.1739 0.3257 0.1742 0.1744
100 0.3962 0.2859 0.2859 0.2735 0.1633 0.1633 0.2738 0.1634 0.1635
332 0.4223 0.2896 0.2896 0.2931 0.1614 0.1623 0.294 0.1614 0.1624
199 0.4524 0.3016 0.3021 0.3301 0.1779 0.1783 0.3301 0.178 0.1782
313 0.4097 0.2771 0.2771 0.296 0.1634 0.1634 0.2959 0.1636 0.1635
248 0.4456 0.3059 0.3059 0.3043 0.1638 0.1637 0.3031 0.1636 0.1636
464 0.4033 0.2715 0.2715 0.2934 0.1628 0.1628 0.2932 0.1628 0.1629
497 0.4497 0.3154 0.3172 0.3016 0.1673 0.1677 0.3018 0.1674 0.1673
513 0.45 0.3052 0.305 0.324 0.1784 0.1784 0.3245 0.1784 0.1787
134 0.3968 0.2706 0.2712 0.283 0.1589 0.1589 0.2826 0.1593 0.1594
50 0.4459 0.2946 0.2949 0.3203 0.1689 0.1688 0.3202 0.1689 0.1687
415 0.3856 0.2708 0.2712 0.2735 0.1586 0.1585 0.2735 0.1585 0.1586
365 0.476 0.297 0.297 0.354 0.1804 0.1805 0.3538 0.1804 0.1806
69 0.4288 0.2859 0.2858 0.3052 0.1625 0.1625 0.305 0.1625 0.1624
481 0.4149 0.2592 0.2594 0.3211 0.1657 0.1656 0.3207 0.1657 0.1659
532 0.4487 0.304 0.305 0.31 0.1671 0.1672 0.3105 0.1671 0.1672
426 0.4619 0.2998 0.2998 0.3342 0.1734 0.1734 0.3339 0.1734 0.1733
114 0.4095 0.2697 0.2696 0.3062 0.1668 0.1677 0.3066 0.1675 0.1675
216 0.4024 0.2729 0.2728 0.2916 0.1637 0.1636 0.2919 0.1637 0.1642
101 0.4259 0.2878 0.2878 0.3004 0.1634 0.1634 0.3003 0.1634 0.1642
366 0.413 0.2784 0.2787 0.3067 0.1706 0.1707 0.3069 0.1706 0.1707
81 0.4063 0.2794 0.2795 0.2998 0.1732 0.1731 0.2991 0.1732 0.1733
349 0.409 0.2753 0.2753 0.2981 0.1645 0.1647 0.298 0.1646 0.1646
70 0.471 0.3093 0.3098 0.3397 0.1782 0.1781 0.3395 0.1782 0.1781
381 0.3893 0.2708 0.2706 0.2716 0.1537 0.1538 0.2716 0.1538 0.1546
16 0.4075 0.2647 0.2647 0.3111 0.1672 0.1673 0.311 0.1675 0.167
166 0.4411 0.297 0.2969 0.3173 0.1742 0.1749 0.3165 0.1742 0.1753
416 0.4242 0.2934 0.2936 0.2987 0.1676 0.1675 0.2992 0.1679 0.1682
249 0.4394 0.2811 0.2811 0.3231 0.1642 0.1643 0.3226 0.1643 0.1642
284 0.4498 0.3073 0.3075 0.3079 0.1629 0.1631 0.3084 0.1628 0.1634
135 0.4134 0.2807 0.2804 0.2991 0.167 0.167 0.2991 0.1669 0.1673
333 0.3685 0.2426 0.2427 0.2805 0.1548 0.1558 0.2805 0.1547 0.1549
514 0.4634 0.3148 0.316 0.3153 0.1673 0.1669 0.3155 0.1673 0.167
149 0.3886 0.2685 0.2685 0.2811 0.1608 0.1606 0.2811 0.1608 0.1612
482 0.3785 0.268 0.268 0.276 0.166 0.1661 0.276 0.1658 0.1662
200 0.381 0.2753 0.2759 0.2574 0.1513 0.1513 0.2573 0.151 0.1511
298 0.4748 0.3191 0.3192 0.3283 0.1732 0.1732 0.3285 0.1733 0.1733
400 0.472 0.3055 0.3055 0.3402 0.174 0.174 0.3408 0.1743 0.1743
35 0.3904 0.2729 0.2726 0.275 0.1568 0.1567 0.275 0.1568 0.1566
115 0.4588 0.3016 0.3016 0.3269 0.1707 0.1708 0.3267 0.1706 0.1706
417 0.4247 0.2722 0.2721 0.3225 0.1694 0.1694 0.3231 0.1693 0.1695
183 0.4389 0.3053 0.3055 0.3027 0.1713 0.1714 0.3027 0.1712 0.1712
533 0.3871 0.2558 0.2553 0.2922 0.1615 0.1614 0.2927 0.1616 0.1616
367 0.4596 0.3206 0.3206 0.3074 0.1719 0.172 0.3076 0.1718 0.172
227 0.4261 0.3025 0.3025 0.2923 0.171 0.171 0.2931 0.171 0.1722
448 0.423 0.2711 0.2718 0.3121 0.161 0.1614 0.3128 0.1609 0.1607
102 0.4143 0.294 0.2942 0.2893 0.1688 0.1688 0.2897 0.1696 0.17
382 0.4305 0.2905 0.2904 0.3084 0.1693 0.1694 0.3084 0.1694 0.1695
71 0.4392 0.2949 0.2948 0.306 0.1623 0.1623 0.306 0.1623 0.1622
314 0.4076 0.2892 0.2893 0.2868 0.1678 0.1676 0.2872 0.1682 0.1678
285 0.4584 0.3276 0.3273 0.3114 0.1802 0.1802 0.3114 0.1801 0.1802
167 0.4483 0.3092 0.3091 0.309 0.1707 0.1705 0.3094 0.1707 0.1704
217 0.4184 0.2664 0.2669 0.3123 0.1606 0.1606 0.3127 0.1604 0.1609
427 0.4399 0.2791 0.2793 0.3276 0.1665 0.1665 0.3276 0.1662 0.166
418 0.4063 0.2759 0.2758 0.3003 0.1708 0.1705 0.3004 0.1707 0.1707
51 0.43 0.2955 0.2956 0.2964 0.163 0.1629 0.2963 0.164 0.164
299 0.4336 0.2868 0.2868 0.3066 0.1596 0.1597 0.3063 0.1594 0.1596
36 0.4036 0.2896 0.2889 0.2911 0.1758 0.176 0.2908 0.1759 0.1762
82 0.4033 0.2583 0.2585 0.3075 0.1639 0.1639 0.3074 0.164 0.164
266 0.4431 0.3189 0.3187 0.2918 0.167 0.167 0.2913 0.167 0.1667
250 0.4659 0.2751 0.2754 0.3614 0.1717 0.1718 0.3618 0.1731 0.1725
201 0.4319 0.2921 0.292 0.3087 0.1699 0.17 0.3087 0.1698 0.1701
483 0.4368 0.284 0.284 0.326 0.1739 0.174 0.326 0.1739 0.1736
150 0.4377 0.3078 0.308 0.2926 0.1642 0.1642 0.2925 0.1643 0.1643
334 0.436 0.3035 0.3017 0.2966 0.1631 0.163 0.2966 0.1631 0.1631
401 0.4206 0.2889 0.2889 0.3089 0.176 0.1759 0.3087 0.176 0.1763
449 0.4817 0.3304 0.3294 0.3288 0.1767 0.1768 0.329 0.177 0.1767
498 0.439 0.3107 0.3107 0.2974 0.1718 0.1717 0.2974 0.1718 0.1716
465 0.4143 0.2872 0.2867 0.3004 0.1737 0.1737 0.3002 0.1735 0.1737
534 0.4593 0.3249 0.3225 0.2999 0.1682 0.1679 0.3 0.1687 0.1682
136 0.4783 0.3112 0.3114 0.3438 0.1791 0.1785 0.3431 0.179 0.1788
116 0.4614 0.2803 0.2801 0.3456 0.1647 0.1647 0.3456 0.1651 0.1651
168 0.3939 0.2735 0.2739 0.2872 0.1665 0.1667 0.2872 0.1666 0.1665
228 0.4719 0.2927 0.2926 0.355 0.1766 0.1766 0.3556 0.1771 0.1771
383 0.4058 0.2854 0.2853 0.2952 0.1728 0.1727 0.2952 0.1727 0.1727
368 0.416 0.2911 0.2911 0.2895 0.1648 0.1648 0.29 0.1657 0.1646
286 0.4341 0.302 0.3024 0.3036 0.1725 0.1724 0.3036 0.1727 0.1724
499 0.3848 0.2657 0.2657 0.2836 0.1643 0.1643 0.2836 0.1643 0.1644
515 0.3962 0.2853 0.2848 0.2788 0.1677 0.1674 0.2792 0.1684 0.1685
402 0.3892 0.2758 0.2757 0.2784 0.1656 0.1654 0.2782 0.1655 0.1655
350 0.4544 0.2869 0.2875 0.3467 0.1779 0.1782 0.3474 0.1781 0.178
184 0.4243 0.2681 0.268 0.3166 0.1609 0.1609 0.3162 0.1607 0.1613
267 0.4286 0.2969 0.2966 0.2963 0.1637 0.164 0.2965 0.164 0.1638
369 0.4213 0.2934 0.2935 0.293 0.1646 0.1646 0.293 0.1646 0.1646
202 0.4377 0.303 0.303 0.3079 0.1726 0.1726 0.3079 0.1729 0.1729
17 0.4528 0.3004 0.3019 0.3322 0.1799 0.1799 0.3323 0.1797 0.1797
117 0.4066 0.2942 0.2942 0.2688 0.1568 0.1568 0.2691 0.1569 0.1573
151 0.425 0.2935 0.2937 0.3011 0.1698 0.17 0.3011 0.1699 0.1699
37 0.4188 0.2924 0.293 0.2947 0.1681 0.168 0.2946 0.1682 0.1683
300 0.4382 0.2978 0.2978 0.3088 0.1684 0.1684 0.309 0.1684 0.1684
484 0.4399 0.284 0.2841 0.3136 0.1587 0.1587 0.3138 0.1588 0.1591
52 0.4313 0.3118 0.3088 0.2916 0.1725 0.1725 0.2915 0.1725 0.1724
251 0.4034 0.29 0.2901 0.2802 0.167 0.167 0.2804 0.1667 0.1674
315 0.4399 0.2941 0.2944 0.3218 0.1763 0.1762 0.3218 0.1766 0.176
419 0.4185 0.2948 0.2949 0.2864 0.1646 0.1646 0.2864 0.1644 0.1641
466 0.4286 0.294 0.2935 0.3051 0.1708 0.1708 0.3053 0.1707 0.1708
185 0.4302 0.2932 0.294 0.3095 0.174 0.174 0.3095 0.1739 0.1743
218 0.4252 0.2913 0.2912 0.3031 0.1693 0.1692 0.3046 0.1691 0.1697
169 0.4248 0.2759 0.2765 0.3114 0.1628 0.1629 0.3113 0.1634 0.1629
535 0.5306 0.3474 0.3474 0.3716 0.1874 0.1874 0.3705 0.1873 0.1879
428 0.4128 0.2771 0.2772 0.3006 0.1636 0.1637 0.3006 0.1636 0.1636
137 0.441 0.2904 0.2896 0.3166 0.1664 0.1665 0.3166 0.1662 0.1666
301 0.4453 0.2949 0.2949 0.3234 0.1771 0.1771 0.3237 0.1771 0.177
287 0.4699 0.303 0.3028 0.3272 0.1603 0.1615 0.3271 0.1603 0.1614
203 0.3803 0.2642 0.2648 0.2764 0.159 0.159 0.2766 0.159 0.1593
83 0.4399 0.3127 0.3113 0.2921 0.1667 0.1668 0.2926 0.1673 0.1668
103 0.4282 0.3138 0.3133 0.2838 0.1687 0.1692 0.2838 0.1692 0.1687
351 0.4079 0.2591 0.2593 0.3034 0.1568 0.1565 0.3037 0.1575 0.1572
403 0.4424 0.3037 0.3036 0.3115 0.1726 0.1727 0.312 0.1727 0.1726
118 0.4189 0.3127 0.3125 0.2678 0.1635 0.1635 0.2684 0.1636 0.1636
170 0.3939 0.2758 0.2758 0.2886 0.1698 0.1698 0.2885 0.1696 0.1696
516 0.4353 0.2891 0.2889 0.3163 0.1698 0.1703 0.3161 0.1701 0.1699
152 0.3793 0.2862 0.2863 0.2476 0.1547 0.1547 0.2476 0.1548 0.1548
384 0.3926 0.2665 0.2665 0.2817 0.1561 0.1561 0.2819 0.1561 0.156
316 0.4269 0.2923 0.2925 0.3084 0.1741 0.1743 0.3086 0.1749 0.1748
18 0.4309 0.3049 0.305 0.2948 0.1703 0.1705 0.2946 0.1706 0.1711
72 0.372 0.2591 0.259 0.275 0.1611 0.1612 0.275 0.161 0.1616
335 0.4261 0.283 0.2832 0.3052 0.1633 0.1634 0.3053 0.1632 0.1632
268 0.4287 0.2806 0.2805 0.3128 0.165 0.1655 0.3134 0.1655 0.1651
38 0.4163 0.302 0.3021 0.2859 0.1718 0.1718 0.2863 0.1718 0.1719
252 0.3904 0.2747 0.2746 0.2768 0.1614 0.1615 0.2769 0.1617 0.1614
485 0.436 0.2896 0.29 0.3271 0.1805 0.1816 0.3266 0.1811 0.1815
186 0.4223 0.2864 0.2864 0.3081 0.1723 0.1724 0.3083 0.1722 0.1728
420 0.4355 0.304 0.3055 0.3022 0.1727 0.1732 0.3025 0.1726 0.1734
450 0.4404 0.299 0.299 0.3225 0.1798 0.1799 0.3223 0.1797 0.1798
467 0.4569 0.313 0.3129 0.3138 0.1701 0.1701 0.3138 0.1704 0.17
500 0.4261 0.3012 0.3012 0.2983 0.1735 0.1737 0.2989 0.1733 0.1734
317 0.4111 0.2854 0.2855 0.286 0.1593 0.1593 0.2855 0.1593 0.1594
336 0.4667 0.3257 0.3257 0.3263 0.1858 0.1857 0.3257 0.186 0.1863
229 0.4641 0.2973 0.2959 0.3427 0.178 0.1781 0.3427 0.178 0.1783
302 0.4109 0.2809 0.2808 0.3044 0.1751 0.1752 0.3045 0.175 0.1758
288 0.4683 0.311 0.3111 0.3219 0.1664 0.1665 0.3219 0.1662 0.1663
219 0.4033 0.2869 0.2869 0.2712 0.1573 0.1573 0.2713 0.1573 0.1572
370 0.4537 0.3196 0.3196 0.2996 0.1666 0.1666 0.2999 0.1672 0.1666
19 0.4008 0.2536 0.2536 0.3138 0.166 0.1662 0.3137 0.1661 0.1665
53 0.4092 0.2894 0.2895 0.2917 0.1725 0.1728 0.2918 0.1726 0.1725
404 0.399 0.2752 0.2752 0.298 0.172 0.172 0.2981 0.1726 0.1725
501 0.3772 0.2697 0.2697 0.2749 0.1667 0.1667 0.2749 0.1669 0.167
269 0.4384 0.2877 0.2875 0.3266 0.1761 0.1761 0.3266 0.1761 0.176
104 0.392 0.28 0.2802 0.28 0.168 0.1681 0.2802 0.1678 0.1681
204 0.4059 0.2867 0.2868 0.2893 0.1714 0.1715 0.2892 0.1714 0.1719
352 0.4073 0.2842 0.2832 0.2902 0.1693 0.1693 0.2902 0.1689 0.1691
138 0.377 0.2547 0.2546 0.2806 0.16 0.1599 0.2806 0.1604 0.16
536 0.4267 0.293 0.293 0.3004 0.1663 0.1661 0.3004 0.166 0.1662
171 0.3942 0.2698 0.2699 0.2902 0.1665 0.1666 0.2904 0.1663 0.1664
468 0.418 0.3075 0.3075 0.2772 0.1668 0.1668 0.2771 0.1673 0.1671
153 0.4704 0.3391 0.34 0.3139 0.1824 0.1823 0.3134 0.1824 0.182
517 0.4433 0.31 0.3102 0.3128 0.1778 0.1777 0.3118 0.1783 0.1778
385 0.4215 0.2814 0.2815 0.3104 0.1691 0.1693 0.3103 0.169 0.1688
119 0.4096 0.2991 0.299 0.2868 0.1728 0.173 0.2873 0.1728 0.173
84 0.41 0.2557 0.2562 0.3095 0.1568 0.1568 0.3094 0.1566 0.1565
187 0.4791 0.3067 0.3068 0.3519 0.179 0.1795 0.3526 0.1791 0.1788
451 0.4661 0.3284 0.3283 0.3129 0.1747 0.1747 0.3129 0.1747 0.1748
486 0.4151 0.2928 0.2928 0.295 0.1729 0.173 0.2949 0.1734 0.1729
39 0.4199 0.2909 0.2902 0.2966 0.1692 0.1692 0.2964 0.1692 0.1689
502 0.4288 0.2813 0.281 0.3204 0.1725 0.1725 0.3198 0.1725 0.1729
318 0.4639 0.2986 0.2984 0.3318 0.1671 0.1673 0.3319 0.1672 0.1672
429 0.4069 0.2663 0.2665 0.3149 0.1746 0.1746 0.3148 0.1747 0.1746
289 0.4193 0.2763 0.2763 0.2977 0.1547 0.1548 0.2991 0.1549 0.1547
303 0.3884 0.2714 0.272 0.2796 0.1641 0.1644 0.2796 0.164 0.1641
337 0.4208 0.2648 0.2649 0.3182 0.1634 0.1642 0.3185 0.164 0.1643
220 0.4257 0.3078 0.3076 0.2901 0.1705 0.1704 0.2902 0.1706 0.1703
405 0.4458 0.3049 0.3062 0.3076 0.1653 0.1654 0.3076 0.1653 0.1653
421 0.4424 0.305 0.3041 0.3046 0.1698 0.1697 0.3045 0.1701 0.1698
253 0.4002 0.2777 0.2775 0.2798 0.1584 0.1588 0.28 0.1583 0.1589
154 0.4692 0.3256 0.3256 0.3335 0.1896 0.1896 0.3341 0.1896 0.1898
20 0.4152 0.2657 0.2659 0.3022 0.1552 0.1552 0.3026 0.1553 0.155
371 0.4289 0.2852 0.2853 0.3076 0.1643 0.1649 0.3079 0.1643 0.1642
537 0.434 0.2932 0.2933 0.3071 0.165 0.1651 0.3073 0.1649 0.1657
469 0.4698 0.2961 0.2972 0.3427 0.1703 0.1705 0.3423 0.1706 0.1711
73 0.3905 0.2697 0.2694 0.2836 0.163 0.1631 0.2839 0.1632 0.1628
386 0.4203 0.2701 0.27 0.3147 0.1652 0.1649 0.3146 0.1651 0.1659
85 0.3772 0.2714 0.2713 0.2672 0.1626 0.1624 0.2672 0.1627 0.1625
172 0.4052 0.2788 0.2785 0.2891 0.1611 0.1616 0.2888 0.161 0.1615
54 0.4055 0.2732 0.2732 0.29 0.1585 0.1586 0.2904 0.1585 0.1586
105 0.459 0.3191 0.3195 0.3049 0.1653 0.1661 0.3048 0.1653 0.166
120 0.4059 0.2821 0.2822 0.2869 0.1626 0.1626 0.287 0.1636 0.1626
270 0.3748 0.2592 0.2588 0.2746 0.158 0.158 0.2746 0.158 0.1579
452 0.4284 0.299 0.299 0.3013 0.1721 0.1721 0.3013 0.1723 0.1722
205 0.4052 0.2762 0.2776 0.2993 0.1692 0.169 0.3001 0.1698 0.1692
304 0.4268 0.2937 0.2921 0.2927 0.1642 0.1642 0.2929 0.1643 0.1643
518 0.4529 0.2852 0.2851 0.3493 0.1842 0.1842 0.3493 0.1842 0.1853
353 0.4317 0.2997 0.3004 0.2935 0.1626 0.1625 0.294 0.1625 0.1629
188 0.4416 0.2811 0.2814 0.3315 0.1717 0.1716 0.3315 0.1716 0.1714
319 0.4454 0.3048 0.3048 0.3036 0.1634 0.1634 0.3043 0.164 0.1633
470 0.4493 0.2883 0.2857 0.3275 0.1674 0.1675 0.3271 0.1673 0.167
230 0.44 0.2935 0.2932 0.3071 0.161 0.1609 0.3079 0.161 0.1622
338 0.43 0.2918 0.2905 0.308 0.1701 0.17 0.3084 0.1702 0.1704
173 0.436 0.2925 0.2925 0.3181 0.1737 0.1737 0.3185 0.1738 0.1739
21 0.4134 0.279 0.279 0.2913 0.1579 0.158 0.2913 0.1581 0.1578
487 0.4319 0.2811 0.2806 0.3161 0.1659 0.1657 0.3156 0.1661 0.1657
503 0.4157 0.2886 0.2885 0.2938 0.1682 0.1682 0.2939 0.1682 0.1685
254 0.4388 0.2882 0.2883 0.3101 0.1595 0.1596 0.31 0.1601 0.1602
40 0.4053 0.2833 0.283 0.29 0.1685 0.1684 0.29 0.1685 0.1688
155 0.4073 0.2742 0.2745 0.294 0.1633 0.1631 0.2944 0.1632 0.1633
305 0.4283 0.2964 0.2964 0.3047 0.1718 0.1718 0.3046 0.1721 0.172
121 0.4356 0.2878 0.2881 0.3193 0.1715 0.1717 0.3181 0.1717 0.1716
519 0.4194 0.296 0.2965 0.2876 0.1651 0.1651 0.2878 0.165 0.1649
139 0.4135 0.2881 0.2886 0.2928 0.1686 0.169 0.2928 0.1684 0.1682
106 0.4071 0.2696 0.2695 0.3028 0.1658 0.1658 0.3028 0.1658 0.1658
189 0.3627 0.2388 0.2389 0.2812 0.1584 0.1584 0.2812 0.1584 0.1584
55 0.4292 0.3151 0.316 0.2778 0.164 0.1644 0.2779 0.1639 0.1647
221 0.4165 0.2978 0.2977 0.29 0.1719 0.172 0.2896 0.1719 0.1721
387 0.4005 0.2741 0.2742 0.2864 0.1615 0.1615 0.2869 0.1618 0.1615
86 0.4089 0.2908 0.291 0.2884 0.1711 0.1711 0.2884 0.1708 0.1708
206 0.3726 0.2651 0.2651 0.2624 0.1541 0.1541 0.2625 0.1542 0.1539
354 0.4383 0.295 0.2944 0.3117 0.1672 0.1674 0.3118 0.1672 0.1672
430 0.41 0.2811 0.2813 0.2934 0.1658 0.1658 0.2936 0.1656 0.1658
271 0.4197 0.298 0.3 0.2844 0.1645 0.1645 0.2844 0.1645 0.1651
320 0.4386 0.2893 0.2893 0.3211 0.1725 0.1727 0.321 0.1726 0.1727
504 0.3812 0.2646 0.2648 0.275 0.1579 0.158 0.2754 0.1581 0.1585
122 0.39 0.2683 0.2683 0.2833 0.1614 0.1615 0.2833 0.1621 0.1621
22 0.3874 0.2846 0.2846 0.268 0.1638 0.1637 0.2681 0.1637 0.1637
56 0.4102 0.2633 0.2632 0.3077 0.1615 0.1615 0.3091 0.1623 0.1615
222 0.4167 0.2745 0.2746 0.2996 0.1587 0.1588 0.2997 0.159 0.1585
520 0.4456 0.2978 0.2986 0.3216 0.1721 0.1721 0.3218 0.1725 0.1724
272 0.449 0.3033 0.3027 0.3252 0.1799 0.1799 0.3242 0.1796 0.1799
156 0.4056 0.2537 0.2537 0.3164 0.1646 0.1646 0.3163 0.1646 0.1645
23 0.4007 0.2938 0.2939 0.2734 0.1672 0.1672 0.2734 0.1671 0.1673
453 0.4386 0.3079 0.3079 0.3034 0.1719 0.172 0.3036 0.1721 0.1721
355 0.3866 0.2765 0.2765 0.2882 0.1777 0.1777 0.2882 0.1777 0.1778
255 0.4274 0.2783 0.2786 0.3145 0.1665 0.1666 0.3154 0.1669 0.1669
471 0.4302 0.2968 0.2949 0.2925 0.1593 0.1593 0.2926 0.1592 0.1591
231 0.489 0.3202 0.3212 0.3506 0.1825 0.1825 0.3516 0.1825 0.1827
431 0.4619 0.3174 0.317 0.3194 0.1765 0.1765 0.3202 0.1766 0.1769
388 0.3966 0.2738 0.2743 0.2961 0.1727 0.1725 0.2959 0.1725 0.1725
123 0.4591 0.3039 0.3022 0.3305 0.1751 0.1754 0.3297 0.1754 0.1754
454 0.4392 0.282 0.2822 0.3177 0.1599 0.1599 0.3177 0.1599 0.16
87 0.3775 0.256 0.256 0.2772 0.1558 0.1556 0.2774 0.1559 0.1558
57 0.409 0.2781 0.278 0.2835 0.153 0.1531 0.2835 0.153 0.1534
321 0.4171 0.2778 0.278 0.2916 0.1521 0.1522 0.2921 0.1521 0.1521
88 0.4337 0.2745 0.2748 0.3274 0.1679 0.1678 0.3274 0.1678 0.1681
24 0.4195 0.2855 0.2855 0.2941 0.1611 0.1616 0.2942 0.1611 0.1609
232 0.4174 0.2825 0.2824 0.3058 0.1711 0.1711 0.3058 0.1711 0.1709
89 0.4566 0.2775 0.278 0.3473 0.1695 0.1694 0.3472 0.1695 0.1699
322 0.4532 0.3019 0.3018 0.3237 0.1743 0.1744 0.3241 0.1744 0.1741
432 0.4377 0.2857 0.2858 0.3214 0.1688 0.1686 0.321 0.1688 0.1687
90 0.5166 0.3116 0.3122 0.3851 0.182 0.1827 0.3842 0.183 0.1818
433 0.4338 0.3028 0.3028 0.2978 0.1681 0.1681 0.2978 0.1682 0.1679
233 0.411 0.2734 0.2734 0.3006 0.1641 0.1647 0.3012 0.1642 0.1649
434 0.4162 0.2935 0.2939 0.2906 0.1678 0.1681 0.2906 0.1678 0.1681
234 0.4326 0.3254 0.3258 0.2815 0.1748 0.1756 0.2824 0.1748 0.1748
435 0.465 0.2989 0.2988 0.3422 0.1779 0.1781 0.3424 0.1782 0.1779
235 0.4545 0.2924 0.2933 0.3381 0.175 0.1751 0.338 0.175 0.175
436 0.4192 0.298 0.2979 0.2905 0.1691 0.1695 0.2909 0.1694 0.1694
236 0.3836 0.2773 0.2771 0.2756 0.1688 0.169 0.2755 0.1688 0.1689
437 0.4521 0.3147 0.3145 0.3216 0.1838 0.1841 0.3216 0.1842 0.1841
237 0.3818 0.2553 0.2553 0.2863 0.1602 0.1603 0.2869 0.1603 0.1606
438 0.3837 0.2685 0.2686 0.2683 0.1532 0.1532 0.2683 0.1532 0.1533
238 0.4176 0.2763 0.2763 0.3022 0.1611 0.1611 0.3022 0.1611 0.1611
239 0.4291 0.2954 0.2956 0.3032 0.1716 0.1715 0.3033 0.1718 0.1711
