"x"
"1" "Generate from t distribution. Repeat 530 times. The variance of residual is 0.25"
"x"
"1" "== degree of freedom:  2 =="
372 2.202 1.8487 1.8494 1.8825 1.5297 1.5302 1.8822 1.53 1.5296
455 1.7037 1.5148 1.5149 1.4859 1.2914 1.2918 1.4859 1.2914 1.2916
306 1.6983 1.4811 1.4815 1.5239 1.3078 1.3077 1.5239 1.3078 1.3078
256 1.8866 1.568 1.5677 1.6151 1.2884 1.2879 1.615 1.2884 1.2881
389 1.8363 1.6094 1.6096 1.6307 1.4026 1.4026 1.6307 1.3999 1.4026
107 2.0087 1.7307 1.7312 1.6993 1.4148 1.4145 1.699 1.4148 1.4147
339 2.3655 1.9943 1.9944 2.0163 1.6458 1.6494 2.0163 1.6457 1.6463
124 2.1205 1.7783 1.7787 1.8836 1.5405 1.5401 1.8829 1.5408 1.5441
472 2.0464 1.6735 1.674 1.8195 1.4464 1.4465 1.8183 1.4463 1.4471
439 1.9973 1.7191 1.7192 1.726 1.4496 1.45 1.7262 1.4496 1.4485
223 1.967 1.6885 1.6881 1.704 1.4242 1.4239 1.7042 1.4243 1.4255
41 1.9415 1.7502 1.7509 1.6636 1.468 1.4679 1.6636 1.4679 1.468
323 1.6602 1.4455 1.4456 1.469 1.2566 1.2567 1.4689 1.2566 1.2571
58 1.7924 1.5994 1.6005 1.5927 1.3997 1.3994 1.5928 1.3997 1.3993
240 2.1327 1.7264 1.7268 1.9413 1.5357 1.5363 1.9413 1.5355 1.5397
157 1.9893 1.6695 1.6697 1.7606 1.4402 1.4399 1.7611 1.4417 1.4379
190 1.9978 1.7469 1.7485 1.705 1.4592 1.4622 1.705 1.4592 1.4591
373 1.9745 1.7307 1.7312 1.6534 1.4071 1.4073 1.6534 1.4066 1.4068
488 2.0137 1.7133 1.7132 1.7776 1.472 1.4735 1.7746 1.4716 1.4716
207 1.8131 1.5689 1.5688 1.5346 1.2935 1.2936 1.5345 1.2919 1.2939
473 1.9103 1.6762 1.6767 1.6745 1.4404 1.4398 1.6745 1.4405 1.4388
125 1.7611 1.5256 1.5259 1.5316 1.2981 1.2979 1.5316 1.2983 1.2984
257 2.5134 2.0992 2.1021 2.206 1.8165 1.8187 2.206 1.8165 1.814
273 1.8379 1.5709 1.5714 1.6654 1.3968 1.3981 1.6655 1.3969 1.3958
140 1.8664 1.5273 1.5282 1.6614 1.3229 1.3227 1.6615 1.3228 1.3196
8 1.6709 1.3704 1.3714 1.5099 1.2096 1.2117 1.5079 1.2129 1.2127
174 2.146 1.8567 1.8568 1.8983 1.6112 1.6097 1.8991 1.6113 1.6084
290 1.9245 1.5433 1.5445 1.7221 1.3451 1.3468 1.7221 1.3474 1.3458
25 2.2208 1.8656 1.8662 1.9606 1.6037 1.6046 1.958 1.6038 1.6036
324 1.9403 1.6582 1.6577 1.7606 1.4737 1.4729 1.76 1.4737 1.4731
307 2.3404 1.9128 1.9144 2.0199 1.5928 1.5959 2.0198 1.5929 1.5927
74 1.8676 1.6096 1.6092 1.6491 1.3911 1.3915 1.6479 1.3909 1.3909
356 2.1615 1.788 1.7868 1.9062 1.5302 1.5303 1.9062 1.5302 1.5297
91 1.7091 1.4413 1.4415 1.4331 1.1662 1.1669 1.4332 1.1679 1.166
108 2.3464 2.0738 2.0745 1.9235 1.6532 1.6511 1.9234 1.6503 1.6517
158 2.1378 1.6563 1.6557 1.9131 1.433 1.4335 1.9131 1.4327 1.4327
241 2.3551 2.0042 2.0051 2.1182 1.7702 1.7733 2.1182 1.7696 1.7758
440 2.3117 1.9597 1.9576 2.0799 1.7344 1.7338 2.0797 1.7366 1.7334
422 2.1527 1.8863 1.8862 1.8873 1.6187 1.6187 1.8874 1.619 1.6189
291 2.0344 1.7181 1.7181 1.8014 1.48 1.4802 1.8014 1.48 1.4769
92 1.9622 1.593 1.5932 1.7176 1.3448 1.345 1.7176 1.3448 1.3448
224 3.0421 2.6133 2.6198 2.5834 2.163 2.1558 2.5833 2.1631 2.1567
521 2.239 1.8181 1.8175 1.8393 1.4118 1.4175 1.8398 1.4118 1.4129
258 2.124 1.8176 1.8171 1.8986 1.588 1.587 1.8983 1.5881 1.5877
126 2.4064 2.0472 2.0453 2.1227 1.7712 1.7711 2.1227 1.7712 1.7697
242 1.7744 1.5711 1.5711 1.6093 1.4072 1.4077 1.6093 1.4072 1.4072
456 2.0613 1.8473 1.8475 1.7753 1.5598 1.562 1.7746 1.5589 1.5603
274 2.672 2.2792 2.2801 2.4865 2.1042 2.1004 2.4989 2.1042 2.1011
357 2.087 1.7751 1.7757 1.7307 1.4144 1.4154 1.7308 1.4144 1.4147
175 2.238 1.8087 1.8085 1.9613 1.5361 1.5349 1.9614 1.5361 1.5351
406 2.0253 1.7266 1.7262 1.8359 1.5365 1.5371 1.8359 1.5349 1.5347
59 1.6315 1.445 1.446 1.3978 1.2099 1.2103 1.3977 1.2098 1.2098
489 2.1096 1.7752 1.7756 1.8526 1.5221 1.5219 1.8527 1.5213 1.5228
141 2.1835 1.8335 1.8329 1.89 1.538 1.5371 1.8898 1.5371 1.5383
374 2.055 1.7138 1.7139 1.8494 1.5078 1.5086 1.8494 1.5076 1.5106
505 2.0934 1.7597 1.7595 1.7949 1.4672 1.4685 1.7942 1.4673 1.467
93 2.0839 1.7884 1.7867 1.7925 1.4979 1.4973 1.792 1.4979 1.4976
75 1.8741 1.5748 1.5743 1.6693 1.3738 1.3737 1.6692 1.3739 1.3739
159 2.0117 1.7773 1.7773 1.6872 1.4544 1.4534 1.6871 1.4543 1.4542
423 2.1139 1.8165 1.817 1.8005 1.4999 1.4998 1.8005 1.4993 1.4994
42 2.3827 2.0221 2.0145 2.091 1.7279 1.7322 2.091 1.7281 1.7279
390 1.9031 1.6644 1.6625 1.6944 1.4527 1.4516 1.6953 1.4517 1.4523
259 2.4091 2.1283 2.1269 2.0845 1.7833 1.7832 2.0838 1.7833 1.782
9 2.047 1.6943 1.6943 1.8002 1.4476 1.449 1.8001 1.4477 1.4493
474 2.1592 1.8086 1.8082 1.9591 1.601 1.601 1.9588 1.601 1.6005
358 2.3365 1.9997 2.0016 2.1056 1.7602 1.7655 2.1056 1.7603 1.7626
243 2.1112 1.7585 1.7589 1.8295 1.4834 1.4835 1.8292 1.4834 1.4832
457 1.8812 1.6068 1.6051 1.6162 1.3389 1.3385 1.6162 1.3388 1.3383
407 2.0564 1.791 1.7925 1.791 1.5228 1.5237 1.791 1.523 1.5223
127 1.8907 1.6357 1.637 1.6636 1.4126 1.4132 1.664 1.4103 1.4124
26 1.882 1.6481 1.6476 1.6489 1.4191 1.4197 1.6489 1.4191 1.419
275 2.0333 1.7668 1.7672 1.7621 1.4912 1.4915 1.762 1.4915 1.4911
325 2.4615 2.0793 2.0747 2.2906 1.9096 1.907 2.2904 1.9091 1.9018
441 1.9728 1.6469 1.6476 1.7606 1.436 1.4367 1.7604 1.436 1.4383
191 1.9496 1.7427 1.7429 1.7009 1.4992 1.4921 1.7009 1.4992 1.4947
260 2.0117 1.7531 1.7535 1.7674 1.5088 1.5072 1.7675 1.5085 1.5062
292 2.4928 2.0789 2.0753 2.1731 1.7629 1.7569 2.1737 1.7632 1.7592
142 1.9848 1.7631 1.7626 1.7193 1.4989 1.4984 1.7193 1.4989 1.4971
522 2.3623 1.9879 1.9877 2.0473 1.6736 1.6751 2.0468 1.6741 1.674
109 1.9728 1.6972 1.6962 1.7303 1.4554 1.4553 1.73 1.4554 1.4531
391 1.955 1.5863 1.5861 1.7278 1.3619 1.362 1.7278 1.3619 1.3626
43 1.9993 1.6589 1.6589 1.7618 1.4244 1.4264 1.7618 1.4244 1.4245
225 1.9946 1.6752 1.6753 1.6989 1.3765 1.3763 1.6949 1.3765 1.376
176 1.7787 1.5649 1.5696 1.5903 1.3765 1.3765 1.5903 1.3765 1.3784
208 2.2753 1.9684 1.9765 2.0574 1.76 1.761 2.0572 1.7597 1.7591
308 2.0745 1.8265 1.8269 1.753 1.5033 1.5031 1.7529 1.5035 1.5024
60 2.0608 1.8518 1.8558 1.7282 1.5226 1.5236 1.7282 1.5227 1.5226
10 2.0831 1.7887 1.7905 1.9035 1.6093 1.6105 1.9035 1.6093 1.6095
276 1.9337 1.6987 1.7005 1.6148 1.3836 1.3831 1.6141 1.3835 1.3845
192 1.6596 1.4432 1.4432 1.4299 1.2123 1.2124 1.4296 1.2124 1.2122
340 2.1675 1.8315 1.8311 1.8363 1.5016 1.5025 1.8364 1.5015 1.4973
293 1.9229 1.6084 1.6082 1.6406 1.3301 1.33 1.6406 1.33 1.3296
424 1.883 1.6322 1.6323 1.6591 1.4096 1.4106 1.6592 1.4096 1.4077
27 2.1268 1.8093 1.8093 1.8201 1.5039 1.504 1.8202 1.5043 1.5026
244 2.2611 1.8909 1.8908 1.9765 1.6084 1.6079 1.9764 1.6086 1.6082
94 1.9713 1.7101 1.7101 1.7391 1.4853 1.4844 1.7386 1.4857 1.4829
359 2.2808 1.8609 1.8613 2.125 1.7054 1.7066 2.1247 1.7054 1.7057
143 2.155 1.9035 1.9065 1.8733 1.6225 1.6241 1.8733 1.6226 1.624
375 1.8937 1.6103 1.6114 1.6832 1.4019 1.4038 1.6843 1.4019 1.4012
61 1.6912 1.5 1.4993 1.4603 1.2711 1.2706 1.46 1.2714 1.2696
523 1.8743 1.6354 1.6353 1.5485 1.3086 1.3088 1.5485 1.3084 1.309
261 2.0592 1.8186 1.8194 1.8855 1.6473 1.6467 1.8855 1.6473 1.6475
294 2.1501 1.8329 1.8327 1.9595 1.6414 1.6402 1.9593 1.6414 1.6408
392 2.1535 1.8264 1.8268 1.9226 1.5969 1.5982 1.9229 1.5973 1.598
76 2.289 1.9479 1.9507 2.0501 1.7151 1.7154 2.0498 1.7152 1.7137
326 2.3534 1.9126 1.9128 2.1478 1.7094 1.7075 2.148 1.7087 1.7072
193 1.9982 1.6648 1.6654 1.8102 1.4776 1.4769 1.8101 1.4777 1.4781
408 2.29 1.9195 1.9196 2.0075 1.6411 1.6459 2.0075 1.6395 1.6398
277 2.0782 1.7609 1.7618 1.8439 1.5245 1.5251 1.8438 1.5246 1.5249
376 1.9687 1.6788 1.6793 1.7385 1.4464 1.4472 1.7385 1.4463 1.4468
128 1.9896 1.6482 1.6474 1.7974 1.4537 1.4522 1.7973 1.4537 1.4525
160 2.3079 1.9606 1.9607 1.9574 1.6258 1.6243 1.9548 1.6261 1.6256
110 1.9942 1.72 1.7184 1.702 1.4303 1.4309 1.7018 1.4302 1.4279
341 1.9762 1.618 1.6183 1.7084 1.3547 1.3547 1.7084 1.3546 1.3538
44 2.1068 1.8423 1.8416 1.8431 1.5778 1.5771 1.8452 1.5778 1.5761
245 2.5202 2.1013 2.0913 2.2201 1.8025 1.7912 2.2201 1.8022 1.7915
62 2.293 1.9343 1.934 2.1574 1.797 1.7969 2.1572 1.7967 1.7966
393 2.0589 1.749 1.7496 1.7594 1.45 1.4502 1.7593 1.4499 1.45
209 1.7015 1.4139 1.4155 1.477 1.1886 1.1887 1.477 1.1878 1.1879
11 2.432 1.979 1.9817 2.0913 1.6367 1.6377 2.0914 1.6361 1.6374
95 2.4928 2.1728 2.1625 2.0149 1.6907 1.6823 2.0148 1.6907 1.6795
442 1.8073 1.5912 1.5913 1.6069 1.3897 1.3895 1.6069 1.3888 1.3899
506 2.233 1.8841 1.8855 1.9412 1.5948 1.5943 1.9412 1.5951 1.5947
295 1.76 1.5238 1.5245 1.6143 1.374 1.376 1.6142 1.3741 1.3772
177 2.2932 2.0877 2.0892 1.9635 1.7548 1.7566 1.9633 1.7547 1.7535
475 2.114 1.7493 1.7484 1.8417 1.4788 1.4808 1.8401 1.4788 1.4813
360 1.7911 1.5924 1.5942 1.5838 1.3898 1.3898 1.5838 1.3898 1.3899
409 2.2841 1.9043 1.9044 1.9901 1.6117 1.6137 1.9898 1.6113 1.611
63 1.8271 1.5174 1.5221 1.6374 1.3268 1.3273 1.6359 1.3268 1.3269
28 1.8771 1.538 1.5382 1.6352 1.2977 1.2977 1.6367 1.299 1.3
194 1.9645 1.619 1.6164 1.6979 1.3534 1.3494 1.6973 1.3514 1.3505
278 2.6635 2.1722 2.1724 2.295 1.8049 1.8045 2.295 1.805 1.8046
161 2.2734 1.8482 1.8485 1.9438 1.5169 1.5167 1.9438 1.5169 1.5169
309 2.2091 1.865 1.8657 1.9923 1.6496 1.6495 1.9922 1.647 1.6484
96 2.0407 1.732 1.7322 1.8196 1.5126 1.5126 1.8216 1.512 1.5121
377 2.1342 1.7936 1.794 1.9194 1.5751 1.5752 1.9194 1.575 1.5749
45 1.9551 1.6797 1.6791 1.6447 1.365 1.3651 1.6447 1.365 1.3662
394 1.9051 1.6349 1.6373 1.6457 1.3813 1.3816 1.6457 1.3811 1.3806
246 2.1062 1.7643 1.7641 1.907 1.5653 1.5651 1.9069 1.5649 1.5742
458 2.052 1.8111 1.8076 1.7166 1.4752 1.4737 1.7165 1.4709 1.4729
524 1.9394 1.7121 1.7125 1.6484 1.4208 1.422 1.6496 1.4212 1.4211
443 1.7719 1.4958 1.4995 1.6048 1.3261 1.3286 1.6045 1.3261 1.3299
226 2.5831 2.2111 2.2112 2.2352 1.8708 1.8713 2.2327 1.8687 1.8694
111 1.5531 1.3495 1.3495 1.3625 1.1586 1.1582 1.3624 1.1586 1.1588
29 2.0262 1.735 1.7362 1.7178 1.4265 1.4264 1.7178 1.4263 1.4272
262 2.3687 2.0014 1.9979 1.96 1.5821 1.5812 1.96 1.5821 1.5777
327 2.2171 1.8568 1.8568 1.9763 1.6163 1.6168 1.9769 1.6143 1.6163
162 1.7684 1.5091 1.5111 1.5479 1.2862 1.2884 1.5479 1.2858 1.2869
279 1.6676 1.406 1.4058 1.4576 1.1968 1.198 1.4574 1.1968 1.1988
77 1.9099 1.7078 1.7075 1.6916 1.4897 1.4899 1.6915 1.4896 1.4896
342 1.6799 1.4943 1.4942 1.4479 1.2629 1.2636 1.4479 1.2628 1.2623
97 2.0521 1.7985 1.7996 1.8016 1.5482 1.5496 1.8013 1.5482 1.5488
144 2.0981 1.7851 1.7851 1.9086 1.5895 1.5887 1.9086 1.5894 1.5881
395 2.3372 1.9382 1.9379 1.9708 1.5685 1.5678 1.9706 1.5686 1.568
263 1.9873 1.6945 1.6951 1.7024 1.4098 1.4097 1.7024 1.4098 1.4099
210 1.9208 1.5818 1.5813 1.6995 1.3636 1.3633 1.6996 1.3639 1.3631
12 2.2449 1.8815 1.8817 1.9737 1.6129 1.6141 1.9732 1.6131 1.6157
378 2.0256 1.6803 1.6803 1.8106 1.462 1.4622 1.8104 1.4589 1.4638
247 1.7736 1.4859 1.4859 1.5689 1.2829 1.283 1.5691 1.2829 1.2831
476 1.988 1.6834 1.684 1.6869 1.3795 1.3801 1.687 1.3799 1.3792
361 2.163 1.8662 1.8681 1.864 1.5667 1.5689 1.8638 1.5667 1.5711
310 1.9547 1.7205 1.721 1.7221 1.4864 1.4872 1.722 1.4863 1.4865
112 2.0556 1.8 1.8007 1.8 1.5421 1.5452 1.7996 1.5452 1.5453
195 2.0406 1.8254 1.8262 1.8541 1.6384 1.6394 1.8541 1.6378 1.6367
64 1.8884 1.5639 1.5637 1.6773 1.3564 1.3566 1.6773 1.3575 1.3562
396 1.8069 1.6311 1.6328 1.55 1.3776 1.377 1.55 1.3781 1.3778
425 2.2213 1.8971 1.8885 1.9126 1.5866 1.5772 1.9128 1.5869 1.5777
30 2.3143 1.8935 1.8951 1.9222 1.4993 1.5042 1.9223 1.4997 1.4995
410 2.2106 1.7088 1.7105 1.9546 1.4568 1.4591 1.9547 1.4559 1.4566
507 2.9335 2.4219 2.4235 2.5781 2.062 2.0629 2.5778 2.0665 2.0627
227 2.4428 2.0118 2.0134 2.1577 1.7293 1.7303 2.1579 1.7296 1.7286
145 1.6378 1.3667 1.3659 1.4587 1.1854 1.1854 1.4587 1.1854 1.1857
98 2.112 1.8092 1.8095 1.8126 1.5106 1.5133 1.8088 1.5106 1.5124
379 2.5273 2.2379 2.2437 2.202 1.9134 1.9207 2.2018 1.9134 1.9209
444 2.5751 2.2131 2.2136 2.1931 1.8408 1.8425 2.1931 1.8408 1.8406
362 2.1353 1.8438 1.8439 1.9738 1.6841 1.6842 1.9737 1.6833 1.6836
13 1.7956 1.5887 1.59 1.5324 1.3155 1.3155 1.5329 1.3155 1.3152
163 1.8659 1.5801 1.58 1.6412 1.3545 1.3555 1.6413 1.3547 1.3525
296 1.8687 1.5619 1.5609 1.6076 1.3021 1.3029 1.6078 1.3022 1.301
113 2.3011 1.9075 1.908 2.0836 1.6883 1.6886 2.0836 1.6883 1.6895
31 1.5924 1.3909 1.391 1.3605 1.1613 1.161 1.3586 1.1613 1.1616
459 1.9541 1.6183 1.6183 1.7663 1.4288 1.4294 1.7663 1.4271 1.428
311 2.077 1.7652 1.7653 1.7762 1.4668 1.4672 1.7796 1.4667 1.4664
411 2.0268 1.682 1.6818 1.887 1.5412 1.5413 1.887 1.5412 1.5411
46 2.8282 2.248 2.2407 2.4661 1.886 1.8859 2.4658 1.8859 1.8746
129 2.4729 2.2042 2.2043 2.2266 1.9629 1.959 2.2261 1.9629 1.9669
328 1.8849 1.5734 1.572 1.647 1.3331 1.3323 1.6472 1.3331 1.332
178 2.4829 2.132 2.1323 2.1978 1.8452 1.8504 2.1977 1.8412 1.8459
14 1.8433 1.5756 1.5747 1.608 1.3439 1.3435 1.6082 1.344 1.3423
280 2.5962 2.2555 2.2574 2.3061 1.9699 1.9678 2.3065 1.9711 1.9664
264 2.215 1.7962 1.801 2.0022 1.5846 1.586 2.0022 1.5837 1.5845
380 1.9641 1.7124 1.7118 1.7669 1.5178 1.5196 1.7672 1.5193 1.5185
248 2.2478 1.8692 1.8679 1.9081 1.5293 1.531 1.9092 1.5308 1.53
228 2.5231 2.1716 2.1726 2.2114 1.8605 1.8615 2.2112 1.8621 1.8632
196 2.1741 1.9001 1.9003 1.8887 1.6209 1.6211 1.8887 1.6215 1.6208
164 2.1163 1.7396 1.7419 1.9213 1.5462 1.5486 1.9211 1.5463 1.5483
297 1.5547 1.3537 1.3538 1.4093 1.2101 1.2104 1.4091 1.2102 1.2103
477 1.8174 1.5212 1.5217 1.5622 1.2642 1.2658 1.5622 1.2631 1.2632
312 1.9549 1.6597 1.6599 1.7427 1.4479 1.4479 1.743 1.4485 1.4489
211 2.1085 1.7482 1.7486 1.8659 1.5078 1.509 1.8646 1.5098 1.5077
397 1.9928 1.8181 1.815 1.6878 1.5084 1.5061 1.6878 1.5084 1.5048
65 2.195 1.9048 1.9054 1.8544 1.5659 1.5677 1.8548 1.565 1.5608
343 2.7476 2.3951 2.4005 2.2879 1.9381 1.9433 2.2857 1.9305 1.9455
329 2.7614 2.2751 2.2737 2.4646 1.9749 1.9749 2.4646 1.975 1.9684
249 1.9458 1.7383 1.7397 1.6292 1.4214 1.4234 1.6291 1.4214 1.421
197 2.0308 1.7775 1.7783 1.7682 1.5148 1.5151 1.7682 1.5148 1.5147
15 1.8717 1.5892 1.5896 1.5778 1.2992 1.2959 1.5778 1.2992 1.2987
130 1.9628 1.6827 1.6855 1.6649 1.3866 1.389 1.665 1.3866 1.3893
298 1.9288 1.6809 1.6835 1.6332 1.3884 1.3896 1.6332 1.3887 1.3894
229 1.8807 1.6408 1.6432 1.692 1.4482 1.4509 1.6919 1.4482 1.4504
32 2.1315 1.8699 1.8688 1.8568 1.5962 1.5963 1.8567 1.5951 1.5955
412 2.023 1.7362 1.7362 1.7342 1.4463 1.4462 1.7342 1.4463 1.4459
508 2.2791 1.8719 1.8718 2.0611 1.6473 1.647 2.0612 1.6483 1.6455
313 2.1162 1.7721 1.772 1.9069 1.5663 1.5659 1.907 1.5665 1.5648
47 2.0333 1.5781 1.5783 1.8746 1.421 1.4218 1.8746 1.4211 1.42
460 1.8709 1.5766 1.5765 1.6315 1.3389 1.3381 1.6315 1.3389 1.3381
250 2.0341 1.8134 1.8133 1.8453 1.6244 1.6238 1.8453 1.6244 1.6244
99 1.8285 1.5497 1.5508 1.5624 1.2849 1.2888 1.5625 1.2809 1.2807
265 2.1366 1.8894 1.8899 1.8546 1.6077 1.6075 1.8546 1.6092 1.6075
426 1.8094 1.5278 1.5269 1.6486 1.3658 1.3664 1.6486 1.366 1.3642
330 2.2847 2.0021 2.0057 1.9415 1.654 1.6563 1.9416 1.6552 1.6568
344 1.6917 1.4762 1.476 1.4747 1.2605 1.2607 1.4749 1.2605 1.2607
165 2.2247 1.8734 1.8732 2.0071 1.6548 1.6554 2.0071 1.6515 1.6548
179 2.1771 1.7407 1.7397 2.0256 1.5913 1.5946 2.025 1.5913 1.5899
16 1.9507 1.7497 1.7493 1.6941 1.4937 1.4927 1.6934 1.4928 1.4933
478 1.8416 1.6134 1.6132 1.6208 1.3948 1.3948 1.6211 1.3947 1.3949
66 2.1947 1.8872 1.8876 1.9139 1.6051 1.6074 1.9139 1.6051 1.6049
230 2.0735 1.8024 1.8057 1.907 1.634 1.6336 1.907 1.6343 1.6343
146 2.5323 2.0778 2.0773 2.3001 1.848 1.8485 2.2992 1.8471 1.8565
381 1.9535 1.6904 1.6861 1.7275 1.4626 1.464 1.7275 1.4626 1.455
114 2.4181 1.9205 1.9205 2.1052 1.6129 1.611 2.1051 1.6129 1.6114
33 1.6543 1.4557 1.4554 1.4542 1.2569 1.2575 1.4542 1.2567 1.258
413 2.1047 1.8073 1.8066 1.814 1.517 1.5166 1.814 1.517 1.5167
509 2.3045 2.0047 2.0058 2.0951 1.7985 1.8007 2.0951 1.7984 1.7993
461 1.8512 1.6394 1.6399 1.6244 1.414 1.4147 1.6249 1.4141 1.4144
180 2.2817 1.8694 1.8698 2.1039 1.6887 1.6892 2.0968 1.6887 1.6892
525 4.9452 4.4171 4.4881 4.3785 3.8326 3.8875 4.3873 3.8297 3.9068
212 2.4651 2.1472 2.1444 1.9362 1.6273 1.6297 1.9361 1.6253 1.6286
48 2.1912 1.9014 1.9005 1.7231 1.4417 1.442 1.7245 1.4418 1.4439
67 2.0881 1.8162 1.8165 1.8685 1.5965 1.5966 1.8683 1.5965 1.5953
479 2.0494 1.7705 1.7739 1.6988 1.4202 1.4203 1.6984 1.4197 1.4199
331 2.0828 1.8467 1.8462 1.8062 1.5691 1.5688 1.806 1.5691 1.5689
382 1.8935 1.6831 1.683 1.6933 1.4803 1.4808 1.6933 1.4802 1.4821
462 1.9723 1.7214 1.7218 1.7073 1.4492 1.4495 1.7073 1.4492 1.4491
78 2.5098 2.0294 2.0297 2.1853 1.7252 1.7245 2.1938 1.7259 1.73
213 1.8955 1.5557 1.5558 1.7261 1.3859 1.3865 1.726 1.3859 1.3862
266 2.0249 1.6174 1.6176 1.8218 1.4183 1.4181 1.8212 1.4182 1.4175
427 1.9092 1.6196 1.6189 1.6495 1.3609 1.3611 1.6496 1.3609 1.361
526 1.8907 1.461 1.4607 1.7209 1.2923 1.2922 1.7209 1.2907 1.2924
314 2.1864 1.8632 1.8607 1.9998 1.6737 1.6704 1.9991 1.6736 1.6714
332 1.9262 1.5975 1.5974 1.769 1.4418 1.4418 1.7689 1.4415 1.4419
398 2.3173 1.946 1.9465 1.9524 1.5839 1.5838 1.9515 1.5882 1.5795
345 2.7959 2.3551 2.358 2.364 1.9298 1.9291 2.3641 1.9265 1.9265
299 2.0198 1.761 1.7607 1.7287 1.4702 1.4696 1.7283 1.4712 1.4669
49 2.2107 1.826 1.8265 1.922 1.5382 1.5386 1.922 1.5379 1.538
251 2.4412 2.241 2.2406 1.9977 1.7981 1.7983 2.0001 1.798 1.7997
267 2.0072 1.7403 1.7404 1.7587 1.4929 1.493 1.7589 1.4929 1.4924
34 2.1878 1.9107 1.9139 1.8024 1.5295 1.534 1.8027 1.5295 1.5312
480 2.2308 1.9098 1.9102 1.8549 1.5317 1.5313 1.8549 1.5317 1.5325
527 2.152 1.8878 1.8873 1.9315 1.6639 1.6639 1.9315 1.6639 1.6631
428 2.1451 1.8761 1.877 1.7835 1.5102 1.5106 1.7835 1.5102 1.5102
231 2.2754 1.9781 1.9789 1.856 1.561 1.5609 1.8551 1.561 1.5607
131 1.8672 1.6239 1.6255 1.5644 1.3228 1.3248 1.5634 1.322 1.32
399 2.3825 1.9858 1.9841 2.0992 1.7037 1.7032 2.0992 1.7037 1.7044
510 2.6306 2.4073 2.422 2.3254 2.0982 2.1081 2.3187 2.0981 2.1066
346 1.8722 1.5656 1.5658 1.6008 1.2932 1.2948 1.6008 1.2936 1.2945
383 2.1536 1.8376 1.8376 1.8147 1.4996 1.5016 1.8144 1.4986 1.4994
268 2.0789 1.8373 1.8374 1.7793 1.5391 1.5392 1.7792 1.5388 1.5391
115 2.2898 1.9888 1.9887 1.9539 1.6531 1.6526 1.9533 1.6533 1.655
490 3.525 3.0979 3.0857 3.0797 2.6674 2.631 2.8354 2.6678 2.6194
315 2.0956 1.7684 1.7686 1.8751 1.5498 1.5506 1.875 1.5475 1.549
181 2.5557 2.0814 2.0782 2.2356 1.7552 1.7455 2.2355 1.7553 1.7462
100 3.0236 2.4525 2.4525 2.6582 2.0915 2.0907 2.6578 2.0906 2.0871
281 2.8099 2.3043 2.2972 2.5319 2.0235 1.9889 2.5324 2.0086 2.0375
363 3.8278 3.4833 3.5057 2.8139 2.4901 2.5676 2.8109 2.4806 2.5447
300 1.7206 1.4416 1.4438 1.5162 1.238 1.2376 1.5162 1.2373 1.2411
333 2.3052 1.9035 1.9049 2.061 1.6611 1.6629 2.061 1.661 1.6625
528 2.3975 2.0803 2.081 2.1269 1.8087 1.8102 2.1256 1.8086 1.8077
116 2.1451 1.7989 1.7996 1.8399 1.4935 1.4933 1.8399 1.4935 1.4942
463 1.941 1.7066 1.7046 1.7021 1.4667 1.4641 1.7024 1.4654 1.4625
68 2.2352 1.8882 1.8881 1.8906 1.5461 1.5458 1.8903 1.5451 1.5455
79 2.1882 1.9515 1.9425 1.9059 1.6717 1.6716 1.9049 1.6714 1.6724
50 2.4223 1.8609 1.8612 2.1881 1.6257 1.6261 2.1881 1.6257 1.626
182 2.3043 1.987 1.9872 1.979 1.661 1.6609 1.979 1.661 1.657
511 1.7704 1.5569 1.5571 1.516 1.3021 1.3019 1.516 1.3012 1.3023
147 2.0746 1.8367 1.8344 1.7951 1.563 1.5593 1.7951 1.5609 1.559
414 2.2826 1.8663 1.8698 2.0383 1.6239 1.6234 2.0381 1.6236 1.6223
301 1.7963 1.5622 1.5624 1.5716 1.3363 1.3362 1.5708 1.3363 1.3367
35 1.6744 1.4009 1.4009 1.4343 1.1651 1.1661 1.4343 1.1651 1.1646
101 1.8283 1.5386 1.5388 1.6472 1.3564 1.3575 1.6471 1.3549 1.3562
252 2.1475 1.7425 1.7423 1.8949 1.4829 1.4837 1.8926 1.4838 1.4826
17 2.3519 1.9809 1.9833 1.9425 1.5699 1.571 1.9447 1.5688 1.5696
400 2.6271 2.2537 2.2523 2.2466 1.8704 1.8725 2.2456 1.8711 1.8715
269 1.8521 1.5997 1.5994 1.6261 1.3721 1.3719 1.6261 1.3703 1.3705
384 1.6103 1.3905 1.3933 1.4364 1.2155 1.2189 1.4364 1.2154 1.2187
302 2.0025 1.6607 1.6605 1.769 1.4272 1.4264 1.7692 1.4272 1.4272
198 2.2115 1.8361 1.8326 1.9888 1.6116 1.6058 1.9887 1.6116 1.6076
512 1.9922 1.6051 1.6051 1.7122 1.317 1.317 1.7121 1.3171 1.3168
214 2.0442 1.729 1.7295 1.7152 1.3993 1.3992 1.7155 1.3992 1.3987
347 1.9506 1.6107 1.6109 1.7364 1.3964 1.3965 1.7352 1.3951 1.3948
253 1.8698 1.6088 1.6069 1.6598 1.3998 1.3989 1.66 1.3998 1.3985
491 2.663 2.2884 2.2914 2.4099 2.0374 2.0423 2.4099 2.0376 2.0419
270 1.9775 1.6588 1.6589 1.7928 1.4753 1.4757 1.7928 1.4753 1.4742
166 1.836 1.5584 1.5583 1.606 1.3276 1.3276 1.6058 1.3345 1.3342
36 1.7137 1.4725 1.4733 1.5103 1.2722 1.2726 1.5101 1.2724 1.2727
282 2.6023 2.1155 2.1269 2.3515 1.8581 1.8661 2.3515 1.858 1.86
80 2.1474 1.8865 1.886 1.9798 1.7177 1.718 1.9793 1.7178 1.7157
513 2.1259 1.8623 1.8625 1.9132 1.6515 1.6523 1.9131 1.6509 1.6517
415 2.251 1.9601 1.9589 2.069 1.7796 1.7775 2.069 1.7799 1.779
445 4.4734 3.6847 3.4368 3.6823 2.849 2.8605 3.6786 3.0833 2.9321
51 2.648 2.2935 2.292 2.2633 1.8993 1.8988 2.2633 1.9086 1.9055
183 1.9114 1.7083 1.7104 1.5946 1.3988 1.3989 1.5946 1.3988 1.4017
254 1.6736 1.4462 1.4469 1.4945 1.2667 1.2681 1.4945 1.2664 1.2664
167 1.8655 1.5248 1.5247 1.7027 1.3612 1.3617 1.7027 1.3613 1.3619
37 2.6385 2.3675 2.3677 2.3074 2.0373 2.0369 2.3063 2.0371 2.0371
401 1.6938 1.4087 1.4147 1.4751 1.1929 1.1929 1.475 1.193 1.1943
148 2.1456 1.8018 1.8029 1.8217 1.4801 1.4799 1.822 1.4804 1.4786
132 2.0928 1.8256 1.826 1.8811 1.6109 1.6108 1.8811 1.6109 1.6098
215 1.9871 1.7469 1.7474 1.7655 1.5253 1.5258 1.7655 1.5253 1.5238
52 2.2216 1.8879 1.888 1.9066 1.5767 1.577 1.9077 1.5767 1.577
364 2.0129 1.8067 1.8082 1.8138 1.5982 1.6 1.8136 1.654 1.6528
316 2.8709 2.5753 2.575 2.5846 2.2898 2.2882 2.5823 2.2893 2.2889
303 2.4832 2.1008 2.1023 2.1314 1.7469 1.7478 2.1314 1.747 1.7475
529 2.0806 1.7488 1.7485 1.8288 1.5012 1.5011 1.8289 1.5012 1.4996
232 2.1292 1.7541 1.7607 1.9069 1.5305 1.5331 1.9067 1.5295 1.5272
416 1.7932 1.5037 1.5055 1.5454 1.2506 1.2501 1.5452 1.2507 1.2499
38 2.0907 1.6735 1.6738 1.9038 1.4867 1.4867 1.9038 1.4868 1.4871
184 1.9934 1.618 1.6166 1.7798 1.3965 1.3967 1.7795 1.3965 1.3967
365 1.9764 1.754 1.7485 1.7822 1.5595 1.5588 1.7822 1.5595 1.5587
334 2.4924 2.1417 2.1417 2.0691 1.7102 1.71 2.0691 1.7135 1.7091
385 2.8598 2.3323 2.3332 2.5108 1.9989 1.9968 2.5112 1.9988 1.9912
317 2.0021 1.734 1.7342 1.7911 1.5255 1.5268 1.7911 1.5255 1.5259
255 1.9183 1.6052 1.6053 1.7083 1.3902 1.3861 1.7083 1.3892 1.3885
492 2.1373 1.7413 1.7412 1.9476 1.5514 1.5513 1.9476 1.5513 1.5515
216 1.8205 1.5104 1.5101 1.6507 1.3394 1.3385 1.6507 1.3394 1.3392
446 2.0572 1.7179 1.7174 1.8449 1.5069 1.5069 1.8448 1.5071 1.5066
481 2.2097 2.0016 2.0029 1.9158 1.7057 1.7057 1.9158 1.7021 1.7037
304 1.8371 1.6098 1.61 1.5802 1.3512 1.3516 1.5802 1.3512 1.3512
271 2.0302 1.824 1.8261 1.7526 1.548 1.5507 1.7525 1.5471 1.5471
417 2.219 1.9541 1.9551 1.9802 1.7122 1.7126 1.9802 1.7122 1.7123
233 1.8378 1.5261 1.5266 1.6188 1.3087 1.3086 1.6188 1.3073 1.3076
81 2.0852 1.7236 1.7251 1.7795 1.4203 1.4229 1.7796 1.4202 1.4205
199 1.9105 1.6066 1.6069 1.6279 1.3205 1.3233 1.6276 1.3207 1.3285
149 1.6987 1.5014 1.5014 1.5365 1.3398 1.3396 1.5357 1.3394 1.3369
117 2.3572 1.931 1.9315 2.0165 1.5966 1.595 2.0136 1.5964 1.5965
318 1.7355 1.5156 1.5155 1.5288 1.3084 1.3082 1.5289 1.3084 1.3081
283 2.0701 1.7383 1.7369 1.8114 1.4847 1.4843 1.8114 1.4847 1.484
39 1.774 1.5091 1.5099 1.5827 1.3189 1.3189 1.5828 1.319 1.3178
53 2.8204 2.3494 2.3462 2.4158 1.9298 1.9279 2.415 1.9297 1.9328
402 2.082 1.8144 1.8178 1.8278 1.5611 1.5608 1.827 1.5611 1.5615
530 2.3502 1.9627 1.963 1.9729 1.5782 1.5802 1.9729 1.5784 1.5801
418 2.2354 1.8641 1.8642 2.0024 1.6331 1.6331 2.0024 1.6332 1.6335
200 1.7479 1.4667 1.4669 1.5587 1.2817 1.2818 1.5589 1.2817 1.2817
272 1.9561 1.722 1.722 1.7194 1.4919 1.4918 1.7194 1.4918 1.4917
102 2.7891 2.1997 2.2142 2.4267 1.8514 1.8566 2.4267 1.8514 1.8488
305 1.8168 1.5739 1.5731 1.6513 1.4106 1.4099 1.6513 1.4106 1.4108
514 1.9706 1.6248 1.6108 1.7491 1.402 1.3867 1.7491 1.4023 1.3874
403 2.5137 2.0177 2.0176 2.2585 1.7646 1.7655 2.2585 1.7646 1.7663
447 2.5419 2.1742 2.1834 2.2285 1.8522 1.8535 2.2285 1.8517 1.8535
464 2.1434 1.8339 1.8342 1.8627 1.5487 1.5499 1.8627 1.5501 1.5525
54 1.9826 1.6457 1.6457 1.7313 1.3991 1.3988 1.7314 1.3991 1.3987
40 1.9302 1.6488 1.6485 1.6354 1.3577 1.3583 1.6355 1.3576 1.358
18 2.8046 2.2954 2.2851 2.3597 1.8595 1.8579 2.3631 1.8545 1.854
82 2.0279 1.8414 1.841 1.7276 1.5426 1.543 1.7276 1.5426 1.5376
69 2.1611 1.7525 1.7549 1.9092 1.5123 1.5095 1.9081 1.5111 1.5116
201 1.7814 1.5779 1.5811 1.583 1.3775 1.3778 1.5831 1.3775 1.3775
366 2.2505 1.9664 1.9676 1.9616 1.6704 1.6709 1.9611 1.6696 1.6674
335 2.1715 1.7527 1.7529 2.0002 1.5769 1.5765 2.0002 1.5769 1.577
150 2.2596 1.8446 1.8451 1.9311 1.5224 1.5221 1.9313 1.5224 1.523
168 1.9834 1.6479 1.6469 1.8068 1.4714 1.4708 1.8068 1.4702 1.4685
386 2.5086 2.1541 2.1545 2.0799 1.721 1.7211 2.0799 1.7208 1.7269
319 2.5025 2.1251 2.1301 2.1959 1.8125 1.8126 2.1959 1.8126 1.8118
133 1.9916 1.6411 1.6409 1.7948 1.4393 1.4404 1.7947 1.4393 1.439
531 1.8024 1.5598 1.5595 1.6344 1.3923 1.3929 1.6342 1.392 1.3929
217 1.8998 1.6621 1.6618 1.6051 1.363 1.363 1.6052 1.363 1.3615
493 2.2599 1.8982 1.8982 1.9414 1.5838 1.5836 1.9417 1.5838 1.5849
348 2.4035 2.108 2.1076 2.1682 1.8702 1.8532 2.175 1.8691 1.857
284 2.2956 1.9136 1.9181 2.0864 1.6994 1.6985 2.0864 1.6993 1.7016
70 1.9796 1.7195 1.72 1.7209 1.4634 1.4631 1.7211 1.4632 1.4636
320 2.2589 1.9057 1.9054 2.0585 1.7023 1.7029 2.0584 1.7023 1.7022
448 1.9345 1.6405 1.6406 1.6886 1.394 1.396 1.6886 1.3935 1.3935
404 1.9405 1.6072 1.6081 1.6737 1.343 1.3434 1.6737 1.343 1.3433
202 2.1262 1.8605 1.8614 1.8507 1.5786 1.5796 1.8508 1.578 1.5785
234 2.7864 2.2715 2.2728 2.4888 1.9689 1.9686 2.4863 1.9679 1.965
429 3.0491 2.5763 2.5787 2.6464 2.1731 2.1722 2.6478 2.1727 2.1644
532 1.983 1.7965 1.7966 1.7047 1.5208 1.5212 1.7037 1.5213 1.5191
336 2.2249 1.8689 1.8656 1.9521 1.5992 1.5966 1.9521 1.5992 1.5962
83 1.7106 1.45 1.4501 1.5036 1.243 1.2428 1.5038 1.243 1.2432
482 1.9185 1.6564 1.6568 1.6736 1.4081 1.4129 1.6736 1.408 1.4077
55 2.2429 1.8038 1.8044 1.932 1.4892 1.4889 1.932 1.4875 1.4898
203 1.9196 1.6563 1.6577 1.7103 1.446 1.4457 1.7103 1.4461 1.4469
185 2.0816 1.838 1.8367 1.8307 1.5887 1.5888 1.8343 1.5874 1.5903
285 2.5267 2.2337 2.2337 2.24 1.9472 1.9468 2.2396 1.9471 1.9465
515 1.8831 1.5425 1.5437 1.6599 1.3196 1.3215 1.6583 1.3196 1.3195
367 1.83 1.5552 1.5555 1.6293 1.3541 1.3546 1.6294 1.354 1.3532
151 2.0091 1.7672 1.7659 1.7073 1.4733 1.473 1.7074 1.4731 1.473
71 2.0231 1.7116 1.7113 1.7566 1.4419 1.4427 1.7565 1.4422 1.439
349 1.8225 1.5672 1.568 1.6253 1.3708 1.3743 1.6253 1.3716 1.3733
84 1.7553 1.5287 1.5288 1.509 1.2844 1.2844 1.5091 1.2843 1.2844
218 2.0824 1.7862 1.7863 1.7827 1.486 1.4866 1.7817 1.486 1.4845
56 1.5934 1.3696 1.3696 1.4904 1.2675 1.2681 1.4904 1.2674 1.2678
19 1.8301 1.6051 1.6057 1.5916 1.3693 1.3697 1.5914 1.367 1.3663
118 2.7404 2.3355 2.3363 2.2411 1.8408 1.8391 2.2411 1.8398 1.8399
204 1.9808 1.7599 1.7599 1.6648 1.4452 1.4454 1.6648 1.4452 1.4451
152 1.8922 1.6884 1.6885 1.6225 1.4191 1.4193 1.6226 1.4191 1.4189
169 2.1007 1.7502 1.7499 1.8502 1.5059 1.5083 1.8496 1.5043 1.5057
134 2.4995 2.155 2.1554 2.0821 1.7349 1.7342 2.0818 1.7349 1.7339
465 2.7809 2.3715 2.37 2.5387 2.1314 2.1411 2.5374 2.1307 2.1315
350 2.5445 2.2213 2.2211 2.2335 1.9111 1.9104 2.2335 1.9112 1.9105
235 2.0123 1.6668 1.6677 1.7725 1.4334 1.4349 1.7725 1.4342 1.4305
419 2.5252 1.8013 1.8019 2.3724 1.6561 1.6531 2.3715 1.6513 1.6492
387 2.3289 2.0021 2.0019 2.0276 1.7084 1.7094 2.0284 1.7082 1.7079
368 2.3391 2.0069 2.0065 1.968 1.632 1.632 1.9685 1.632 1.6322
449 2.2099 1.9071 1.9073 1.8351 1.5316 1.531 1.8347 1.5316 1.5275
405 2.084 1.8471 1.8469 1.7753 1.5418 1.5413 1.7758 1.5418 1.5406
57 1.828 1.5692 1.5707 1.5846 1.3224 1.3231 1.5844 1.3224 1.3224
219 2.05 1.7261 1.7261 1.7592 1.4331 1.4372 1.7592 1.4331 1.4343
85 1.9986 1.7058 1.7058 1.7951 1.503 1.5029 1.7951 1.5029 1.5033
103 2.3933 2.1541 2.1558 2.0087 1.7723 1.7737 2.0071 1.7725 1.7725
533 1.8962 1.6128 1.6135 1.6713 1.3867 1.3865 1.6711 1.3866 1.3866
494 1.7662 1.4889 1.4899 1.5436 1.2671 1.2683 1.5436 1.2661 1.2666
337 1.7296 1.4344 1.4343 1.473 1.1753 1.1752 1.4725 1.1736 1.1734
483 1.9447 1.6733 1.6792 1.7331 1.4615 1.4671 1.7331 1.4615 1.4641
20 1.9091 1.6185 1.6188 1.6471 1.3561 1.357 1.6471 1.3562 1.3563
72 1.8366 1.5557 1.5566 1.6589 1.3813 1.3816 1.6589 1.3825 1.381
170 2.3319 2.0119 2.0128 2.0731 1.7553 1.7553 2.0729 1.7553 1.7553
420 2.0222 1.6791 1.6791 1.7938 1.4505 1.4508 1.7938 1.4506 1.4489
119 1.8109 1.5481 1.5487 1.5967 1.3312 1.3331 1.5967 1.3313 1.3326
286 2.1745 1.8955 1.8956 1.9389 1.6511 1.6486 1.9389 1.6511 1.6505
430 1.9585 1.6489 1.6431 1.7351 1.4251 1.4264 1.7348 1.4249 1.4246
516 2.6516 2.1017 2.0985 2.236 1.6968 1.6923 2.2389 1.6942 1.6813
220 2.0353 1.694 1.6939 1.8009 1.4567 1.4565 1.801 1.4565 1.4567
135 2.0299 1.7005 1.7008 1.7435 1.4201 1.4207 1.7436 1.4202 1.4197
450 2.2814 1.9613 1.9634 2.0173 1.6961 1.7004 2.0173 1.6961 1.696
104 2.0136 1.7647 1.7648 1.7354 1.4872 1.4872 1.7354 1.4879 1.4871
86 2.1957 1.8357 1.8358 1.9382 1.5673 1.5676 1.9382 1.5672 1.5676
466 2.1243 1.7749 1.7765 1.8167 1.4661 1.4673 1.8169 1.4663 1.4673
205 2.0172 1.6685 1.6688 1.7213 1.3722 1.373 1.7213 1.3722 1.3723
369 2.3218 1.9721 1.972 2.076 1.7262 1.7274 2.082 1.7265 1.726
484 1.9209 1.6135 1.6135 1.7146 1.4036 1.4039 1.7148 1.4037 1.4035
171 2.2658 1.9305 1.9317 1.9871 1.6539 1.655 1.9872 1.6531 1.6543
186 2.4987 2.1233 2.1211 2.1654 1.7887 1.7837 2.1659 1.7929 1.7836
351 1.8889 1.6535 1.6531 1.6444 1.4107 1.4107 1.6444 1.4107 1.4105
87 1.8611 1.5517 1.5473 1.6214 1.3085 1.3086 1.6214 1.3086 1.308
534 1.9587 1.6432 1.6433 1.7416 1.4313 1.4318 1.7416 1.4313 1.4283
105 2.4024 1.9778 1.9811 2.0582 1.633 1.6332 2.0582 1.633 1.6372
120 2.2364 1.9192 1.9151 1.943 1.6223 1.6241 1.9466 1.6223 1.6191
153 2.5442 2.1185 2.1198 2.092 1.6826 1.6857 2.092 1.6798 1.6835
206 2.0025 1.7023 1.7023 1.745 1.4475 1.4468 1.745 1.4475 1.4464
451 2.1223 1.886 1.8868 1.833 1.5934 1.5949 1.833 1.5935 1.595
221 2.4808 2.1671 2.1689 2.1542 1.8473 1.8483 2.1541 1.8469 1.8483
370 2.0348 1.6892 1.691 1.7928 1.449 1.4478 1.7927 1.4488 1.448
73 2.3628 2.0242 2.0249 2.1162 1.7757 1.7763 2.1158 1.7759 1.7726
21 2.005 1.6424 1.643 1.8039 1.4434 1.4422 1.8038 1.4432 1.4455
321 2.7415 2.0761 2.076 2.3586 1.7063 1.7055 2.3586 1.7046 1.7055
485 2.7596 2.4967 2.4965 2.2291 1.987 1.9884 2.2291 1.9872 1.9874
121 1.7972 1.5308 1.5308 1.6125 1.3476 1.3479 1.6125 1.3478 1.3479
287 2.125 1.8105 1.8105 1.8266 1.5155 1.5173 1.8261 1.5185 1.5145
172 2.2174 1.9723 1.9714 1.8602 1.6149 1.6149 1.8602 1.615 1.614
371 2.0834 1.8584 1.8584 1.8513 1.6277 1.6276 1.8517 1.6277 1.6271
517 2.0831 1.7592 1.7614 1.8196 1.4955 1.4983 1.8196 1.4955 1.4965
106 1.8312 1.642 1.6423 1.5587 1.3707 1.3713 1.5587 1.3707 1.3721
88 2.2979 1.916 1.9166 1.9615 1.5815 1.5823 1.9615 1.5805 1.5815
338 2.654 2.0778 2.0783 2.3682 1.7916 1.7919 2.3674 1.7913 1.79
187 2.13 1.8765 1.8786 1.8343 1.5779 1.5811 1.8359 1.5776 1.5775
486 2.1517 1.7813 1.7811 1.9072 1.5356 1.5358 1.9072 1.5356 1.536
467 1.871 1.6148 1.6139 1.6915 1.4338 1.433 1.6915 1.433 1.434
122 2.0984 1.731 1.7311 1.8924 1.5199 1.5199 1.8924 1.5199 1.5198
222 1.6161 1.3611 1.3612 1.4634 1.2081 1.207 1.4635 1.2084 1.2094
495 2.7771 2.4323 2.4308 2.4432 2.1059 2.1049 2.449 2.1062 2.1044
421 2.1776 1.8588 1.8586 1.9436 1.6251 1.6217 1.9429 1.6251 1.6262
154 2.0083 1.6839 1.6855 1.7863 1.4605 1.4627 1.7863 1.4592 1.4601
89 2.189 1.8571 1.8576 1.9148 1.5856 1.5867 1.9148 1.5856 1.5863
173 2.6468 2.2835 2.2872 2.2835 1.9241 1.925 2.2826 1.9252 1.9239
388 2.3576 2.0884 2.0871 2.0057 1.7327 1.7328 2.0048 1.7319 1.7389
352 2.279 1.9142 1.9172 1.985 1.631 1.6289 1.9849 1.6315 1.6241
22 2.339 1.9843 1.9816 1.9958 1.6459 1.6462 1.9955 1.6459 1.6449
188 2.2191 1.9757 1.9764 1.8642 1.6195 1.6204 1.8642 1.6202 1.6198
452 2.0644 1.7531 1.7548 1.8115 1.501 1.5016 1.8115 1.501 1.499
496 2.1656 1.6725 1.6722 1.9029 1.4075 1.4058 1.9031 1.4075 1.4066
288 1.6544 1.4242 1.4241 1.4257 1.1926 1.1932 1.4256 1.1925 1.1921
155 1.9795 1.6667 1.6654 1.7237 1.4063 1.4063 1.7236 1.406 1.4061
123 2.2802 1.9154 1.9216 2.0083 1.6428 1.6426 2.0083 1.6428 1.6429
90 2.0226 1.7363 1.7369 1.7747 1.4886 1.4889 1.7747 1.4882 1.4882
23 1.659 1.4685 1.4703 1.4752 1.2822 1.2837 1.4752 1.2822 1.2825
535 3.0081 2.4795 2.4796 2.7858 2.2599 2.2609 2.7859 2.2602 2.2539
322 1.8208 1.4594 1.4594 1.593 1.2344 1.2344 1.5941 1.2338 1.2342
431 2.0807 1.8122 1.8133 1.824 1.5593 1.5555 1.8239 1.5579 1.5567
353 2.1654 1.8069 1.8092 1.9777 1.6116 1.6133 1.9781 1.6127 1.6106
468 2.4703 1.9734 1.9753 2.0575 1.558 1.5541 2.0575 1.558 1.5559
236 4.028 3.5527 3.7565 3.3717 2.1952 3.4059 3.1959 2.4427 3.3628
453 2.1577 1.8006 1.8011 1.8982 1.5424 1.5426 1.8978 1.5387 1.5437
536 2.197 1.7388 1.7389 2.0117 1.5496 1.5455 2.0119 1.5497 1.5505
189 1.7643 1.5433 1.5436 1.5885 1.3638 1.3637 1.5883 1.3638 1.3633
289 2.0045 1.7135 1.7148 1.7873 1.4967 1.4979 1.7877 1.4966 1.4948
156 2.1016 1.7943 1.788 1.8771 1.5684 1.5595 1.8771 1.5684 1.564
237 2.0241 1.7639 1.7617 1.7301 1.4721 1.4724 1.7301 1.4719 1.471
24 2.3567 2.0118 2.0087 2.0613 1.716 1.7172 2.0613 1.7145 1.7171
487 1.8574 1.567 1.5669 1.6387 1.3466 1.3494 1.6387 1.3445 1.3438
469 2.1619 1.9208 1.9209 1.8805 1.6383 1.6385 1.8815 1.6381 1.6366
497 2.3327 1.9851 1.9846 2.0798 1.7194 1.7189 2.0797 1.7192 1.7163
432 1.9035 1.5646 1.5652 1.6779 1.34 1.3403 1.6777 1.3404 1.3429
498 2.1888 1.9002 1.8978 1.8622 1.5801 1.5773 1.8623 1.5805 1.5787
518 3.2261 2.7705 2.7676 2.8939 2.4319 2.4308 2.8939 2.4283 2.4253
470 2.2171 1.9619 1.9633 1.8887 1.6282 1.6283 1.8882 1.6282 1.6282
136 3.1863 3.42 2.728 2.8469 2.6117 2.5 3.5855 2.6735 2.5334
454 2.7849 2.3192 2.3197 2.5219 2.0522 2.0524 2.5212 2.0518 2.0514
354 3.0916 2.6471 2.6497 2.6684 2.2215 2.2262 2.667 2.2174 2.2257
238 1.8807 1.6304 1.6305 1.6723 1.4243 1.4244 1.6724 1.4243 1.4236
499 1.6731 1.4561 1.4565 1.4833 1.2703 1.2704 1.4833 1.2703 1.2703
471 1.7988 1.4791 1.479 1.5693 1.2533 1.2559 1.5693 1.2533 1.2551
433 2.2045 1.9063 1.9064 1.8621 1.5629 1.5645 1.8621 1.5621 1.5622
137 1.671 1.4433 1.4434 1.493 1.2653 1.2651 1.4926 1.2653 1.2653
355 1.8254 1.5401 1.5399 1.6413 1.3539 1.3542 1.6414 1.3538 1.3554
519 1.8541 1.6003 1.599 1.6499 1.3972 1.3988 1.65 1.3974 1.3973
500 1.7531 1.4976 1.4978 1.4696 1.2127 1.2127 1.4696 1.2127 1.2125
520 2.2037 1.843 1.8445 1.9918 1.6316 1.6344 1.9917 1.6316 1.6318
501 2.1192 1.7407 1.7407 1.9294 1.5487 1.5487 1.9294 1.5487 1.5483
239 1.9197 1.6388 1.6403 1.685 1.4032 1.4104 1.6848 1.4034 1.4023
434 1.6292 1.4259 1.426 1.4496 1.2464 1.2465 1.4497 1.2464 1.2462
537 2.5682 2.1709 2.1702 2.2505 1.8522 1.8501 2.2489 1.8495 1.8518
502 1.8105 1.5491 1.5493 1.5236 1.2631 1.2631 1.5236 1.2628 1.2628
138 2.338 2.0094 2.0147 2.0226 1.6959 1.6965 2.0226 1.696 1.6948
503 2.0738 1.78 1.7797 1.8346 1.5317 1.5314 1.8345 1.532 1.5294
435 2.3309 1.8461 1.8518 1.9978 1.5089 1.508 1.9978 1.5089 1.5098
139 2.116 1.74 1.7406 1.7873 1.408 1.4093 1.7868 1.4079 1.4058
504 2.0353 1.7896 1.7906 1.8424 1.5966 1.5974 1.8423 1.5966 1.5961
436 2.421 2.1188 2.1194 2.0742 1.773 1.7744 2.0742 1.7733 1.7707
437 2.0986 1.7783 1.7757 1.812 1.486 1.4863 1.8106 1.486 1.4898
438 2.2532 1.9199 1.9299 1.9987 1.6786 1.6826 1.9985 1.6785 1.682
"x"
"1" "== degree of freedom:  5 =="
256 0.5398 0.4518 0.4521 0.4902 0.4023 0.4018 0.4901 0.4022 0.4024
25 0.5781 0.4871 0.4876 0.5174 0.4261 0.4262 0.5173 0.4261 0.4261
306 0.5874 0.5006 0.5006 0.5177 0.4312 0.4312 0.5177 0.4311 0.4311
207 0.5617 0.4852 0.4854 0.4823 0.4061 0.406 0.4823 0.406 0.406
389 0.5942 0.5186 0.5187 0.5293 0.4525 0.4527 0.5293 0.4536 0.4534
273 0.5121 0.4546 0.4549 0.4602 0.4027 0.4025 0.4602 0.4029 0.4024
91 0.5593 0.4745 0.4745 0.496 0.4106 0.411 0.4952 0.4106 0.4105
26 0.6216 0.5056 0.5056 0.5477 0.4319 0.4319 0.5477 0.4319 0.4318
124 0.6262 0.5167 0.5167 0.5499 0.4415 0.4414 0.5499 0.4415 0.4414
439 0.5712 0.4906 0.4906 0.4987 0.4188 0.4192 0.4987 0.4188 0.4189
8 0.5157 0.4336 0.4336 0.4687 0.3866 0.3867 0.4689 0.3867 0.3865
290 0.5015 0.4384 0.4384 0.4387 0.3757 0.3757 0.4387 0.3757 0.3759
339 0.6301 0.5339 0.5339 0.5374 0.4412 0.4415 0.5374 0.4417 0.4411
406 0.6203 0.5356 0.5354 0.5316 0.4499 0.4496 0.5316 0.4504 0.4497
505 0.5269 0.461 0.4633 0.4676 0.4036 0.4037 0.4676 0.4035 0.4036
455 0.5332 0.479 0.4788 0.4531 0.3976 0.3977 0.4531 0.3975 0.3978
323 0.507 0.4351 0.4352 0.4521 0.3807 0.3807 0.4521 0.381 0.3807
74 0.5797 0.5052 0.5052 0.4742 0.398 0.3976 0.4742 0.3978 0.3978
257 0.563 0.4828 0.483 0.4902 0.41 0.41 0.4901 0.4099 0.41
472 0.5693 0.4781 0.4787 0.4903 0.3985 0.3983 0.4902 0.4001 0.3993
356 0.5511 0.4744 0.4744 0.4742 0.3973 0.3976 0.4743 0.3977 0.397
240 0.5786 0.5062 0.5065 0.5004 0.4274 0.4277 0.5004 0.4274 0.4276
157 0.5617 0.4908 0.4907 0.4974 0.4266 0.4267 0.4974 0.4268 0.4276
223 0.5478 0.47 0.4706 0.4675 0.3898 0.3896 0.4674 0.3897 0.3895
422 0.6525 0.5417 0.5419 0.5577 0.4457 0.4456 0.5577 0.4456 0.4465
190 0.5571 0.4773 0.4779 0.4811 0.4007 0.4007 0.4812 0.4015 0.4006
521 0.5368 0.4557 0.4559 0.4808 0.3997 0.3997 0.4808 0.3998 0.3995
372 0.5592 0.4797 0.4799 0.4899 0.4105 0.4105 0.4913 0.4114 0.4104
291 0.5549 0.4779 0.4778 0.4775 0.4005 0.4007 0.4775 0.4004 0.3991
174 0.5826 0.4905 0.4905 0.5128 0.4212 0.421 0.5128 0.4209 0.4215
92 0.5687 0.4929 0.4931 0.4904 0.4151 0.4153 0.4904 0.4151 0.4152
208 0.5845 0.4785 0.4786 0.5155 0.4102 0.4102 0.5155 0.4104 0.4114
107 0.5466 0.477 0.4769 0.4977 0.4283 0.4282 0.4974 0.4281 0.4278
58 0.6166 0.5286 0.5293 0.5314 0.4431 0.4431 0.5309 0.4431 0.4431
125 0.5589 0.4732 0.474 0.5081 0.4221 0.4222 0.508 0.4222 0.4221
75 0.5682 0.4863 0.4863 0.5036 0.421 0.4211 0.5036 0.4211 0.4214
140 0.5608 0.4922 0.4919 0.4811 0.4129 0.413 0.4812 0.4135 0.4126
407 0.5705 0.4914 0.4915 0.5007 0.4211 0.4211 0.5006 0.4211 0.421
27 0.5786 0.4769 0.4771 0.5288 0.4272 0.4277 0.5288 0.4272 0.4268
41 0.5933 0.5149 0.5146 0.5115 0.4329 0.4326 0.5115 0.434 0.4323
357 0.582 0.5049 0.5054 0.5042 0.4278 0.4278 0.5042 0.4278 0.4278
473 0.5776 0.4893 0.4894 0.5229 0.4344 0.4346 0.5229 0.4346 0.4348
158 0.5396 0.4546 0.4546 0.4842 0.3986 0.3982 0.4841 0.3985 0.3986
373 0.6146 0.528 0.528 0.5289 0.4419 0.4425 0.5287 0.4418 0.4417
488 0.6127 0.508 0.5082 0.5394 0.4338 0.4337 0.5394 0.4334 0.4337
258 0.5632 0.4668 0.4659 0.5037 0.4078 0.4079 0.5039 0.4077 0.4084
390 0.5715 0.4845 0.4845 0.4961 0.4089 0.409 0.4959 0.4091 0.4092
209 0.5316 0.4574 0.4578 0.4552 0.3805 0.3805 0.4552 0.3806 0.3806
506 0.5573 0.481 0.481 0.4674 0.3917 0.3914 0.4674 0.3918 0.3914
175 0.6076 0.5101 0.51 0.5359 0.4377 0.4377 0.5358 0.4377 0.4379
374 0.559 0.469 0.469 0.5038 0.413 0.413 0.5038 0.4128 0.4131
9 0.5131 0.4348 0.4344 0.4593 0.3817 0.3817 0.4593 0.3817 0.3815
324 0.5342 0.4635 0.4641 0.4675 0.3968 0.3971 0.4672 0.3969 0.3967
42 0.595 0.5225 0.5226 0.5162 0.4439 0.444 0.5161 0.4439 0.4439
292 0.5581 0.483 0.4831 0.4936 0.4183 0.4184 0.4935 0.4189 0.4189
224 0.6336 0.5355 0.5356 0.5557 0.4585 0.4584 0.5557 0.4579 0.4585
340 0.5671 0.481 0.4814 0.5051 0.4191 0.4198 0.5057 0.4191 0.4197
474 0.5791 0.5048 0.5047 0.4862 0.4124 0.4127 0.4861 0.4125 0.4127
307 0.5885 0.4936 0.493 0.5219 0.4272 0.4279 0.5222 0.4268 0.4277
522 0.5547 0.4664 0.466 0.4801 0.3923 0.3924 0.48 0.3925 0.3929
59 0.6513 0.5641 0.5641 0.5665 0.4783 0.4786 0.5665 0.4784 0.4784
141 0.5397 0.4673 0.4674 0.4675 0.3949 0.3948 0.4675 0.395 0.3948
440 0.6298 0.5292 0.529 0.5533 0.4513 0.4513 0.5532 0.4513 0.4512
408 0.5566 0.4619 0.4619 0.4942 0.3994 0.3999 0.4942 0.3993 0.3999
241 0.5535 0.4672 0.4673 0.4958 0.4088 0.409 0.4961 0.4088 0.4093
93 0.5842 0.5095 0.5096 0.5048 0.4289 0.4292 0.5048 0.4286 0.4293
126 0.6501 0.523 0.5233 0.5642 0.4364 0.4365 0.5641 0.4364 0.436
325 0.5749 0.4995 0.4996 0.5043 0.4284 0.4287 0.5043 0.4284 0.4285
108 0.5692 0.4885 0.4885 0.5077 0.4269 0.4268 0.5078 0.4269 0.4275
456 0.6124 0.514 0.5138 0.5345 0.4357 0.4358 0.5344 0.4372 0.4361
210 0.6007 0.512 0.5125 0.5362 0.4477 0.4477 0.5362 0.4479 0.4478
43 0.5446 0.4517 0.4517 0.4667 0.3725 0.3727 0.4667 0.3727 0.3726
191 0.5764 0.4977 0.4978 0.5055 0.4266 0.4266 0.5062 0.4279 0.4267
391 0.6401 0.5064 0.5065 0.5557 0.4231 0.4229 0.5559 0.4234 0.423
489 0.5478 0.4766 0.4766 0.4719 0.3998 0.3998 0.4719 0.3998 0.3999
274 0.5792 0.4964 0.4965 0.5003 0.4171 0.4171 0.5003 0.4171 0.4169
358 0.5724 0.48 0.4798 0.4937 0.4025 0.4025 0.4935 0.4034 0.4023
225 0.5295 0.4704 0.4704 0.4674 0.4084 0.4086 0.4674 0.4084 0.4083
523 0.5565 0.4793 0.4794 0.4721 0.3949 0.3949 0.4721 0.3948 0.3951
159 0.5233 0.4662 0.4662 0.4677 0.4103 0.4103 0.4676 0.4104 0.4106
76 0.5818 0.5015 0.5016 0.5087 0.4282 0.4282 0.5087 0.4282 0.4282
142 0.5995 0.5044 0.5046 0.5255 0.4301 0.4302 0.5255 0.4301 0.4307
293 0.5671 0.4551 0.4552 0.5051 0.3925 0.3927 0.5051 0.3924 0.3927
308 0.5978 0.5003 0.5003 0.5135 0.4155 0.4158 0.5135 0.4155 0.4155
441 0.5633 0.4826 0.4831 0.5044 0.4234 0.4238 0.5043 0.4242 0.4242
475 0.5621 0.4971 0.4971 0.4709 0.4063 0.4062 0.4709 0.4066 0.4065
94 0.5451 0.4783 0.4784 0.4769 0.4099 0.4099 0.4768 0.4099 0.41
392 0.5258 0.4591 0.4591 0.4718 0.4046 0.4046 0.4717 0.4046 0.4044
409 0.5703 0.5041 0.5043 0.4916 0.4252 0.4252 0.4916 0.4252 0.4251
211 0.592 0.5037 0.5037 0.5194 0.4312 0.4315 0.5193 0.4312 0.4314
60 0.5269 0.4561 0.4556 0.4581 0.387 0.3867 0.4582 0.3879 0.3872
423 0.6604 0.5563 0.5568 0.568 0.4647 0.465 0.5681 0.4652 0.4662
375 0.6008 0.4915 0.4916 0.5515 0.4434 0.4448 0.5514 0.4436 0.444
28 0.5477 0.4687 0.4691 0.4869 0.4081 0.4085 0.4863 0.4072 0.4077
109 0.5571 0.4811 0.4812 0.4842 0.4085 0.4087 0.4841 0.4086 0.4087
44 0.5802 0.5033 0.5029 0.498 0.4215 0.4218 0.498 0.4218 0.4215
95 0.5815 0.4908 0.4908 0.5068 0.4166 0.4166 0.5069 0.4166 0.4162
309 0.5602 0.4975 0.4976 0.5007 0.437 0.4371 0.5007 0.437 0.4371
524 0.5875 0.4939 0.4945 0.5068 0.4142 0.4144 0.5068 0.4143 0.4141
10 0.5642 0.4874 0.4875 0.4756 0.399 0.399 0.4755 0.3989 0.3997
275 0.6603 0.5436 0.5431 0.5954 0.4788 0.4788 0.5953 0.4789 0.479
476 0.514 0.447 0.4471 0.4482 0.381 0.3808 0.4482 0.3809 0.3817
226 0.6067 0.5267 0.5267 0.5193 0.4385 0.4385 0.5192 0.4385 0.4384
77 0.6035 0.5194 0.5194 0.5066 0.4224 0.4223 0.5066 0.4226 0.4223
490 0.5591 0.4719 0.472 0.4919 0.405 0.4048 0.4919 0.4057 0.4045
242 0.566 0.4923 0.4924 0.4851 0.4113 0.4114 0.4852 0.4121 0.4121
176 0.6151 0.5307 0.5309 0.5119 0.4265 0.4262 0.5119 0.4266 0.4256
457 0.5934 0.498 0.4989 0.5322 0.4379 0.4379 0.5349 0.4379 0.4407
410 0.5871 0.4903 0.4906 0.4985 0.4027 0.4029 0.4985 0.4028 0.4028
341 0.6012 0.5013 0.5011 0.5328 0.4327 0.4327 0.5328 0.4327 0.4324
393 0.5508 0.4583 0.4581 0.4829 0.3903 0.3904 0.483 0.3907 0.3901
160 0.5434 0.4592 0.4595 0.4743 0.391 0.3908 0.4743 0.3908 0.391
294 0.566 0.4837 0.4836 0.4994 0.4176 0.4177 0.4994 0.4174 0.4177
96 0.5848 0.4984 0.4984 0.5218 0.4343 0.4343 0.5218 0.4343 0.4342
127 0.5764 0.4983 0.4983 0.5012 0.4243 0.4242 0.5014 0.4243 0.4244
78 0.583 0.4882 0.4882 0.5063 0.411 0.4111 0.5063 0.411 0.411
192 0.5141 0.4379 0.4379 0.4502 0.3734 0.3734 0.4502 0.3732 0.3731
477 0.5485 0.4693 0.4694 0.4808 0.4023 0.4031 0.4808 0.4023 0.4029
45 0.5242 0.4606 0.4606 0.4622 0.3989 0.3991 0.4622 0.3994 0.3995
29 0.5389 0.4671 0.4671 0.4659 0.3944 0.3943 0.4659 0.3944 0.3945
276 0.5602 0.4742 0.4741 0.4815 0.3961 0.3962 0.4815 0.3962 0.3959
11 0.6325 0.519 0.5195 0.5611 0.4487 0.4491 0.5611 0.4487 0.4484
458 0.6306 0.5238 0.5239 0.5481 0.4406 0.441 0.5485 0.441 0.4414
491 0.6068 0.5205 0.5205 0.5131 0.4269 0.4269 0.513 0.427 0.4269
243 0.5402 0.4649 0.4647 0.4707 0.397 0.3968 0.4708 0.3969 0.3967
259 0.5538 0.4905 0.4908 0.4836 0.421 0.421 0.4836 0.4217 0.422
143 0.5475 0.47 0.4697 0.4886 0.4118 0.4117 0.4885 0.4129 0.4123
61 0.5737 0.4864 0.4865 0.5035 0.4166 0.4169 0.5035 0.4164 0.4167
359 0.6074 0.5206 0.5212 0.5197 0.4329 0.433 0.5197 0.4339 0.4341
193 0.5562 0.472 0.4724 0.4906 0.4061 0.4064 0.4905 0.4062 0.4062
424 0.5747 0.4761 0.4764 0.5041 0.4059 0.4061 0.5039 0.4057 0.4058
342 0.5239 0.457 0.4573 0.4562 0.3893 0.3901 0.4563 0.3895 0.3899
442 0.5272 0.4412 0.441 0.4618 0.3757 0.3765 0.4617 0.3763 0.3764
227 0.5756 0.4983 0.4985 0.5008 0.4236 0.4235 0.5008 0.4236 0.4238
212 0.5675 0.489 0.4902 0.508 0.4298 0.4299 0.5081 0.43 0.4297
411 0.5465 0.4529 0.453 0.4905 0.3973 0.3977 0.4906 0.3971 0.3981
326 0.5442 0.4477 0.4478 0.4852 0.3889 0.3893 0.4852 0.3888 0.3886
310 0.6 0.487 0.4873 0.5234 0.4098 0.4097 0.5234 0.4096 0.4099
97 0.5966 0.5187 0.5186 0.5071 0.4288 0.4288 0.5071 0.4294 0.4285
376 0.6499 0.5528 0.5525 0.5528 0.4579 0.4586 0.5531 0.458 0.4575
394 0.535 0.4505 0.4506 0.4796 0.3956 0.3956 0.4797 0.3956 0.3953
343 0.6221 0.5312 0.5313 0.5479 0.4576 0.4574 0.5479 0.4575 0.4577
79 0.5661 0.4778 0.4773 0.49 0.402 0.4016 0.4901 0.4022 0.4014
110 0.5666 0.4909 0.491 0.4785 0.4035 0.4038 0.4788 0.4045 0.4044
295 0.5652 0.4734 0.4733 0.503 0.4108 0.4109 0.5029 0.4106 0.4115
244 0.5709 0.5064 0.5064 0.4956 0.4317 0.4319 0.4956 0.4317 0.4311
194 0.574 0.4838 0.4841 0.4983 0.408 0.4081 0.4983 0.4081 0.4088
443 0.4994 0.4332 0.4331 0.4484 0.3819 0.3824 0.4484 0.382 0.3819
12 0.5594 0.4865 0.4865 0.4986 0.4259 0.4258 0.4986 0.4259 0.4263
161 0.5566 0.4721 0.4721 0.5089 0.4246 0.425 0.5087 0.4246 0.425
277 0.6033 0.5019 0.502 0.5421 0.4407 0.4408 0.5421 0.4407 0.4399
507 0.5931 0.4892 0.4891 0.5223 0.4186 0.4178 0.5222 0.4177 0.4177
260 0.6212 0.5193 0.5184 0.5556 0.4541 0.455 0.5556 0.4546 0.4545
478 0.5551 0.4686 0.4687 0.4774 0.3902 0.3903 0.4771 0.3903 0.3901
80 0.561 0.4857 0.4853 0.494 0.4191 0.419 0.494 0.4189 0.4191
213 0.5861 0.5034 0.5034 0.5133 0.4302 0.4302 0.5133 0.4302 0.4303
327 0.5443 0.4608 0.4609 0.4872 0.4035 0.4032 0.4873 0.4035 0.404
228 0.6237 0.5045 0.5043 0.5574 0.438 0.4379 0.5573 0.4387 0.4391
525 0.5837 0.5063 0.5063 0.496 0.4189 0.419 0.496 0.4187 0.4187
344 0.5712 0.4764 0.4762 0.5112 0.4164 0.4161 0.5111 0.4164 0.4163
377 0.5662 0.4931 0.493 0.4808 0.4082 0.408 0.4808 0.4083 0.4081
46 0.6309 0.5274 0.5274 0.5368 0.4323 0.4323 0.5368 0.4322 0.4316
360 0.5587 0.4753 0.4751 0.4809 0.3975 0.3973 0.4809 0.3982 0.3981
177 0.5565 0.4668 0.4669 0.4975 0.4079 0.4079 0.497 0.4077 0.4078
128 0.5587 0.4795 0.4799 0.4901 0.4105 0.4104 0.4901 0.4103 0.411
30 0.5931 0.5048 0.5048 0.5125 0.424 0.4241 0.5125 0.4235 0.4239
459 0.5752 0.4863 0.4863 0.5089 0.4206 0.4206 0.5089 0.4205 0.4202
444 0.5608 0.4746 0.4747 0.5026 0.4161 0.4166 0.5029 0.416 0.4167
162 0.5872 0.5004 0.5002 0.5215 0.4342 0.4343 0.5209 0.4343 0.4338
412 0.5806 0.4914 0.4914 0.5055 0.4177 0.4174 0.5055 0.4177 0.4177
425 0.5625 0.5055 0.5054 0.4894 0.4323 0.4326 0.4894 0.4322 0.4342
245 0.6077 0.4959 0.496 0.5549 0.4447 0.4441 0.5549 0.4446 0.4454
62 0.5357 0.4616 0.4619 0.4807 0.407 0.407 0.4816 0.4074 0.4086
278 0.6509 0.528 0.528 0.5647 0.4412 0.4414 0.5647 0.4412 0.4414
195 0.573 0.4813 0.4813 0.5012 0.4096 0.4098 0.5012 0.4104 0.4105
492 0.5623 0.5024 0.5025 0.4808 0.4226 0.4226 0.4803 0.4226 0.4233
81 0.5673 0.4919 0.4918 0.5056 0.4299 0.4295 0.5058 0.4298 0.4298
311 0.5656 0.486 0.4859 0.493 0.413 0.4128 0.493 0.413 0.4127
479 0.5288 0.457 0.4569 0.4616 0.3901 0.3899 0.4616 0.3899 0.3899
229 0.6208 0.5106 0.5106 0.5506 0.4417 0.4417 0.5506 0.4417 0.442
13 0.5181 0.4451 0.4454 0.4506 0.3779 0.3782 0.4509 0.3784 0.3778
395 0.6615 0.5448 0.5449 0.5673 0.4516 0.4515 0.5672 0.4512 0.4517
361 0.5756 0.5006 0.5007 0.4967 0.4215 0.4214 0.4967 0.4215 0.4213
31 0.5418 0.461 0.4611 0.4913 0.4109 0.4111 0.4912 0.411 0.4113
129 0.6265 0.5219 0.5216 0.5424 0.4371 0.4368 0.5423 0.4375 0.4372
296 0.5718 0.4863 0.4863 0.4984 0.4133 0.4133 0.4984 0.4131 0.4138
63 0.5695 0.4874 0.4875 0.5023 0.4201 0.4201 0.5023 0.4201 0.4201
493 0.6196 0.5086 0.5086 0.5428 0.4309 0.4309 0.5428 0.4309 0.4309
378 0.5537 0.4804 0.4804 0.4828 0.409 0.409 0.4828 0.4088 0.409
144 0.5435 0.4811 0.4801 0.4759 0.4133 0.413 0.476 0.4137 0.4135
279 0.5214 0.4547 0.455 0.4629 0.3966 0.3969 0.463 0.3967 0.3965
98 0.5724 0.493 0.4941 0.4861 0.4058 0.4058 0.4861 0.406 0.4057
111 0.5379 0.4802 0.4802 0.4683 0.4104 0.4105 0.4683 0.4101 0.4101
163 0.5809 0.4904 0.4903 0.4988 0.4085 0.4085 0.4983 0.409 0.4099
14 0.5814 0.4925 0.4926 0.5106 0.4217 0.4219 0.5105 0.4216 0.4221
261 0.6044 0.5136 0.5135 0.5144 0.4236 0.4245 0.5144 0.4234 0.4241
130 0.53 0.4338 0.4339 0.4668 0.3708 0.3707 0.4668 0.3705 0.3707
396 0.6516 0.5678 0.568 0.5443 0.461 0.461 0.5443 0.461 0.4614
480 0.5327 0.4682 0.4682 0.4692 0.4045 0.4047 0.4691 0.4052 0.405
426 0.6073 0.5073 0.5078 0.5285 0.4305 0.4302 0.528 0.4305 0.4302
445 0.6507 0.54 0.5401 0.5685 0.4568 0.4568 0.5686 0.4568 0.4561
345 0.6095 0.5055 0.505 0.5436 0.4395 0.4382 0.5436 0.4395 0.4386
246 0.5258 0.443 0.4428 0.4649 0.3821 0.3823 0.4649 0.382 0.3821
460 0.5504 0.4544 0.4543 0.5018 0.4055 0.4059 0.5018 0.4056 0.4053
47 0.5535 0.4605 0.4605 0.4867 0.393 0.393 0.4868 0.3933 0.393
82 0.5445 0.457 0.4577 0.4939 0.4075 0.4074 0.494 0.4076 0.4077
508 0.5406 0.4725 0.4725 0.4761 0.4085 0.4081 0.4761 0.4086 0.4079
214 0.6017 0.5062 0.5056 0.5221 0.4265 0.4264 0.5221 0.425 0.4254
196 0.5756 0.4832 0.4834 0.5055 0.4136 0.4139 0.5055 0.4138 0.4141
526 0.5474 0.4827 0.4819 0.4737 0.409 0.4084 0.4733 0.4094 0.4083
178 0.5411 0.4687 0.4685 0.4649 0.3928 0.3927 0.4649 0.3934 0.3928
297 0.5426 0.4765 0.4764 0.4653 0.3996 0.3993 0.4661 0.4005 0.4006
230 0.5724 0.4803 0.4802 0.4925 0.4009 0.4014 0.4925 0.4008 0.4019
328 0.5566 0.4845 0.4845 0.4895 0.4178 0.4178 0.4895 0.4178 0.4175
32 0.6227 0.535 0.5351 0.534 0.4448 0.4448 0.5339 0.4449 0.4451
164 0.5564 0.4724 0.4724 0.4912 0.4085 0.4085 0.4913 0.4089 0.4087
362 0.5418 0.4525 0.4537 0.4905 0.4016 0.4016 0.4905 0.4014 0.4015
379 0.5602 0.4805 0.4801 0.4898 0.4107 0.4107 0.4899 0.4111 0.4111
312 0.6312 0.5225 0.5227 0.5587 0.4504 0.4506 0.5587 0.4507 0.451
99 0.5437 0.4627 0.4627 0.4902 0.4094 0.4094 0.4902 0.4094 0.4095
494 0.5142 0.4572 0.457 0.4562 0.3997 0.3997 0.4562 0.3995 0.4001
461 0.5793 0.4935 0.4936 0.5058 0.422 0.4222 0.5058 0.4219 0.4219
481 0.5576 0.4589 0.4592 0.5092 0.4114 0.4111 0.5092 0.4115 0.4111
280 0.6061 0.4993 0.4995 0.5415 0.4357 0.4358 0.5414 0.4374 0.4356
346 0.5117 0.4368 0.4367 0.4591 0.384 0.384 0.4592 0.3841 0.3841
112 0.5979 0.4995 0.4989 0.5157 0.4183 0.418 0.5154 0.4186 0.4186
179 0.527 0.4527 0.4529 0.4819 0.4073 0.4074 0.4823 0.4075 0.4073
363 0.553 0.4802 0.4805 0.4652 0.3938 0.3938 0.4652 0.3938 0.3938
215 0.5619 0.4806 0.4806 0.511 0.4303 0.4308 0.511 0.4303 0.4307
48 0.5664 0.4681 0.4682 0.4933 0.3955 0.3955 0.4929 0.3956 0.3962
397 0.5448 0.4712 0.4712 0.4791 0.4057 0.406 0.4791 0.4061 0.406
380 0.5762 0.4897 0.4898 0.5192 0.4329 0.4329 0.5192 0.4329 0.4328
131 0.5304 0.4528 0.453 0.4838 0.4062 0.4062 0.4835 0.4062 0.4062
231 0.657 0.5364 0.5364 0.5736 0.4542 0.4548 0.5737 0.4548 0.4544
413 0.5487 0.4631 0.4628 0.4869 0.4011 0.4015 0.4869 0.4007 0.4012
446 0.6089 0.534 0.534 0.5342 0.458 0.458 0.5341 0.458 0.4592
313 0.5485 0.4672 0.4672 0.4863 0.4058 0.4059 0.4862 0.4061 0.4056
197 0.5853 0.4933 0.4935 0.5187 0.4265 0.4269 0.5187 0.427 0.4268
180 0.6104 0.52 0.52 0.5502 0.4597 0.4598 0.5502 0.4597 0.4596
427 0.5837 0.4779 0.4779 0.5205 0.4143 0.4144 0.5205 0.4141 0.4143
281 0.6208 0.523 0.5236 0.5418 0.4447 0.4446 0.5418 0.4447 0.4444
247 0.5804 0.4865 0.4861 0.5184 0.4243 0.4245 0.5184 0.4242 0.4241
33 0.5698 0.4779 0.478 0.4901 0.398 0.3981 0.4902 0.3987 0.3989
262 0.5355 0.4669 0.4668 0.463 0.3941 0.3939 0.463 0.3941 0.3938
482 0.5355 0.4704 0.4704 0.4769 0.4124 0.4126 0.477 0.4123 0.4129
398 0.5806 0.4915 0.4918 0.4992 0.4101 0.41 0.4999 0.41 0.4101
83 0.5861 0.5111 0.5112 0.4885 0.4143 0.4153 0.4885 0.4143 0.4142
132 0.5753 0.5001 0.5001 0.4936 0.4186 0.4185 0.4936 0.4186 0.4186
100 0.5282 0.4702 0.4703 0.4636 0.4059 0.4058 0.4632 0.4062 0.4053
165 0.579 0.4948 0.4956 0.4835 0.3983 0.3984 0.4835 0.3989 0.3986
145 0.5211 0.4483 0.4482 0.4784 0.4055 0.4055 0.4784 0.4055 0.4055
495 0.6336 0.5254 0.5254 0.5447 0.4372 0.4371 0.5446 0.4377 0.4376
216 0.5513 0.4691 0.4691 0.4884 0.4065 0.4069 0.4884 0.4065 0.4066
15 0.5525 0.467 0.467 0.4796 0.3951 0.3951 0.4793 0.3957 0.3957
232 0.5744 0.4939 0.4934 0.5072 0.4264 0.4265 0.5072 0.4263 0.4262
347 0.546 0.4566 0.4564 0.4862 0.3966 0.3965 0.4862 0.3966 0.3961
509 0.5819 0.5051 0.5051 0.4935 0.4165 0.4165 0.4935 0.4172 0.4165
64 0.516 0.4491 0.4502 0.4509 0.3835 0.3836 0.4508 0.3845 0.3842
428 0.5563 0.4731 0.4731 0.4909 0.407 0.4073 0.4909 0.407 0.407
447 0.5758 0.4836 0.4836 0.4957 0.4033 0.4035 0.4958 0.4036 0.4035
462 0.5649 0.4981 0.4982 0.4967 0.4284 0.4286 0.4967 0.4303 0.4296
133 0.6157 0.5151 0.5152 0.541 0.4408 0.441 0.541 0.4408 0.4407
329 0.5799 0.4949 0.4949 0.5117 0.4262 0.4262 0.5119 0.426 0.4261
198 0.5447 0.4742 0.474 0.4774 0.4071 0.4063 0.4774 0.4064 0.4058
84 0.5372 0.441 0.441 0.4849 0.3892 0.3892 0.4849 0.3891 0.3892
113 0.6091 0.5266 0.5266 0.5297 0.4482 0.4484 0.5297 0.4482 0.4494
248 0.5817 0.4924 0.4926 0.4953 0.4055 0.4057 0.4952 0.4052 0.4058
429 0.5682 0.4843 0.4844 0.5182 0.4343 0.434 0.5184 0.4342 0.4342
364 0.5773 0.4877 0.4883 0.5068 0.4173 0.4177 0.5066 0.4186 0.4182
483 0.5906 0.4912 0.4912 0.53 0.4315 0.4318 0.5299 0.4316 0.4315
348 0.6112 0.5182 0.5182 0.5277 0.4337 0.4335 0.5277 0.4334 0.4334
263 0.5259 0.4636 0.4636 0.4533 0.3914 0.3911 0.4532 0.3914 0.3913
314 0.5584 0.4931 0.4933 0.482 0.4164 0.4164 0.482 0.4163 0.4162
527 0.677 0.5837 0.5839 0.5473 0.4538 0.4538 0.5473 0.4541 0.454
49 0.5604 0.4714 0.4715 0.5084 0.4194 0.4194 0.5084 0.4195 0.4191
381 0.528 0.4573 0.4574 0.4519 0.3811 0.3814 0.4519 0.381 0.3813
414 0.5482 0.4707 0.4708 0.4698 0.3923 0.3934 0.4699 0.3924 0.3933
463 0.5389 0.4667 0.4668 0.4902 0.4177 0.4177 0.4907 0.4178 0.4175
146 0.5779 0.5068 0.5079 0.4974 0.4259 0.4262 0.4965 0.4259 0.4257
448 0.5671 0.4671 0.467 0.499 0.3996 0.3993 0.4992 0.3995 0.3995
217 0.5584 0.4614 0.4617 0.4952 0.3986 0.3992 0.4952 0.3994 0.3987
298 0.6164 0.522 0.5218 0.5241 0.4303 0.4304 0.524 0.4303 0.4303
365 0.6218 0.5171 0.5171 0.5517 0.4486 0.4492 0.5517 0.4489 0.4486
330 0.5538 0.475 0.4751 0.494 0.4153 0.4155 0.4941 0.4158 0.4153
85 0.5306 0.4698 0.4692 0.4645 0.4041 0.4036 0.4645 0.4044 0.4034
16 0.5645 0.4719 0.472 0.5082 0.4151 0.4149 0.5082 0.416 0.4152
101 0.5783 0.4858 0.4857 0.4985 0.4059 0.4059 0.4984 0.4058 0.4071
199 0.6137 0.5159 0.5159 0.542 0.4435 0.4442 0.542 0.4438 0.444
399 0.5475 0.4676 0.4677 0.4879 0.4073 0.4074 0.4879 0.4082 0.4075
282 0.5859 0.5032 0.5028 0.4896 0.4074 0.4079 0.4894 0.4082 0.4074
50 0.59 0.4918 0.492 0.5165 0.4187 0.4187 0.5165 0.4187 0.419
496 0.5609 0.4834 0.4834 0.49 0.4128 0.4128 0.49 0.4125 0.4126
65 0.5898 0.4823 0.4823 0.5007 0.3943 0.3941 0.5007 0.3941 0.3946
464 0.5504 0.469 0.4689 0.4854 0.4046 0.4046 0.4854 0.4043 0.4045
34 0.6017 0.5189 0.5189 0.5159 0.4313 0.4315 0.5156 0.4312 0.4313
366 0.5711 0.4871 0.4876 0.5084 0.4241 0.4244 0.5084 0.424 0.4243
331 0.5824 0.4933 0.4933 0.5049 0.4161 0.4161 0.505 0.4162 0.4158
349 0.5557 0.4738 0.4739 0.4904 0.4085 0.4086 0.4904 0.4088 0.4085
415 0.5305 0.4574 0.4573 0.4671 0.3935 0.3934 0.4671 0.3935 0.3935
181 0.5891 0.486 0.4858 0.508 0.4052 0.4057 0.508 0.4055 0.4053
510 0.5816 0.4935 0.4934 0.5077 0.4201 0.4201 0.5077 0.4202 0.4199
166 0.5875 0.5045 0.5054 0.5143 0.4314 0.4315 0.5139 0.4315 0.4314
86 0.5581 0.4929 0.4932 0.4898 0.4252 0.4254 0.4898 0.4253 0.4253
382 0.5721 0.4895 0.4895 0.5026 0.421 0.4208 0.5026 0.4213 0.4211
17 0.607 0.5214 0.5215 0.5313 0.4464 0.4466 0.5313 0.4464 0.4464
299 0.5696 0.4747 0.4746 0.4924 0.3954 0.3956 0.4924 0.3953 0.3953
283 0.577 0.4672 0.4672 0.5096 0.4004 0.4008 0.5097 0.4005 0.4005
430 0.5497 0.4762 0.4747 0.4843 0.4105 0.4104 0.4843 0.4108 0.4108
249 0.5808 0.4761 0.476 0.5139 0.4089 0.409 0.514 0.4089 0.4088
449 0.6284 0.5327 0.5326 0.5361 0.4393 0.4392 0.5361 0.4397 0.4398
484 0.575 0.466 0.466 0.5033 0.3951 0.3959 0.5034 0.3958 0.3957
400 0.6248 0.5137 0.5136 0.5452 0.4333 0.4334 0.5452 0.4334 0.4336
315 0.5982 0.5068 0.5068 0.5295 0.4378 0.4378 0.5295 0.4377 0.4378
134 0.5325 0.4594 0.4594 0.4679 0.3943 0.3942 0.4684 0.394 0.3943
114 0.5602 0.4706 0.4706 0.5025 0.4129 0.4128 0.5025 0.4136 0.4127
102 0.5713 0.4983 0.4984 0.493 0.4197 0.4197 0.4931 0.4197 0.4199
528 0.5705 0.482 0.4816 0.5015 0.4131 0.4131 0.5015 0.4131 0.4129
264 0.5463 0.4609 0.4608 0.4884 0.4031 0.4032 0.4884 0.4032 0.4029
233 0.5527 0.4684 0.4686 0.4924 0.4082 0.4083 0.4924 0.4083 0.4089
218 0.577 0.4962 0.4959 0.5018 0.4205 0.4204 0.5018 0.4217 0.4201
147 0.5856 0.5218 0.5219 0.5158 0.4517 0.4518 0.5158 0.4515 0.4514
51 0.5685 0.4819 0.4819 0.4916 0.4047 0.4044 0.4916 0.4048 0.4057
383 0.5619 0.4897 0.4898 0.5019 0.4294 0.4296 0.5019 0.4293 0.4291
182 0.6014 0.5015 0.5015 0.5319 0.4308 0.4309 0.5319 0.4307 0.4309
367 0.6087 0.52 0.5202 0.5147 0.4267 0.4268 0.5147 0.4272 0.4267
401 0.5844 0.4988 0.4988 0.5237 0.4377 0.4377 0.5236 0.4377 0.4377
103 0.5842 0.515 0.5152 0.4893 0.4191 0.4191 0.4893 0.4193 0.4191
66 0.5989 0.4999 0.5004 0.5122 0.413 0.4132 0.5122 0.4128 0.4127
115 0.6064 0.5056 0.5058 0.5238 0.4237 0.4239 0.5238 0.4238 0.4253
18 0.5801 0.5044 0.5046 0.498 0.4224 0.4228 0.4979 0.423 0.4227
431 0.6177 0.5262 0.5261 0.5305 0.4391 0.4395 0.5305 0.4393 0.4393
332 0.5709 0.4846 0.4844 0.487 0.4008 0.4011 0.4871 0.4024 0.4007
200 0.5144 0.4523 0.4524 0.4389 0.3762 0.3767 0.439 0.3766 0.3762
250 0.6101 0.486 0.4863 0.5508 0.4271 0.4273 0.5508 0.4281 0.4271
416 0.5671 0.4872 0.4872 0.4962 0.4158 0.4157 0.4956 0.4158 0.4157
35 0.5294 0.4568 0.4564 0.4632 0.3898 0.39 0.4632 0.3898 0.3892
450 0.6031 0.5159 0.5164 0.5356 0.4472 0.4472 0.5356 0.4472 0.4472
485 0.5981 0.5094 0.5094 0.5367 0.4481 0.4482 0.5367 0.4486 0.4492
465 0.5736 0.4931 0.4929 0.5103 0.4304 0.4304 0.5103 0.4302 0.4302
135 0.5697 0.4831 0.4831 0.4997 0.4138 0.4139 0.4997 0.4139 0.4136
511 0.5405 0.4686 0.4687 0.4901 0.4172 0.4174 0.4901 0.4171 0.4173
402 0.5421 0.4715 0.4714 0.48 0.41 0.41 0.4799 0.4101 0.4099
316 0.595 0.5077 0.5078 0.5194 0.432 0.4329 0.5194 0.433 0.433
219 0.5385 0.472 0.4719 0.4561 0.3899 0.3899 0.4561 0.3904 0.3904
497 0.6007 0.5147 0.5148 0.5016 0.4158 0.4158 0.5017 0.4156 0.416
529 0.5354 0.4577 0.4576 0.4848 0.4077 0.4076 0.4848 0.4079 0.4078
451 0.6096 0.5309 0.5309 0.5147 0.4348 0.4348 0.5146 0.4347 0.4346
87 0.5153 0.4445 0.4446 0.4583 0.3874 0.3875 0.4583 0.3876 0.3881
234 0.5906 0.5298 0.5313 0.4935 0.4342 0.4344 0.4931 0.4346 0.4343
432 0.5789 0.4881 0.4882 0.509 0.4189 0.4191 0.509 0.4189 0.4193
183 0.5871 0.506 0.5063 0.5038 0.4253 0.4255 0.5038 0.4253 0.4258
251 0.5542 0.4849 0.485 0.4851 0.415 0.4151 0.485 0.415 0.4151
167 0.5998 0.5108 0.5094 0.5126 0.4236 0.4229 0.5126 0.4237 0.4222
52 0.574 0.5099 0.5098 0.4941 0.4285 0.4286 0.4941 0.428 0.4284
350 0.5958 0.4946 0.4944 0.5425 0.4415 0.4415 0.5424 0.4415 0.4416
148 0.5599 0.4683 0.4682 0.4902 0.3984 0.3993 0.4902 0.3995 0.3987
333 0.5152 0.4358 0.436 0.4645 0.3853 0.3863 0.4645 0.3854 0.386
368 0.5498 0.4798 0.4798 0.4795 0.409 0.409 0.4793 0.4088 0.4096
384 0.5357 0.4563 0.4563 0.4668 0.3876 0.3876 0.4671 0.3876 0.3872
67 0.6077 0.5166 0.5166 0.5175 0.4267 0.4268 0.5175 0.4267 0.4264
284 0.5822 0.4919 0.492 0.4955 0.4046 0.4047 0.4957 0.4046 0.4046
235 0.6066 0.5056 0.5056 0.5371 0.4354 0.4351 0.537 0.4354 0.4348
104 0.5517 0.4841 0.4842 0.4854 0.4183 0.4185 0.4858 0.4184 0.418
300 0.5802 0.4933 0.4934 0.5055 0.4185 0.4185 0.5055 0.4183 0.4198
452 0.5741 0.4996 0.4997 0.5009 0.4265 0.4269 0.5009 0.4266 0.4266
19 0.5625 0.4601 0.46 0.5144 0.4124 0.4124 0.5144 0.413 0.413
317 0.5536 0.4748 0.4751 0.4748 0.3957 0.3958 0.4748 0.3957 0.3958
403 0.5873 0.5034 0.5034 0.5144 0.4298 0.43 0.5143 0.4298 0.4297
369 0.5597 0.483 0.4832 0.4859 0.4087 0.4086 0.4858 0.4087 0.4086
433 0.5754 0.4989 0.4989 0.4941 0.4162 0.4178 0.4941 0.4176 0.4171
220 0.5752 0.5023 0.5021 0.4974 0.4234 0.4236 0.4974 0.4234 0.4231
116 0.6054 0.4775 0.4773 0.5378 0.4093 0.4095 0.5379 0.4099 0.409
265 0.5432 0.4626 0.4626 0.4847 0.4047 0.4047 0.4847 0.4045 0.4053
466 0.5761 0.4985 0.4985 0.5019 0.4243 0.4242 0.502 0.4243 0.4239
201 0.5807 0.4963 0.4963 0.5044 0.4223 0.4225 0.5044 0.4222 0.4234
136 0.6329 0.5206 0.5208 0.5559 0.4443 0.4443 0.5557 0.4442 0.4437
334 0.5763 0.4919 0.4907 0.4895 0.4052 0.405 0.4895 0.4056 0.4057
351 0.5434 0.447 0.4474 0.4848 0.3892 0.3888 0.485 0.3899 0.3889
486 0.5805 0.5041 0.5042 0.5059 0.4293 0.4296 0.5059 0.429 0.4286
252 0.5338 0.4669 0.4672 0.468 0.4008 0.4013 0.4681 0.401 0.4003
285 0.6122 0.5392 0.5387 0.5206 0.4475 0.4474 0.5205 0.4475 0.447
236 0.531 0.4741 0.4741 0.4767 0.4195 0.4196 0.4767 0.4195 0.4187
385 0.5782 0.4844 0.4844 0.512 0.4193 0.419 0.5119 0.4193 0.419
417 0.5764 0.4784 0.4787 0.5181 0.4203 0.4201 0.5181 0.4206 0.421
36 0.5705 0.5021 0.501 0.505 0.4359 0.4367 0.5051 0.4368 0.4371
53 0.5671 0.4926 0.4927 0.5033 0.4294 0.4294 0.5033 0.431 0.4296
404 0.5566 0.4829 0.483 0.5016 0.427 0.4265 0.5016 0.4273 0.4276
498 0.5902 0.5116 0.5115 0.5048 0.4271 0.4274 0.5046 0.427 0.4282
149 0.5342 0.4564 0.4564 0.477 0.3993 0.3997 0.4767 0.3997 0.4001
117 0.5361 0.468 0.4682 0.4573 0.3888 0.389 0.4573 0.389 0.3892
467 0.6027 0.5166 0.5166 0.5098 0.4228 0.4227 0.5098 0.423 0.4226
88 0.5805 0.4777 0.4787 0.5183 0.416 0.4159 0.5183 0.4156 0.416
352 0.5563 0.488 0.488 0.4893 0.421 0.4211 0.4893 0.4208 0.421
184 0.5715 0.4622 0.4621 0.5092 0.3995 0.3993 0.5091 0.3988 0.3985
530 0.614 0.5379 0.5377 0.5327 0.4571 0.4572 0.5332 0.4576 0.4574
434 0.5686 0.4932 0.4932 0.4921 0.417 0.4177 0.4921 0.417 0.417
168 0.545 0.4764 0.4763 0.4822 0.4142 0.4141 0.4822 0.4141 0.4142
301 0.6024 0.5086 0.5087 0.5318 0.4396 0.4399 0.5317 0.4398 0.4389
237 0.53 0.4502 0.4502 0.4771 0.3975 0.3974 0.4772 0.3975 0.3974
453 0.5879 0.5047 0.5084 0.5085 0.4279 0.4289 0.5085 0.4278 0.4279
105 0.5994 0.5124 0.5122 0.4983 0.4101 0.4099 0.4975 0.4141 0.4108
386 0.5557 0.4638 0.4638 0.501 0.4093 0.4092 0.5012 0.4094 0.4098
68 0.5203 0.4503 0.4503 0.4502 0.3812 0.3814 0.4503 0.3819 0.3812
253 0.5421 0.4674 0.4674 0.4676 0.3935 0.3936 0.468 0.3943 0.3943
20 0.5533 0.4522 0.4524 0.4894 0.3866 0.3866 0.4894 0.3873 0.3865
266 0.5906 0.51 0.5101 0.4951 0.4148 0.4151 0.4951 0.4147 0.415
54 0.5399 0.4625 0.4625 0.471 0.3941 0.3942 0.471 0.3943 0.3943
202 0.5875 0.5048 0.5048 0.5112 0.4284 0.4284 0.5112 0.4286 0.4284
221 0.5679 0.5004 0.5004 0.4941 0.4267 0.427 0.494 0.4266 0.4266
137 0.5796 0.4907 0.4908 0.5023 0.4131 0.413 0.5022 0.4133 0.4134
335 0.573 0.48 0.4798 0.4996 0.4064 0.4062 0.4996 0.4065 0.4058
37 0.5664 0.4894 0.4895 0.4963 0.4189 0.4189 0.4963 0.4189 0.4188
418 0.5561 0.4792 0.4793 0.4998 0.4236 0.4237 0.4998 0.4236 0.424
318 0.6065 0.497 0.497 0.5243 0.4149 0.4149 0.5245 0.4149 0.4154
118 0.561 0.5053 0.5052 0.4604 0.4053 0.4056 0.4603 0.406 0.406
487 0.5694 0.4751 0.4752 0.5061 0.4123 0.4123 0.5061 0.4121 0.4126
353 0.5753 0.4912 0.4912 0.4885 0.404 0.404 0.4885 0.404 0.4042
499 0.5392 0.4656 0.4659 0.4813 0.4078 0.4082 0.4814 0.4078 0.4079
69 0.568 0.4769 0.4769 0.4954 0.4041 0.404 0.4954 0.4041 0.4043
203 0.5285 0.4585 0.4586 0.466 0.3957 0.3957 0.466 0.3954 0.3954
405 0.5916 0.5038 0.5038 0.5001 0.4107 0.4112 0.5001 0.4112 0.41
286 0.5786 0.4983 0.4985 0.508 0.4271 0.4272 0.5068 0.4281 0.4281
238 0.5631 0.4712 0.4725 0.4901 0.4001 0.4005 0.49 0.4001 0.4002
336 0.6288 0.5424 0.5425 0.5463 0.4601 0.4609 0.5463 0.4601 0.4608
419 0.5667 0.4927 0.4928 0.4827 0.4095 0.4098 0.4827 0.4097 0.4094
222 0.5517 0.464 0.4641 0.481 0.3938 0.3936 0.481 0.3945 0.3946
370 0.6066 0.515 0.5172 0.5047 0.414 0.4137 0.5046 0.4143 0.4141
302 0.5711 0.4877 0.4877 0.5179 0.4344 0.4347 0.5179 0.4344 0.4345
468 0.5716 0.5043 0.5037 0.4821 0.4147 0.4148 0.4822 0.4151 0.4147
185 0.5876 0.5055 0.5055 0.5132 0.4325 0.4325 0.5132 0.4323 0.4331
435 0.6243 0.5095 0.5093 0.5561 0.4424 0.4424 0.556 0.4424 0.4424
387 0.5459 0.4718 0.4719 0.4753 0.4021 0.4021 0.4755 0.4022 0.4022
89 0.6091 0.488 0.4881 0.543 0.4222 0.4222 0.543 0.4222 0.4218
55 0.5774 0.5079 0.5091 0.4775 0.4076 0.4078 0.4775 0.4077 0.4075
512 0.5192 0.4578 0.4571 0.4571 0.3956 0.3959 0.4577 0.3963 0.3956
267 0.5674 0.4843 0.4842 0.49 0.4066 0.4071 0.49 0.4067 0.4059
21 0.5537 0.4667 0.4667 0.48 0.3933 0.3933 0.48 0.394 0.3936
106 0.551 0.4719 0.4715 0.4904 0.4115 0.4115 0.4904 0.4117 0.4114
150 0.5771 0.5006 0.5006 0.484 0.408 0.4081 0.484 0.4078 0.4085
70 0.6367 0.5236 0.5235 0.5593 0.4449 0.4453 0.5593 0.4448 0.4449
354 0.5915 0.4936 0.4937 0.5148 0.4162 0.4166 0.5148 0.4162 0.4167
119 0.5636 0.4985 0.4989 0.4937 0.4275 0.4284 0.4937 0.4278 0.4282
138 0.5355 0.4517 0.4512 0.4809 0.3974 0.3974 0.4813 0.3972 0.3973
239 0.5822 0.4985 0.4982 0.5112 0.4268 0.4265 0.5112 0.4262 0.4268
371 0.5747 0.4782 0.4783 0.5046 0.4084 0.4081 0.5045 0.4083 0.4082
254 0.5699 0.4735 0.4735 0.4925 0.3961 0.3962 0.4925 0.3961 0.3962
436 0.5697 0.4991 0.4993 0.4906 0.4205 0.4211 0.4908 0.4209 0.4211
38 0.5715 0.5055 0.5055 0.4941 0.4278 0.4276 0.4943 0.4279 0.4279
169 0.5736 0.4739 0.4756 0.5037 0.4046 0.4051 0.5044 0.4046 0.4046
303 0.5411 0.4681 0.4681 0.4805 0.4081 0.4081 0.4805 0.408 0.4079
500 0.587 0.5104 0.5104 0.5076 0.4303 0.4303 0.5075 0.4305 0.4301
531 0.6307 0.5394 0.5385 0.5504 0.4604 0.4602 0.5513 0.4604 0.4604
337 0.562 0.458 0.4581 0.5082 0.4052 0.405 0.5081 0.4053 0.4063
388 0.5606 0.4835 0.4834 0.5064 0.4288 0.4288 0.5064 0.4286 0.4296
437 0.6165 0.529 0.5295 0.5446 0.4567 0.4567 0.5446 0.4567 0.4566
268 0.5713 0.4756 0.4755 0.5059 0.4105 0.4105 0.5061 0.411 0.4113
151 0.583 0.4963 0.4965 0.5091 0.4225 0.4226 0.5092 0.4224 0.4223
139 0.5673 0.4881 0.4882 0.4976 0.4187 0.4189 0.4976 0.4189 0.4192
513 0.612 0.519 0.519 0.5372 0.4438 0.4438 0.5372 0.4438 0.4435
287 0.606 0.494 0.4935 0.5107 0.3982 0.398 0.512 0.3984 0.3997
454 0.5797 0.4724 0.4724 0.5052 0.3975 0.3979 0.5051 0.3978 0.3973
120 0.5513 0.476 0.476 0.4806 0.4045 0.4048 0.4806 0.4045 0.4046
469 0.611 0.4977 0.4979 0.535 0.4227 0.423 0.535 0.4227 0.4219
39 0.5719 0.4935 0.4935 0.4974 0.4204 0.4208 0.4974 0.4204 0.4205
186 0.5835 0.4946 0.4949 0.5175 0.4284 0.4282 0.5175 0.4288 0.4284
255 0.5755 0.4812 0.4811 0.5086 0.4144 0.4147 0.5087 0.4144 0.4143
90 0.6655 0.5316 0.5316 0.5862 0.4532 0.4531 0.5861 0.4532 0.4538
204 0.5662 0.4957 0.4959 0.4961 0.4263 0.4263 0.4962 0.4268 0.4265
56 0.5568 0.4601 0.4602 0.4975 0.4009 0.4007 0.4976 0.4019 0.4007
22 0.5339 0.4781 0.4781 0.4643 0.4075 0.4074 0.4643 0.4073 0.4077
355 0.5611 0.4961 0.4961 0.506 0.4407 0.441 0.506 0.4408 0.4407
269 0.6046 0.5054 0.5055 0.5373 0.4378 0.4379 0.5373 0.4378 0.4379
304 0.5709 0.4928 0.4927 0.4868 0.4086 0.4086 0.486 0.4088 0.4087
438 0.5226 0.4519 0.4538 0.452 0.3807 0.3808 0.452 0.3807 0.3804
420 0.5932 0.5112 0.5114 0.51 0.4289 0.4294 0.5096 0.4298 0.4289
470 0.589 0.4874 0.4876 0.5162 0.4148 0.4152 0.5162 0.4149 0.4154
71 0.5726 0.4818 0.4825 0.495 0.4038 0.405 0.4946 0.4038 0.404
501 0.5299 0.466 0.466 0.4782 0.4139 0.4138 0.4781 0.4144 0.4145
40 0.558 0.4851 0.4851 0.4904 0.4184 0.4186 0.4904 0.4184 0.4184
338 0.5829 0.4908 0.4907 0.5139 0.4216 0.4208 0.514 0.4217 0.4217
152 0.522 0.472 0.4716 0.434 0.3839 0.3842 0.4342 0.384 0.3839
121 0.5824 0.4903 0.4909 0.5191 0.4262 0.4266 0.5196 0.4262 0.4274
57 0.5406 0.458 0.4581 0.4622 0.3807 0.3809 0.4622 0.3812 0.381
305 0.584 0.5038 0.5038 0.5071 0.4269 0.4269 0.5071 0.4268 0.4272
319 0.5824 0.4924 0.4925 0.4968 0.4067 0.4067 0.4968 0.4077 0.4071
288 0.6102 0.5074 0.5075 0.5166 0.4139 0.4144 0.5169 0.4129 0.4133
23 0.5457 0.4875 0.4874 0.4722 0.4143 0.415 0.4722 0.4143 0.415
532 0.5782 0.4888 0.489 0.5027 0.4145 0.4147 0.503 0.4145 0.4141
471 0.5585 0.4758 0.4766 0.4792 0.3961 0.3958 0.4795 0.396 0.3957
270 0.5113 0.4463 0.4464 0.4568 0.392 0.392 0.4566 0.392 0.3919
187 0.6357 0.521 0.5213 0.5609 0.4459 0.4459 0.5609 0.4463 0.4458
170 0.5406 0.4725 0.4728 0.4897 0.4215 0.4216 0.4896 0.4214 0.4208
421 0.5813 0.4989 0.499 0.5027 0.4216 0.4221 0.5032 0.4216 0.4219
72 0.5275 0.4575 0.457 0.4712 0.4012 0.4013 0.4712 0.401 0.4013
122 0.5414 0.4694 0.4694 0.4731 0.4007 0.4008 0.4731 0.4019 0.4019
289 0.5548 0.4594 0.4593 0.4803 0.3841 0.3842 0.4802 0.3843 0.3843
205 0.5673 0.4808 0.4805 0.5068 0.4199 0.4199 0.5068 0.4198 0.4189
320 0.5916 0.4937 0.4937 0.5256 0.428 0.4279 0.5256 0.428 0.4279
502 0.5796 0.4919 0.4919 0.5148 0.4273 0.4275 0.5148 0.4279 0.4279
153 0.6208 0.5513 0.5519 0.5231 0.4535 0.453 0.5231 0.4535 0.4534
24 0.5591 0.4812 0.4813 0.4782 0.4007 0.4014 0.4782 0.4008 0.4008
171 0.5512 0.4732 0.4734 0.4896 0.4124 0.4129 0.4896 0.4124 0.4124
271 0.5545 0.4904 0.4903 0.472 0.4078 0.4079 0.472 0.4078 0.4075
533 0.5337 0.4514 0.4515 0.4814 0.3996 0.3996 0.4814 0.3992 0.3992
154 0.6455 0.5542 0.5544 0.5615 0.4699 0.4699 0.5615 0.4699 0.4699
123 0.6024 0.5068 0.5067 0.5303 0.435 0.4349 0.5312 0.436 0.4354
503 0.5711 0.4882 0.4885 0.4981 0.4175 0.4177 0.4981 0.4177 0.4178
272 0.6119 0.5158 0.5157 0.5437 0.4465 0.4467 0.5437 0.4465 0.4467
321 0.543 0.4558 0.4557 0.4668 0.3789 0.3789 0.4666 0.3789 0.3785
172 0.5508 0.4723 0.4726 0.4796 0.3999 0.3998 0.4796 0.4 0.4002
514 0.5946 0.5037 0.5038 0.5052 0.4138 0.4146 0.5052 0.415 0.4133
206 0.5108 0.4519 0.4518 0.4424 0.3835 0.3837 0.4424 0.3836 0.3827
188 0.595 0.4886 0.4886 0.5334 0.4277 0.4273 0.5333 0.4278 0.4274
73 0.5378 0.4644 0.4636 0.4793 0.4055 0.4053 0.4795 0.4059 0.4056
534 0.6076 0.526 0.5257 0.4994 0.4182 0.4179 0.4994 0.4182 0.4182
155 0.5504 0.4717 0.4723 0.4831 0.4055 0.4053 0.483 0.4054 0.4062
504 0.5227 0.4532 0.4536 0.4628 0.3923 0.3922 0.4628 0.3928 0.3931
515 0.5506 0.4896 0.4893 0.4767 0.4156 0.4152 0.4767 0.4171 0.4156
189 0.5209 0.4446 0.4446 0.4688 0.393 0.3928 0.4688 0.3929 0.3927
156 0.5556 0.4588 0.4589 0.5058 0.4086 0.4088 0.5058 0.4087 0.4086
322 0.6064 0.5102 0.51 0.5288 0.4323 0.4325 0.5288 0.4323 0.4321
173 0.5914 0.504 0.5041 0.5178 0.43 0.4303 0.5179 0.4297 0.4296
535 0.6775 0.5575 0.558 0.5883 0.4665 0.4672 0.5883 0.4666 0.4667
516 0.5854 0.4929 0.4929 0.5151 0.4218 0.4218 0.5151 0.4226 0.4216
536 0.5701 0.4853 0.4853 0.5002 0.4146 0.4151 0.5002 0.4144 0.4146
517 0.6022 0.5246 0.5251 0.5202 0.4415 0.4413 0.5202 0.442 0.442
537 0.5728 0.4904 0.4904 0.4918 0.4088 0.409 0.4916 0.4097 0.4101
518 0.6225 0.5098 0.5098 0.5686 0.4563 0.4564 0.5686 0.4563 0.456
519 0.5607 0.4882 0.4881 0.4821 0.4096 0.4096 0.4821 0.4096 0.4096
520 0.599 0.5018 0.5018 0.5261 0.428 0.428 0.5261 0.4279 0.4283
